Timestamp,MMSI,Latitude,Longitude,Speed,Course-sin,Course-cos,Length,Width,Vesseltype,Distance,Timestamp,MMSI,Latitude,Longitude,Speed,Course-sin,Course-cos,Length,Width,Vesseltype,Distance,Timestamp,MMSI,Latitude,Longitude,Speed,Course-sin,Course-cos,Length,Width,Vesseltype,Distance,WindDirection,WindSpeed,Visibility
1627314436.0,366975760.0,37.819482,-122.473603,9.150708,0.979716,0.200393,60.0,25.0,9.0,1.0,1627314436.0,367008020.0,37.79747,-122.51984,6.483884,0.908514,0.417854,31.0,30.0,9.0,1.0,1627314436.0,367145450.0,37.822891,-122.441255,9.136805,-0.852606,0.522555,60.0,16.0,9.0,1.0,332.8666666666667,5.904444444444445,10.0
1627314437.0,366975760.0,37.81949,-122.473551,9.149455,0.979528,0.201307,60.0,25.0,9.0,0.9983,1627314437.0,367008020.0,37.797483,-122.519806,6.481229,0.908086,0.418784,31.0,30.0,9.0,0.998052,1627314437.0,367145450.0,37.822914,-122.441301,9.131375,-0.852056,0.52345,60.0,16.0,9.0,0.997671,332.8583333333333,5.904722222222222,10.0
1627314438.0,366975760.0,37.819499,-122.473498,9.148526,0.979356,0.202141,60.0,25.0,9.0,0.996601,1627314438.0,367008020.0,37.797495,-122.519771,6.478603,0.907658,0.41971,31.0,30.0,9.0,0.996104,1627314438.0,367145450.0,37.822936,-122.441346,9.126016,-0.851511,0.524336,60.0,16.0,9.0,0.995345,332.85,5.905,10.0
1627314439.0,366975760.0,37.819507,-122.473446,9.147919,0.9792,0.202896,60.0,25.0,9.0,0.994901,1627314439.0,367008020.0,37.797508,-122.519737,6.476005,0.90723,0.420635,31.0,30.0,9.0,0.994158,1627314439.0,367145450.0,37.822958,-122.441392,9.120727,-0.850971,0.525213,60.0,16.0,9.0,0.99302,332.8416666666667,5.905277777777778,10.0
1627314440.0,366975760.0,37.819516,-122.473394,9.147633,0.97906,0.203571,60.0,25.0,9.0,0.993202,1627314440.0,367008020.0,37.79752,-122.519702,6.473435,0.906802,0.421557,31.0,30.0,9.0,0.992212,1627314440.0,367145450.0,37.82298,-122.441437,9.11551,-0.850435,0.526081,60.0,16.0,9.0,0.990698,332.8333333333333,5.905555555555556,10.0
1627314441.0,366975760.0,37.819525,-122.473341,9.147665,0.978936,0.204166,60.0,25.0,9.0,0.991503,1627314441.0,367008020.0,37.797533,-122.519668,6.470894,0.906374,0.422476,31.0,30.0,9.0,0.990268,1627314441.0,367145450.0,37.823002,-122.441482,9.110363,-0.849903,0.526939,60.0,16.0,9.0,0.988378,332.825,5.905833333333334,10.0
1627314442.0,366975760.0,37.819533,-122.473289,9.148016,0.978829,0.204681,60.0,25.0,9.0,0.989805,1627314442.0,367008020.0,37.797546,-122.519634,6.468381,0.905946,0.423393,31.0,30.0,9.0,0.988324,1627314442.0,367145450.0,37.823024,-122.441528,9.105285,-0.849377,0.527787,60.0,16.0,9.0,0.986061,332.81666666666666,5.906111111111111,10.0
1627314443.0,366975760.0,37.819542,-122.473236,9.148682,0.978738,0.205117,60.0,25.0,9.0,0.988106,1627314443.0,367008020.0,37.797558,-122.519599,6.465896,0.905518,0.424307,31.0,30.0,9.0,0.986381,1627314443.0,367145450.0,37.823047,-122.441573,9.100278,-0.848855,0.528626,60.0,16.0,9.0,0.983745,332.80833333333334,5.906388888888889,10.0
1627314444.0,366975760.0,37.819551,-122.473184,9.149664,0.978663,0.205472,60.0,25.0,9.0,0.986407,1627314444.0,367008020.0,37.797571,-122.519565,6.46344,0.90509,0.425219,31.0,30.0,9.0,0.98444,1627314444.0,367145450.0,37.823069,-122.441618,9.09534,-0.848338,0.529456,60.0,16.0,9.0,0.981432,332.8,5.906666666666666,10.0
1627314445.0,366975760.0,37.819559,-122.473131,9.15096,0.978605,0.205748,60.0,25.0,9.0,0.984707,1627314445.0,367008020.0,37.797584,-122.519531,6.461011,0.904663,0.426128,31.0,30.0,9.0,0.982499,1627314445.0,367145450.0,37.823091,-122.441664,9.090471,-0.847825,0.530276,60.0,16.0,9.0,0.979121,332.7916666666667,5.906944444444444,10.0
1627314446.0,366975760.0,37.819568,-122.473079,9.152571,0.978564,0.205944,60.0,25.0,9.0,0.983008,1627314446.0,367008020.0,37.797596,-122.519496,6.45861,0.904235,0.427035,31.0,30.0,9.0,0.980559,1627314446.0,367145450.0,37.823113,-122.441709,9.085672,-0.847318,0.531087,60.0,16.0,9.0,0.976812,332.78333333333336,5.907222222222222,10.0
1627314447.0,366975760.0,37.819577,-122.473026,9.154495,0.978539,0.20606,60.0,25.0,9.0,0.981308,1627314447.0,367008020.0,37.797609,-122.519462,6.456238,0.903808,0.427938,31.0,30.0,9.0,0.97862,1627314447.0,367145450.0,37.823136,-122.441754,9.08094,-0.846815,0.531888,60.0,16.0,9.0,0.974504,332.775,5.9075,10.0
1627314448.0,366975760.0,37.819585,-122.472974,9.156732,0.978532,0.206096,60.0,25.0,9.0,0.979609,1627314448.0,367008020.0,37.797622,-122.519428,6.453893,0.903381,0.42884,31.0,30.0,9.0,0.976682,1627314448.0,367145450.0,37.823158,-122.441799,9.076277,-0.846317,0.53268,60.0,16.0,9.0,0.972199,332.76666666666665,5.907777777777778,10.0
1627314449.0,366975760.0,37.819594,-122.472921,9.159282,0.978541,0.206052,60.0,25.0,9.0,0.977908,1627314449.0,367008020.0,37.797635,-122.519394,6.451576,0.902953,0.429738,31.0,30.0,9.0,0.974744,1627314449.0,367145450.0,37.82318,-122.441844,9.071682,-0.845824,0.533462,60.0,16.0,9.0,0.969897,332.7583333333333,5.908055555555555,10.0
1627314450.0,366975760.0,37.819603,-122.472869,9.162145,0.978567,0.205929,60.0,25.0,9.0,0.976207,1627314450.0,367008020.0,37.797648,-122.51936,6.449287,0.902527,0.430634,31.0,30.0,9.0,0.972808,1627314450.0,367145450.0,37.823203,-122.441889,9.067155,-0.845336,0.534234,60.0,16.0,9.0,0.967596,332.75,5.908333333333333,10.0
1627314451.0,366975760.0,37.819612,-122.472816,9.165322,0.97861,0.205726,60.0,25.0,9.0,0.974506,1627314451.0,367008020.0,37.79766,-122.519326,6.447026,0.9021,0.431528,31.0,30.0,9.0,0.970872,1627314451.0,367145450.0,37.823225,-122.441934,9.062695,-0.844854,0.534997,60.0,16.0,9.0,0.965297,332.7416666666667,5.908611111111111,10.0
1627314452.0,366975760.0,37.81962,-122.472764,9.168813,0.978669,0.205444,60.0,25.0,9.0,0.972804,1627314452.0,367008020.0,37.797673,-122.519292,6.444792,0.901673,0.432418,31.0,30.0,9.0,0.968937,1627314452.0,367145450.0,37.823248,-122.441979,9.058302,-0.844376,0.535751,60.0,16.0,9.0,0.963,332.7333333333333,5.908888888888889,10.0
1627314453.0,366975760.0,37.819629,-122.472711,9.172619,0.978745,0.205083,60.0,25.0,9.0,0.971101,1627314453.0,367008020.0,37.797686,-122.519258,6.442586,0.901247,0.433306,31.0,30.0,9.0,0.967004,1627314453.0,367145450.0,37.82327,-122.442023,9.053977,-0.843904,0.536495,60.0,16.0,9.0,0.960705,332.725,5.909166666666667,10.0
1627314454.0,366975760.0,37.819638,-122.472659,9.17674,0.978837,0.204642,60.0,25.0,9.0,0.969398,1627314454.0,367008020.0,37.797699,-122.519224,6.440408,0.900821,0.434192,31.0,30.0,9.0,0.96507,1627314454.0,367145450.0,37.823293,-122.442068,9.049718,-0.843437,0.537229,60.0,16.0,9.0,0.958411,332.7166666666667,5.9094444444444445,10.0
1627314455.0,366975760.0,37.819646,-122.472606,9.181177,0.978945,0.204122,60.0,25.0,9.0,0.967694,1627314455.0,367008020.0,37.797712,-122.51919,6.438257,0.900395,0.435074,31.0,30.0,9.0,0.963138,1627314455.0,367145450.0,37.823315,-122.442113,9.045525,-0.842975,0.537953,60.0,16.0,9.0,0.95612,332.7083333333333,5.909722222222222,10.0
1627314456.0,366975760.0,37.819655,-122.472554,9.185932,0.97907,0.203523,60.0,25.0,9.0,0.965988,1627314456.0,367008020.0,37.797725,-122.519156,6.436134,0.899969,0.435954,31.0,30.0,9.0,0.961207,1627314456.0,367145450.0,37.823338,-122.442157,9.041398,-0.842518,0.538668,60.0,16.0,9.0,0.953831,332.7,5.91,10.0
1627314457.0,366975760.0,37.819664,-122.472501,9.191006,0.979211,0.202845,60.0,25.0,9.0,0.964282,1627314457.0,367008020.0,37.797738,-122.519122,6.434038,0.899543,0.436831,31.0,30.0,9.0,0.959276,1627314457.0,367145450.0,37.82336,-122.442202,9.037337,-0.842066,0.539374,60.0,16.0,9.0,0.951543,332.69166666666666,5.910277777777778,10.0
1627314458.0,366975760.0,37.819672,-122.472448,9.196401,0.979367,0.202089,60.0,25.0,9.0,0.962575,1627314458.0,367008020.0,37.797751,-122.519088,6.431969,0.899118,0.437706,31.0,30.0,9.0,0.957346,1627314458.0,367145450.0,37.823383,-122.442247,9.033342,-0.84162,0.540069,60.0,16.0,9.0,0.949258,332.68333333333334,5.910555555555556,10.0
1627314459.0,366975760.0,37.819681,-122.472395,9.202118,0.979539,0.201254,60.0,25.0,9.0,0.960867,1627314459.0,367008020.0,37.797764,-122.519054,6.429928,0.898693,0.438577,31.0,30.0,9.0,0.955417,1627314459.0,367145450.0,37.823405,-122.442291,9.029412,-0.84118,0.540755,60.0,16.0,9.0,0.946974,332.675,5.910833333333334,10.0
1627314460.0,366975760.0,37.81969,-122.472343,9.208158,0.979726,0.200341,60.0,25.0,9.0,0.959158,1627314460.0,367008020.0,37.797777,-122.51902,6.427914,0.898269,0.439446,31.0,30.0,9.0,0.953489,1627314460.0,367145450.0,37.823428,-122.442336,9.025547,-0.840745,0.541432,60.0,16.0,9.0,0.944692,332.6666666666667,5.911111111111111,10.0
1627314461.0,366975760.0,37.819698,-122.47229,9.214526,0.979928,0.199349,60.0,25.0,9.0,0.957448,1627314461.0,367008020.0,37.79779,-122.518986,6.425927,0.897845,0.440312,31.0,30.0,9.0,0.951562,1627314461.0,367145450.0,37.823451,-122.44238,9.021747,-0.840315,0.542098,60.0,16.0,9.0,0.942412,332.65833333333336,5.911388888888889,10.0
1627314462.0,366975760.0,37.819707,-122.472237,9.221221,0.980145,0.19828,60.0,25.0,9.0,0.955736,1627314462.0,367008020.0,37.797803,-122.518953,6.423967,0.897421,0.441176,31.0,30.0,9.0,0.949635,1627314462.0,367145450.0,37.823473,-122.442424,9.018011,-0.839891,0.542755,60.0,16.0,9.0,0.940133,332.65,5.911666666666667,10.0
1627314463.0,366975760.0,37.819715,-122.472184,9.228248,0.980377,0.197133,60.0,25.0,9.0,0.954023,1627314463.0,367008020.0,37.797816,-122.518919,6.422035,0.896997,0.442037,31.0,30.0,9.0,0.947709,1627314463.0,367145450.0,37.823496,-122.442469,9.01434,-0.839472,0.543402,60.0,16.0,9.0,0.937857,332.64166666666665,5.911944444444444,10.0
1627314464.0,366975760.0,37.819723,-122.472131,9.235608,0.980622,0.195909,60.0,25.0,9.0,0.952308,1627314464.0,367008020.0,37.797829,-122.518885,6.420129,0.896574,0.442894,31.0,30.0,9.0,0.945784,1627314464.0,367145450.0,37.823518,-122.442513,9.010733,-0.839059,0.54404,60.0,16.0,9.0,0.935582,332.6333333333333,5.912222222222223,10.0
1627314465.0,366975760.0,37.819732,-122.472078,9.243304,0.980881,0.194608,60.0,25.0,9.0,0.950593,1627314465.0,367008020.0,37.797843,-122.518852,6.418251,0.896151,0.443749,31.0,30.0,9.0,0.94386,1627314465.0,367145450.0,37.823541,-122.442557,9.00719,-0.838652,0.544668,60.0,16.0,9.0,0.933308,332.625,5.9125,10.0
1627314466.0,366975760.0,37.81974,-122.472025,9.251339,0.981153,0.19323,60.0,25.0,9.0,0.948875,1627314466.0,367008020.0,37.797856,-122.518818,6.416399,0.895728,0.444602,31.0,30.0,9.0,0.941936,1627314466.0,367145450.0,37.823564,-122.442602,9.00371,-0.83825,0.545286,60.0,16.0,9.0,0.931037,332.6166666666667,5.9127777777777775,10.0
1627314467.0,366975760.0,37.819748,-122.471972,9.259716,0.981439,0.191775,60.0,25.0,9.0,0.947156,1627314467.0,367008020.0,37.797869,-122.518784,6.414575,0.895306,0.445451,31.0,30.0,9.0,0.940013,1627314467.0,367145450.0,37.823587,-122.442646,9.000294,-0.837854,0.545894,60.0,16.0,9.0,0.928767,332.6083333333333,5.913055555555555,10.0
1627314468.0,366975760.0,37.819757,-122.471918,9.268439,0.981737,0.190244,60.0,25.0,9.0,0.945435,1627314468.0,367008020.0,37.797882,-122.518751,6.412777,0.894885,0.446298,31.0,30.0,9.0,0.938091,1627314468.0,367145450.0,37.823609,-122.44269,8.996941,-0.837464,0.546492,60.0,16.0,9.0,0.926498,332.6,5.913333333333333,10.0
1627314469.0,366975760.0,37.819765,-122.471865,9.277511,0.982047,0.188638,60.0,25.0,9.0,0.943713,1627314469.0,367008020.0,37.797895,-122.518717,6.411006,0.894463,0.447141,31.0,30.0,9.0,0.93617,1627314469.0,367145450.0,37.823632,-122.442734,8.99365,-0.83708,0.547081,60.0,16.0,9.0,0.924232,332.5916666666667,5.913611111111111,10.0
1627314470.0,366975760.0,37.819773,-122.471812,9.286935,0.982368,0.186955,60.0,25.0,9.0,0.941989,1627314470.0,367008020.0,37.797909,-122.518683,6.409262,0.894042,0.447982,31.0,30.0,9.0,0.934249,1627314470.0,367145450.0,37.823655,-122.442778,8.990423,-0.836701,0.54766,60.0,16.0,9.0,0.921966,332.5833333333333,5.913888888888889,10.0
1627314471.0,366975760.0,37.819781,-122.471758,9.296715,0.982701,0.185197,60.0,25.0,9.0,0.940263,1627314471.0,367008020.0,37.797922,-122.51865,6.407544,0.893622,0.448821,31.0,30.0,9.0,0.932329,1627314471.0,367145450.0,37.823678,-122.442822,8.987258,-0.836329,0.548229,60.0,16.0,9.0,0.919703,332.575,5.914166666666667,10.0
1627314472.0,366975760.0,37.819789,-122.471705,9.306855,0.983045,0.183365,60.0,25.0,9.0,0.938535,1627314472.0,367008020.0,37.797935,-122.518616,6.405853,0.893202,0.449656,31.0,30.0,9.0,0.93041,1627314472.0,367145450.0,37.8237,-122.442866,8.984155,-0.835962,0.548788,60.0,16.0,9.0,0.917441,332.56666666666666,5.914444444444444,10.0
1627314473.0,366975760.0,37.819797,-122.471651,9.317359,0.983399,0.181457,60.0,25.0,9.0,0.936805,1627314473.0,367008020.0,37.797949,-122.518583,6.404188,0.892782,0.450488,31.0,30.0,9.0,0.928491,1627314473.0,367145450.0,37.823723,-122.44291,8.981115,-0.835601,0.549337,60.0,16.0,9.0,0.91518,332.55833333333334,5.914722222222222,10.0
1627314474.0,366975760.0,37.819805,-122.471598,9.328232,0.983762,0.179476,60.0,25.0,9.0,0.935073,1627314474.0,367008020.0,37.797962,-122.518549,6.40255,0.892363,0.451318,31.0,30.0,9.0,0.926573,1627314474.0,367145450.0,37.823746,-122.442954,8.978136,-0.835246,0.549877,60.0,16.0,9.0,0.912921,332.55,5.915,10.0
1627314475.0,366975760.0,37.819812,-122.471544,9.339476,0.984135,0.177421,60.0,25.0,9.0,0.933339,1627314475.0,367008020.0,37.797975,-122.518516,6.400939,0.891945,0.452144,31.0,30.0,9.0,0.924656,1627314475.0,367145450.0,37.823769,-122.442998,8.975219,-0.834897,0.550406,60.0,16.0,9.0,0.910664,332.5416666666667,5.915277777777778,10.0
1627314476.0,366975760.0,37.81982,-122.47149,9.351006,0.984513,0.175314,60.0,25.0,9.0,0.931603,1627314476.0,367008020.0,37.797989,-122.518482,6.399354,0.891527,0.452968,31.0,30.0,9.0,0.92274,1627314476.0,367145450.0,37.823792,-122.443042,8.972363,-0.834554,0.550926,60.0,16.0,9.0,0.908408,332.53333333333336,5.915555555555556,10.0
1627314477.0,366975760.0,37.819828,-122.471436,9.362449,0.984879,0.173241,60.0,25.0,9.0,0.929864,1627314477.0,367008020.0,37.798002,-122.518449,6.397795,0.891109,0.453789,31.0,30.0,9.0,0.920824,1627314477.0,367145450.0,37.823815,-122.443086,8.969569,-0.834217,0.551436,60.0,16.0,9.0,0.906153,332.525,5.9158333333333335,10.0
1627314478.0,366975760.0,37.819835,-122.471382,9.373713,0.985232,0.171222,60.0,25.0,9.0,0.928123,1627314478.0,367008020.0,37.798016,-122.518416,6.396262,0.890692,0.454606,31.0,30.0,9.0,0.918909,1627314478.0,367145450.0,37.823837,-122.44313,8.966835,-0.833886,0.551936,60.0,16.0,9.0,0.9039,332.51666666666665,5.916111111111111,10.0
1627314479.0,366975760.0,37.819843,-122.471328,9.384792,0.985572,0.169259,60.0,25.0,9.0,0.92638,1627314479.0,367008020.0,37.798029,-122.518382,6.394756,0.890276,0.455421,31.0,30.0,9.0,0.916994,1627314479.0,367145450.0,37.82386,-122.443174,8.964163,-0.833562,0.552427,60.0,16.0,9.0,0.901648,332.5083333333333,5.916388888888889,10.0
1627314480.0,366975760.0,37.81985,-122.471274,9.395685,0.985898,0.167349,60.0,25.0,9.0,0.924635,1627314480.0,367008020.0,37.798042,-122.518349,6.393276,0.88986,0.456233,31.0,30.0,9.0,0.91508,1627314480.0,367145450.0,37.823883,-122.443217,8.961551,-0.833243,0.552907,60.0,16.0,9.0,0.899398,332.5,5.916666666666667,10.0
1627314481.0,366975760.0,37.819857,-122.47122,9.406388,0.986211,0.165494,60.0,25.0,9.0,0.922888,1627314481.0,367008020.0,37.798056,-122.518316,6.391822,0.889445,0.457042,31.0,30.0,9.0,0.913167,1627314481.0,367145450.0,37.823906,-122.443261,8.959,-0.832931,0.553378,60.0,16.0,9.0,0.897148,332.4916666666667,5.916944444444445,10.0
1627314482.0,366975760.0,37.819864,-122.471165,9.416898,0.986512,0.163692,60.0,25.0,9.0,0.921139,1627314482.0,367008020.0,37.798069,-122.518282,6.390394,0.88903,0.457849,31.0,30.0,9.0,0.911254,1627314482.0,367145450.0,37.823929,-122.443305,8.956509,-0.832624,0.553838,60.0,16.0,9.0,0.894901,332.4833333333333,5.917222222222223,10.0
1627314483.0,366975760.0,37.819871,-122.471111,9.427213,0.9868,0.161944,60.0,25.0,9.0,0.919388,1627314483.0,367008020.0,37.798083,-122.518249,6.388992,0.888616,0.458652,31.0,30.0,9.0,0.909342,1627314483.0,367145450.0,37.823952,-122.443348,8.954078,-0.832324,0.554289,60.0,16.0,9.0,0.892654,332.475,5.9175,10.0
1627314484.0,366975760.0,37.819879,-122.471056,9.437331,0.987077,0.160249,60.0,25.0,9.0,0.917635,1627314484.0,367008020.0,37.798097,-122.518216,6.387616,0.888203,0.459452,31.0,30.0,9.0,0.90743,1627314484.0,367145450.0,37.823975,-122.443392,8.951708,-0.832031,0.55473,60.0,16.0,9.0,0.890409,332.4666666666667,5.917777777777777,10.0
1627314485.0,366975760.0,37.819886,-122.471002,9.447248,0.987342,0.158607,60.0,25.0,9.0,0.91588,1627314485.0,367008020.0,37.79811,-122.518183,6.386266,0.88779,0.460249,31.0,30.0,9.0,0.90552,1627314485.0,367145450.0,37.823998,-122.443436,8.949397,-0.831743,0.555161,60.0,16.0,9.0,0.888165,332.4583333333333,5.918055555555555,10.0
1627314486.0,366975760.0,37.819892,-122.470947,9.456962,0.987596,0.157018,60.0,25.0,9.0,0.914124,1627314486.0,367008020.0,37.798124,-122.518149,6.384942,0.887378,0.461043,31.0,30.0,9.0,0.903609,1627314486.0,367145450.0,37.824021,-122.443479,8.947145,-0.831462,0.555582,60.0,16.0,9.0,0.885923,332.45,5.918333333333333,10.0
1627314487.0,366975760.0,37.819899,-122.470892,9.46647,0.987839,0.155482,60.0,25.0,9.0,0.912365,1627314487.0,367008020.0,37.798137,-122.518116,6.383643,0.886966,0.461835,31.0,30.0,9.0,0.9017,1627314487.0,367145450.0,37.824044,-122.443523,8.944953,-0.831187,0.555993,60.0,16.0,9.0,0.883681,332.44166666666666,5.918611111111111,10.0
1627314488.0,366975760.0,37.819906,-122.470838,9.475772,0.988071,0.153998,60.0,25.0,9.0,0.910605,1627314488.0,367008020.0,37.798151,-122.518083,6.382371,0.886555,0.462623,31.0,30.0,9.0,0.899791,1627314488.0,367145450.0,37.824067,-122.443566,8.942821,-0.830919,0.556394,60.0,16.0,9.0,0.881441,332.43333333333334,5.918888888888889,10.0
1627314489.0,366975760.0,37.819913,-122.470783,9.484863,0.988293,0.152567,60.0,25.0,9.0,0.908843,1627314489.0,367008020.0,37.798165,-122.51805,6.381124,0.886145,0.463408,31.0,30.0,9.0,0.897882,1627314489.0,367145450.0,37.82409,-122.44361,8.940747,-0.830657,0.556785,60.0,16.0,9.0,0.879202,332.425,5.9191666666666665,10.0
1627314490.0,366975760.0,37.81992,-122.470728,9.493742,0.988505,0.151187,60.0,25.0,9.0,0.907079,1627314490.0,367008020.0,37.798178,-122.518017,6.379903,0.885735,0.46419,31.0,30.0,9.0,0.895974,1627314490.0,367145450.0,37.824113,-122.443653,8.938733,-0.830401,0.557166,60.0,16.0,9.0,0.876964,332.4166666666667,5.919444444444444,10.0
1627314491.0,366975760.0,37.819926,-122.470673,9.502408,0.988707,0.14986,60.0,25.0,9.0,0.905314,1627314491.0,367008020.0,37.798192,-122.517984,6.378707,0.885327,0.46497,31.0,30.0,9.0,0.894067,1627314491.0,367145450.0,37.824136,-122.443697,8.936778,-0.830152,0.557537,60.0,16.0,9.0,0.874727,332.40833333333336,5.919722222222222,10.0
1627314492.0,366975760.0,37.819933,-122.470618,9.510857,0.9889,0.148583,60.0,25.0,9.0,0.903547,1627314492.0,367008020.0,37.798206,-122.517951,6.377537,0.884918,0.465746,31.0,30.0,9.0,0.89216,1627314492.0,367145450.0,37.824159,-122.44374,8.934881,-0.829909,0.557899,60.0,16.0,9.0,0.872492,332.4,5.92,10.0
1627314493.0,366975760.0,37.819939,-122.470563,9.519089,0.989083,0.147359,60.0,25.0,9.0,0.901779,1627314493.0,367008020.0,37.79822,-122.517918,6.376392,0.884511,0.466519,31.0,30.0,9.0,0.890254,1627314493.0,367145450.0,37.824182,-122.443784,8.933043,-0.829673,0.55825,60.0,16.0,9.0,0.870257,332.39166666666665,5.920277777777778,10.0
1627314494.0,366975760.0,37.819946,-122.470508,9.527101,0.989257,0.146185,60.0,25.0,9.0,0.900009,1627314494.0,367008020.0,37.798233,-122.517885,6.375273,0.884104,0.467289,31.0,30.0,9.0,0.888348,1627314494.0,367145450.0,37.824205,-122.443827,8.931263,-0.829443,0.558592,60.0,16.0,9.0,0.868024,332.3833333333333,5.920555555555556,10.0
1627314495.0,366975760.0,37.819952,-122.470453,9.534892,0.989423,0.145062,60.0,25.0,9.0,0.898237,1627314495.0,367008020.0,37.798247,-122.517852,6.374179,0.883699,0.468056,31.0,30.0,9.0,0.886443,1627314495.0,367145450.0,37.824228,-122.443871,8.929542,-0.829219,0.558923,60.0,16.0,9.0,0.865791,332.375,5.920833333333333,10.0
1627314496.0,366975760.0,37.819959,-122.470397,9.54246,0.989579,0.143991,60.0,25.0,9.0,0.896464,1627314496.0,367008020.0,37.798261,-122.517819,6.37311,0.883293,0.46882,31.0,30.0,9.0,0.884538,1627314496.0,367145450.0,37.824251,-122.443914,8.927879,-0.829003,0.559245,60.0,16.0,9.0,0.86356,332.3666666666667,5.921111111111111,10.0
1627314497.0,366975760.0,37.819965,-122.470342,9.549803,0.989727,0.142969,60.0,25.0,9.0,0.89469,1627314497.0,367008020.0,37.798275,-122.517786,6.372067,0.882889,0.469581,31.0,30.0,9.0,0.882634,1627314497.0,367145450.0,37.824275,-122.443957,8.926274,-0.828792,0.559556,60.0,16.0,9.0,0.86133,332.3583333333333,5.921388888888889,10.0
1627314498.0,366975760.0,37.819971,-122.470287,9.55692,0.989867,0.141999,60.0,25.0,9.0,0.892915,1627314498.0,367008020.0,37.798289,-122.517753,6.371049,0.882486,0.470339,31.0,30.0,9.0,0.88073,1627314498.0,367145450.0,37.824298,-122.444001,8.924726,-0.828589,0.559858,60.0,16.0,9.0,0.8591,332.35,5.921666666666667,10.0
1627314499.0,366975760.0,37.819978,-122.470231,9.56381,0.989998,0.141079,60.0,25.0,9.0,0.891138,1627314499.0,367008020.0,37.798302,-122.51772,6.370056,0.882083,0.471094,31.0,30.0,9.0,0.878827,1627314499.0,367145450.0,37.824321,-122.444044,8.923237,-0.828392,0.560149,60.0,16.0,9.0,0.856872,332.3416666666667,5.921944444444445,10.0
1627314500.0,366975760.0,37.819984,-122.470176,9.570471,0.990122,0.140209,60.0,25.0,9.0,0.88936,1627314500.0,367008020.0,37.798316,-122.517687,6.369088,0.881681,0.471846,31.0,30.0,9.0,0.876924,1627314500.0,367145450.0,37.824344,-122.444087,8.921806,-0.828201,0.560431,60.0,16.0,9.0,0.854644,332.3333333333333,5.922222222222223,10.0
1627314501.0,366975760.0,37.81999,-122.47012,9.576901,0.990238,0.139388,60.0,25.0,9.0,0.887581,1627314501.0,367008020.0,37.79833,-122.517654,6.368146,0.88128,0.472595,31.0,30.0,9.0,0.875022,1627314501.0,367145450.0,37.824367,-122.444131,8.920432,-0.828017,0.560702,60.0,16.0,9.0,0.852418,332.325,5.9225,10.0
1627314502.0,366975760.0,37.819996,-122.470065,9.583101,0.990346,0.138618,60.0,25.0,9.0,0.885801,1627314502.0,367008020.0,37.798344,-122.517621,6.367228,0.88088,0.47334,31.0,30.0,9.0,0.87312,1627314502.0,367145450.0,37.82439,-122.444174,8.919115,-0.82784,0.560964,60.0,16.0,9.0,0.850192,332.31666666666666,5.922777777777778,10.0
1627314503.0,366975760.0,37.820002,-122.470009,9.589068,0.990446,0.137898,60.0,25.0,9.0,0.884019,1627314503.0,367008020.0,37.798358,-122.517588,6.366335,0.88048,0.474083,31.0,30.0,9.0,0.871219,1627314503.0,367145450.0,37.824413,-122.444217,8.917856,-0.82767,0.561216,60.0,16.0,9.0,0.847967,332.30833333333334,5.923055555555555,10.0
1627314504.0,366975760.0,37.820009,-122.469954,9.594802,0.99054,0.137227,60.0,25.0,9.0,0.882237,1627314504.0,367008020.0,37.798372,-122.517556,6.365467,0.880082,0.474822,31.0,30.0,9.0,0.869318,1627314504.0,367145450.0,37.824436,-122.44426,8.916654,-0.827506,0.561457,60.0,16.0,9.0,0.845743,332.3,5.923333333333334,10.0
1627314505.0,366975760.0,37.820015,-122.469898,9.600301,0.990625,0.136606,60.0,25.0,9.0,0.880453,1627314505.0,367008020.0,37.798386,-122.517523,6.364624,0.879684,0.475559,31.0,30.0,9.0,0.867418,1627314505.0,367145450.0,37.82446,-122.444304,8.91551,-0.827349,0.561689,60.0,16.0,9.0,0.84352,332.2916666666667,5.923611111111111,10.0
1627314506.0,366975760.0,37.820021,-122.469842,9.605565,0.990704,0.136034,60.0,25.0,9.0,0.878669,1627314506.0,367008020.0,37.7984,-122.51749,6.363806,0.879287,0.476292,31.0,30.0,9.0,0.865518,1627314506.0,367145450.0,37.824483,-122.444347,8.914422,-0.827198,0.561911,60.0,16.0,9.0,0.841298,332.28333333333336,5.9238888888888885,10.0
1627314507.0,366975760.0,37.820027,-122.469786,9.610593,0.990776,0.135511,60.0,25.0,9.0,0.876883,1627314507.0,367008020.0,37.798414,-122.517457,6.363012,0.878891,0.477022,31.0,30.0,9.0,0.863619,1627314507.0,367145450.0,37.824506,-122.44439,8.913392,-0.827054,0.562122,60.0,16.0,9.0,0.839077,332.275,5.924166666666666,10.0
1627314508.0,366975760.0,37.820033,-122.469731,9.615384,0.99084,0.135038,60.0,25.0,9.0,0.875097,1627314508.0,367008020.0,37.798428,-122.517424,6.362244,0.878496,0.477749,31.0,30.0,9.0,0.86172,1627314508.0,367145450.0,37.824529,-122.444433,8.912418,-0.826917,0.562324,60.0,16.0,9.0,0.836856,332.26666666666665,5.924444444444444,10.0
1627314509.0,366975760.0,37.820039,-122.469675,9.619938,0.990898,0.134614,60.0,25.0,9.0,0.87331,1627314509.0,367008020.0,37.798442,-122.517392,6.361499,0.878102,0.478473,31.0,30.0,9.0,0.859821,1627314509.0,367145450.0,37.824552,-122.444476,8.911502,-0.826787,0.562515,60.0,16.0,9.0,0.834636,332.2583333333333,5.924722222222222,10.0
1627314510.0,366975760.0,37.820045,-122.469619,9.624253,0.990949,0.134238,60.0,25.0,9.0,0.871522,1627314510.0,367008020.0,37.798456,-122.517359,6.36078,0.877709,0.479193,31.0,30.0,9.0,0.857923,1627314510.0,367145450.0,37.824576,-122.444519,8.910642,-0.826663,0.562697,60.0,16.0,9.0,0.832417,332.25,5.925,10.0
1627314511.0,366975760.0,37.820051,-122.469563,9.62833,0.990993,0.133912,60.0,25.0,9.0,0.869733,1627314511.0,367008020.0,37.79847,-122.517326,6.360085,0.877317,0.479911,31.0,30.0,9.0,0.856025,1627314511.0,367145450.0,37.824599,-122.444563,8.909839,-0.826546,0.562868,60.0,16.0,9.0,0.830198,332.2416666666667,5.925277777777778,10.0
1627314512.0,366975760.0,37.820057,-122.469507,9.632168,0.991031,0.133634,60.0,25.0,9.0,0.867944,1627314512.0,367008020.0,37.798484,-122.517294,6.359414,0.876926,0.480625,31.0,30.0,9.0,0.854128,1627314512.0,367145450.0,37.824622,-122.444606,8.909093,-0.826436,0.56303,60.0,16.0,9.0,0.827981,332.2333333333333,5.925555555555556,10.0
1627314513.0,366975760.0,37.820063,-122.469451,9.635766,0.991062,0.133405,60.0,25.0,9.0,0.866154,1627314513.0,367008020.0,37.798499,-122.517261,6.358768,0.876536,0.481337,31.0,30.0,9.0,0.852231,1627314513.0,367145450.0,37.824645,-122.444649,8.908403,-0.826333,0.563182,60.0,16.0,9.0,0.825763,332.225,5.925833333333333,10.0
1627314514.0,366975760.0,37.820069,-122.469395,9.639124,0.991086,0.133225,60.0,25.0,9.0,0.864363,1627314514.0,367008020.0,37.798513,-122.517228,6.358146,0.876147,0.482045,31.0,30.0,9.0,0.850334,1627314514.0,367145450.0,37.824668,-122.444692,8.90777,-0.826237,0.563323,60.0,16.0,9.0,0.823547,332.2166666666667,5.926111111111111,10.0
1627314515.0,366975760.0,37.820075,-122.469339,9.642242,0.991104,0.133093,60.0,25.0,9.0,0.862572,1627314515.0,367008020.0,37.798527,-122.517196,6.357549,0.875758,0.48275,31.0,30.0,9.0,0.848438,1627314515.0,367145450.0,37.824692,-122.444735,8.907193,-0.826147,0.563455,60.0,16.0,9.0,0.821331,332.2083333333333,5.926388888888889,10.0
1627314516.0,366975760.0,37.82008,-122.469284,9.64512,0.991115,0.13301,60.0,25.0,9.0,0.86078,1627314516.0,367008020.0,37.798541,-122.517163,6.356976,0.875371,0.483451,31.0,30.0,9.0,0.846542,1627314516.0,367145450.0,37.824715,-122.444778,8.906672,-0.826064,0.563576,60.0,16.0,9.0,0.819116,332.2,5.926666666666667,10.0
1627314517.0,366975760.0,37.820086,-122.469228,9.647757,0.991119,0.132975,60.0,25.0,9.0,0.858988,1627314517.0,367008020.0,37.798555,-122.517131,6.356427,0.874985,0.48415,31.0,30.0,9.0,0.844647,1627314517.0,367145450.0,37.824738,-122.444821,8.906208,-0.825988,0.563688,60.0,16.0,9.0,0.816901,332.19166666666666,5.926944444444445,10.0
1627314518.0,366975760.0,37.820092,-122.469172,9.650154,0.991117,0.132989,60.0,25.0,9.0,0.857195,1627314518.0,367008020.0,37.79857,-122.517098,6.355902,0.8746,0.484845,31.0,30.0,9.0,0.842752,1627314518.0,367145450.0,37.824761,-122.444864,8.905801,-0.825919,0.563789,60.0,16.0,9.0,0.814687,332.18333333333334,5.927222222222222,10.0
1627314519.0,366975760.0,37.820098,-122.469116,9.65231,0.991109,0.133051,60.0,25.0,9.0,0.855402,1627314519.0,367008020.0,37.798584,-122.517066,6.355402,0.874216,0.485538,31.0,30.0,9.0,0.840857,1627314519.0,367145450.0,37.824784,-122.444907,8.905449,-0.825856,0.56388,60.0,16.0,9.0,0.812473,332.175,5.9275,10.0
1627314520.0,366975760.0,37.820104,-122.469059,9.654226,0.991094,0.133162,60.0,25.0,9.0,0.853608,1627314520.0,367008020.0,37.798598,-122.517033,6.354925,0.873833,0.486227,31.0,30.0,9.0,0.838963,1627314520.0,367145450.0,37.824808,-122.444951,8.905154,-0.825801,0.563962,60.0,16.0,9.0,0.81026,332.1666666666667,5.927777777777778,10.0
1627314521.0,366975760.0,37.82011,-122.469003,9.655901,0.991073,0.133321,60.0,25.0,9.0,0.851814,1627314521.0,367008020.0,37.798612,-122.517,6.354473,0.873451,0.486913,31.0,30.0,9.0,0.837069,1627314521.0,367145450.0,37.824831,-122.444994,8.904915,-0.825752,0.564033,60.0,16.0,9.0,0.808048,332.15833333333336,5.928055555555556,10.0
1627314522.0,366975760.0,37.820116,-122.468947,9.657337,0.991045,0.133529,60.0,25.0,9.0,0.85002,1627314522.0,367008020.0,37.798627,-122.516968,6.354044,0.87307,0.487595,31.0,30.0,9.0,0.835175,1627314522.0,367145450.0,37.824854,-122.445037,8.904733,-0.82571,0.564095,60.0,16.0,9.0,0.805835,332.15,5.928333333333334,10.0
1627314523.0,366975760.0,37.820122,-122.468891,9.658533,0.99101,0.133784,60.0,25.0,9.0,0.848225,1627314523.0,367008020.0,37.798641,-122.516935,6.35364,0.87269,0.488275,31.0,30.0,9.0,0.833282,1627314523.0,367145450.0,37.824877,-122.44508,8.904606,-0.825675,0.564146,60.0,16.0,9.0,0.803624,332.14166666666665,5.928611111111112,10.0
1627314524.0,366975760.0,37.820128,-122.468835,9.65949,0.990969,0.134088,60.0,25.0,9.0,0.846431,1627314524.0,367008020.0,37.798655,-122.516903,6.353259,0.872311,0.488951,31.0,30.0,9.0,0.831388,1627314524.0,367145450.0,37.824901,-122.445123,8.904536,-0.825647,0.564187,60.0,16.0,9.0,0.801412,332.1333333333333,5.928888888888888,10.0
1627314525.0,366975760.0,37.820134,-122.468779,9.660207,0.990922,0.134441,60.0,25.0,9.0,0.844636,1627314525.0,367008020.0,37.79867,-122.516871,6.352902,0.871934,0.489624,31.0,30.0,9.0,0.829496,1627314525.0,367145450.0,37.824924,-122.445166,8.904522,-0.825626,0.564219,60.0,16.0,9.0,0.799201,332.125,5.929166666666667,10.0
1627314526.0,366975760.0,37.82014,-122.468723,9.660687,0.990867,0.134842,60.0,25.0,9.0,0.842841,1627314526.0,367008020.0,37.798684,-122.516838,6.352569,0.871557,0.490294,31.0,30.0,9.0,0.827603,1627314526.0,367145450.0,37.824947,-122.445209,8.904564,-0.825611,0.56424,60.0,16.0,9.0,0.796991,332.1166666666667,5.929444444444444,10.0
1627314527.0,366975760.0,37.820146,-122.468667,9.660928,0.990806,0.135291,60.0,25.0,9.0,0.841046,1627314527.0,367008020.0,37.798699,-122.516806,6.352259,0.871182,0.49096,31.0,30.0,9.0,0.825711,1627314527.0,367145450.0,37.82497,-122.445252,8.904662,-0.825603,0.564251,60.0,16.0,9.0,0.794781,332.1083333333333,5.929722222222222,10.0
1627314528.0,366975760.0,37.820152,-122.468611,9.660933,0.990738,0.135788,60.0,25.0,9.0,0.839251,1627314528.0,367008020.0,37.798713,-122.516773,6.351974,0.870808,0.491624,31.0,30.0,9.0,0.823819,1627314528.0,367145450.0,37.824994,-122.445295,8.904816,-0.825602,0.564252,60.0,16.0,9.0,0.792571,332.1,5.93,10.0
1627314529.0,366975760.0,37.820158,-122.468555,9.6607,0.990663,0.136334,60.0,25.0,9.0,0.837456,1627314529.0,367008020.0,37.798727,-122.516741,6.351712,0.870435,0.492284,31.0,30.0,9.0,0.821928,1627314529.0,367145450.0,37.825017,-122.445338,8.905026,-0.825609,0.564243,60.0,16.0,9.0,0.790361,332.0916666666667,5.9302777777777775,10.0
1627314530.0,366975760.0,37.820164,-122.468499,9.660232,0.990581,0.136929,60.0,25.0,9.0,0.835661,1627314530.0,367008020.0,37.798742,-122.516709,6.351473,0.870063,0.492941,31.0,30.0,9.0,0.820036,1627314530.0,367145450.0,37.82504,-122.445381,8.905293,-0.825621,0.564225,60.0,16.0,9.0,0.788152,332.0833333333333,5.930555555555555,10.0
1627314531.0,366975760.0,37.82017,-122.468443,9.65953,0.990492,0.137572,60.0,25.0,9.0,0.833866,1627314531.0,367008020.0,37.798756,-122.516676,6.351258,0.869692,0.493594,31.0,30.0,9.0,0.818145,1627314531.0,367145450.0,37.825063,-122.445424,8.905615,-0.825641,0.564196,60.0,16.0,9.0,0.785943,332.075,5.930833333333333,10.0
1627314532.0,366975760.0,37.820177,-122.468387,9.658593,0.990396,0.138263,60.0,25.0,9.0,0.832072,1627314532.0,367008020.0,37.798771,-122.516644,6.351066,0.869323,0.494245,31.0,30.0,9.0,0.816255,1627314532.0,367145450.0,37.825087,-122.445467,8.905994,-0.825668,0.564157,60.0,16.0,9.0,0.783735,332.06666666666666,5.931111111111111,10.0
1627314533.0,366975760.0,37.820183,-122.468331,9.657424,0.990292,0.139003,60.0,25.0,9.0,0.830277,1627314533.0,367008020.0,37.798785,-122.516612,6.350898,0.868955,0.494892,31.0,30.0,9.0,0.814364,1627314533.0,367145450.0,37.82511,-122.44551,8.906429,-0.825701,0.564108,60.0,16.0,9.0,0.781526,332.05833333333334,5.931388888888889,10.0
1627314534.0,366975760.0,37.820189,-122.468275,9.656022,0.990181,0.139792,60.0,25.0,9.0,0.828483,1627314534.0,367008020.0,37.7988,-122.516579,6.350754,0.868587,0.495536,31.0,30.0,9.0,0.812474,1627314534.0,367145450.0,37.825133,-122.445553,8.90692,-0.825741,0.564049,60.0,16.0,9.0,0.779318,332.05,5.931666666666667,10.0
1627314535.0,366975760.0,37.820195,-122.468219,9.65439,0.990062,0.140629,60.0,25.0,9.0,0.826689,1627314535.0,367008020.0,37.798815,-122.516547,6.350632,0.868222,0.496177,31.0,30.0,9.0,0.810584,1627314535.0,367145450.0,37.825156,-122.445597,8.907467,-0.825788,0.56398,60.0,16.0,9.0,0.77711,332.0416666666667,5.9319444444444445,10.0
1627314536.0,366975760.0,37.820201,-122.468163,9.652528,0.989936,0.141515,60.0,25.0,9.0,0.824895,1627314536.0,367008020.0,37.798829,-122.516515,6.350534,0.867857,0.496814,31.0,30.0,9.0,0.808694,1627314536.0,367145450.0,37.82518,-122.44564,8.90807,-0.825842,0.563901,60.0,16.0,9.0,0.774902,332.03333333333336,5.932222222222222,10.0
1627314537.0,366975760.0,37.820208,-122.468107,9.650438,0.989802,0.14245,60.0,25.0,9.0,0.823102,1627314537.0,367008020.0,37.798844,-122.516482,6.350459,0.867494,0.497448,31.0,30.0,9.0,0.806805,1627314537.0,367145450.0,37.825203,-122.445683,8.90873,-0.825903,0.563812,60.0,16.0,9.0,0.772694,332.025,5.9325,10.0
1627314538.0,366975760.0,37.820214,-122.468051,9.648121,0.98966,0.143434,60.0,25.0,9.0,0.821309,1627314538.0,367008020.0,37.798858,-122.51645,6.350408,0.867132,0.498079,31.0,30.0,9.0,0.804915,1627314538.0,367145450.0,37.825226,-122.445726,8.909446,-0.825971,0.563713,60.0,16.0,9.0,0.770486,332.01666666666665,5.932777777777778,10.0
1627314539.0,366975760.0,37.820221,-122.467995,9.645579,0.98951,0.144467,60.0,25.0,9.0,0.819516,1627314539.0,367008020.0,37.798873,-122.516418,6.350379,0.866771,0.498707,31.0,30.0,9.0,0.803026,1627314539.0,367145450.0,37.825249,-122.445769,8.910218,-0.826045,0.563604,60.0,16.0,9.0,0.768279,332.0083333333333,5.933055555555556,10.0
1627314540.0,366975760.0,37.820227,-122.467939,9.642812,0.989351,0.145549,60.0,25.0,9.0,0.817724,1627314540.0,367008020.0,37.798888,-122.516386,6.350374,0.866411,0.499331,31.0,30.0,9.0,0.801137,1627314540.0,367145450.0,37.825273,-122.445812,8.911047,-0.826126,0.563485,60.0,16.0,9.0,0.766071,332.0,5.933333333333334,10.0
1627314541.0,366975760.0,37.820234,-122.467883,9.639824,0.989184,0.14668,60.0,25.0,9.0,0.815932,1627314541.0,367008020.0,37.798902,-122.516353,6.350391,0.866053,0.499952,31.0,30.0,9.0,0.799248,1627314541.0,367145450.0,37.825296,-122.445855,8.911932,-0.826214,0.563356,60.0,16.0,9.0,0.763864,331.9916666666667,5.933611111111111,10.0
1627314542.0,366975760.0,37.82024,-122.467827,9.636614,0.989008,0.147861,60.0,25.0,9.0,0.814141,1627314542.0,367008020.0,37.798917,-122.516321,6.350432,0.865696,0.50057,31.0,30.0,9.0,0.79736,1627314542.0,367145450.0,37.825319,-122.445898,8.912873,-0.826309,0.563217,60.0,16.0,9.0,0.761656,331.9833333333333,5.933888888888889,10.0
1627314543.0,366975760.0,37.820247,-122.467772,9.633185,0.988824,0.149091,60.0,25.0,9.0,0.812351,1627314543.0,367008020.0,37.798932,-122.516289,6.350495,0.86534,0.501185,31.0,30.0,9.0,0.795471,1627314543.0,367145450.0,37.825342,-122.445941,8.913871,-0.82641,0.563068,60.0,16.0,9.0,0.759449,331.975,5.934166666666667,10.0
1627314544.0,366975760.0,37.820253,-122.467716,9.62954,0.98863,0.15037,60.0,25.0,9.0,0.810561,1627314544.0,367008020.0,37.798946,-122.516257,6.350582,0.864986,0.501796,31.0,30.0,9.0,0.793583,1627314544.0,367145450.0,37.825365,-122.445985,8.914926,-0.826519,0.562909,60.0,16.0,9.0,0.757241,331.9666666666667,5.934444444444445,10.0
1627314545.0,366975760.0,37.82026,-122.46766,9.62574,0.988428,0.15169,60.0,25.0,9.0,0.808772,1627314545.0,367008020.0,37.798961,-122.516225,6.350691,0.864633,0.502404,31.0,30.0,9.0,0.791695,1627314545.0,367145450.0,37.825389,-122.446028,8.916037,-0.826634,0.56274,60.0,16.0,9.0,0.755034,331.9583333333333,5.934722222222222,10.0
1627314546.0,366975760.0,37.820267,-122.467604,9.622037,0.988224,0.153014,60.0,25.0,9.0,0.806984,1627314546.0,367008020.0,37.798976,-122.516193,6.350823,0.864281,0.503009,31.0,30.0,9.0,0.789807,1627314546.0,367145450.0,37.825412,-122.446071,8.917205,-0.826756,0.562561,60.0,16.0,9.0,0.752826,331.95,5.9350000000000005,10.0
1627314547.0,366975760.0,37.820274,-122.467549,9.618493,0.988019,0.154334,60.0,25.0,9.0,0.805196,1627314547.0,367008020.0,37.798991,-122.51616,6.350978,0.863931,0.50361,31.0,30.0,9.0,0.78792,1627314547.0,367145450.0,37.825435,-122.446114,8.91843,-0.826884,0.562372,60.0,16.0,9.0,0.750619,331.94166666666666,5.935277777777777,10.0
1627314548.0,366975760.0,37.82028,-122.467493,9.615106,0.987813,0.155648,60.0,25.0,9.0,0.803409,1627314548.0,367008020.0,37.799005,-122.516128,6.351156,0.863582,0.504208,31.0,30.0,9.0,0.786032,1627314548.0,367145450.0,37.825458,-122.446157,8.919711,-0.82702,0.562173,60.0,16.0,9.0,0.748411,331.93333333333334,5.935555555555555,10.0
1627314549.0,366975760.0,37.820287,-122.467437,9.611878,0.987605,0.156958,60.0,25.0,9.0,0.801622,1627314549.0,367008020.0,37.79902,-122.516096,6.351356,0.863234,0.504803,31.0,30.0,9.0,0.784145,1627314549.0,367145450.0,37.825481,-122.4462,8.92105,-0.827162,0.561964,60.0,16.0,9.0,0.746203,331.925,5.935833333333333,10.0
1627314550.0,366975760.0,37.820294,-122.467382,9.608807,0.987397,0.158263,60.0,25.0,9.0,0.799837,1627314550.0,367008020.0,37.799035,-122.516064,6.351579,0.862888,0.505395,31.0,30.0,9.0,0.782257,1627314550.0,367145450.0,37.825505,-122.446244,8.922445,-0.82731,0.561745,60.0,16.0,9.0,0.743995,331.9166666666667,5.936111111111111,10.0
1627314551.0,366975760.0,37.820301,-122.467326,9.605894,0.987188,0.159563,60.0,25.0,9.0,0.798051,1627314551.0,367008020.0,37.79905,-122.516032,6.351824,0.862543,0.505983,31.0,30.0,9.0,0.78037,1627314551.0,367145450.0,37.825528,-122.446287,8.923898,-0.827466,0.561516,60.0,16.0,9.0,0.741787,331.90833333333336,5.936388888888889,10.0
1627314552.0,366975760.0,37.820308,-122.467271,9.603139,0.986978,0.160857,60.0,25.0,9.0,0.796267,1627314552.0,367008020.0,37.799065,-122.516,6.352092,0.8622,0.506568,31.0,30.0,9.0,0.778483,1627314552.0,367145450.0,37.825551,-122.44633,8.925408,-0.827628,0.561277,60.0,16.0,9.0,0.739578,331.9,5.9366666666666665,10.0
1627314553.0,366975760.0,37.820316,-122.467215,9.60054,0.986767,0.162147,60.0,25.0,9.0,0.794482,1627314553.0,367008020.0,37.79908,-122.515968,6.352382,0.861858,0.50715,31.0,30.0,9.0,0.776596,1627314553.0,367145450.0,37.825574,-122.446373,8.926975,-0.827796,0.561029,60.0,16.0,9.0,0.73737,331.89166666666665,5.936944444444444,10.0
1627314554.0,366975760.0,37.820323,-122.46716,9.598099,0.986555,0.163431,60.0,25.0,9.0,0.792699,1627314554.0,367008020.0,37.799095,-122.515936,6.352695,0.861517,0.507728,31.0,30.0,9.0,0.774709,1627314554.0,367145450.0,37.825597,-122.446417,8.928599,-0.827972,0.56077,60.0,16.0,9.0,0.735161,331.8833333333333,5.937222222222222,10.0
1627314555.0,366975760.0,37.82033,-122.467104,9.595814,0.986342,0.16471,60.0,25.0,9.0,0.790916,1627314555.0,367008020.0,37.79911,-122.515904,6.353031,0.861178,0.508303,31.0,30.0,9.0,0.772823,1627314555.0,367145450.0,37.825621,-122.44646,8.930281,-0.828154,0.560501,60.0,16.0,9.0,0.732952,331.875,5.9375,10.0
1627314556.0,366975760.0,37.820337,-122.467049,9.593686,0.986128,0.165984,60.0,25.0,9.0,0.789133,1627314556.0,367008020.0,37.799125,-122.515872,6.353388,0.86084,0.508875,31.0,30.0,9.0,0.770936,1627314556.0,367145450.0,37.825644,-122.446503,8.932021,-0.828342,0.560222,60.0,16.0,9.0,0.730742,331.8666666666667,5.937777777777778,10.0
1627314557.0,366975760.0,37.820345,-122.466993,9.591714,0.985914,0.167252,60.0,25.0,9.0,0.787351,1627314557.0,367008020.0,37.799139,-122.51584,6.353768,0.860504,0.509444,31.0,30.0,9.0,0.76905,1627314557.0,367145450.0,37.825667,-122.446547,8.933818,-0.828538,0.559933,60.0,16.0,9.0,0.728532,331.8583333333333,5.938055555555556,10.0
1627314558.0,366975760.0,37.820352,-122.466938,9.589899,0.985699,0.168515,60.0,25.0,9.0,0.785569,1627314558.0,367008020.0,37.799154,-122.515808,6.35417,0.860169,0.510009,31.0,30.0,9.0,0.767163,1627314558.0,367145450.0,37.82569,-122.44659,8.935614,-0.828739,0.559636,60.0,16.0,9.0,0.726322,331.85,5.9383333333333335,10.0
1627314559.0,366975760.0,37.82036,-122.466883,9.588239,0.985483,0.169772,60.0,25.0,9.0,0.783787,1627314559.0,367008020.0,37.799169,-122.515776,6.354595,0.859836,0.510571,31.0,30.0,9.0,0.765277,1627314559.0,367145450.0,37.825713,-122.446633,8.937175,-0.828942,0.559334,60.0,16.0,9.0,0.724112,331.8416666666667,5.938611111111111,10.0
1627314560.0,366975760.0,37.820367,-122.466827,9.586735,0.985267,0.171023,60.0,25.0,9.0,0.782006,1627314560.0,367008020.0,37.799184,-122.515744,6.355041,0.859504,0.511129,31.0,30.0,9.0,0.76339,1627314560.0,367145450.0,37.825736,-122.446677,8.938443,-0.829148,0.559028,60.0,16.0,9.0,0.721901,331.8333333333333,5.938888888888889,10.0
1627314561.0,366975760.0,37.820375,-122.466772,9.585387,0.98505,0.172269,60.0,25.0,9.0,0.780225,1627314561.0,367008020.0,37.799199,-122.515712,6.35551,0.859174,0.511684,31.0,30.0,9.0,0.761504,1627314561.0,367145450.0,37.825759,-122.44672,8.939417,-0.829357,0.55872,60.0,16.0,9.0,0.71969,331.825,5.939166666666667,10.0
1627314562.0,366975760.0,37.820382,-122.466717,9.584194,0.984832,0.17351,60.0,25.0,9.0,0.778445,1627314562.0,367008020.0,37.799215,-122.51568,6.356001,0.858845,0.512236,31.0,30.0,9.0,0.759618,1627314562.0,367145450.0,37.825782,-122.446764,8.940097,-0.829567,0.558407,60.0,16.0,9.0,0.717479,331.81666666666666,5.939444444444445,10.0
1627314563.0,366975760.0,37.82039,-122.466661,9.583156,0.984614,0.174744,60.0,25.0,9.0,0.776664,1627314563.0,367008020.0,37.79923,-122.515648,6.356514,0.858517,0.512785,31.0,30.0,9.0,0.757732,1627314563.0,367145450.0,37.825806,-122.446807,8.940484,-0.829779,0.558092,60.0,16.0,9.0,0.715268,331.80833333333334,5.939722222222223,10.0
1627314564.0,366975760.0,37.820398,-122.466606,9.582273,0.984395,0.175973,60.0,25.0,9.0,0.774884,1627314564.0,367008020.0,37.799245,-122.515616,6.357048,0.858191,0.51333,31.0,30.0,9.0,0.755845,1627314564.0,367145450.0,37.825829,-122.44685,8.940577,-0.829994,0.557773,60.0,16.0,9.0,0.713057,331.8,5.94,10.0
1627314565.0,366975760.0,37.820406,-122.466551,9.581545,0.984176,0.177195,60.0,25.0,9.0,0.773104,1627314565.0,367008020.0,37.79926,-122.515584,6.357605,0.857867,0.513872,31.0,30.0,9.0,0.753959,1627314565.0,367145450.0,37.825852,-122.446894,8.940376,-0.830211,0.55745,60.0,16.0,9.0,0.710846,331.7916666666667,5.940277777777778,10.0
1627314566.0,366975760.0,37.820414,-122.466496,9.580972,0.983956,0.178412,60.0,25.0,9.0,0.771325,1627314566.0,367008020.0,37.799275,-122.515552,6.358184,0.857544,0.514411,31.0,30.0,9.0,0.752073,1627314566.0,367145450.0,37.825875,-122.446937,8.939883,-0.83043,0.557123,60.0,16.0,9.0,0.708635,331.78333333333336,5.940555555555555,10.0
1627314567.0,366975760.0,37.820421,-122.46644,9.580552,0.983736,0.179623,60.0,25.0,9.0,0.769545,1627314567.0,367008020.0,37.79929,-122.51552,6.358776,0.857223,0.514946,31.0,30.0,9.0,0.750187,1627314567.0,367145450.0,37.825898,-122.446981,8.939095,-0.830651,0.556793,60.0,16.0,9.0,0.706424,331.775,5.940833333333333,10.0
1627314568.0,366975760.0,37.820429,-122.466385,9.580287,0.983515,0.180828,60.0,25.0,9.0,0.767766,1627314568.0,367008020.0,37.799305,-122.515488,6.35935,0.856904,0.515476,31.0,30.0,9.0,0.748301,1627314568.0,367145450.0,37.825921,-122.447024,8.938015,-0.830874,0.55646,60.0,16.0,9.0,0.704213,331.76666666666665,5.941111111111111,10.0
1627314569.0,366975760.0,37.820437,-122.46633,9.580176,0.983294,0.182026,60.0,25.0,9.0,0.765987,1627314569.0,367008020.0,37.79932,-122.515456,6.359896,0.856588,0.516001,31.0,30.0,9.0,0.746415,1627314569.0,367145450.0,37.825944,-122.447068,8.936641,-0.8311,0.556123,60.0,16.0,9.0,0.702003,331.7583333333333,5.941388888888889,10.0
1627314570.0,366975760.0,37.820445,-122.466275,9.580218,0.983072,0.183218,60.0,25.0,9.0,0.764207,1627314570.0,367008020.0,37.799335,-122.515424,6.360415,0.856274,0.516522,31.0,30.0,9.0,0.744529,1627314570.0,367145450.0,37.825967,-122.447111,8.934974,-0.831328,0.555782,60.0,16.0,9.0,0.699794,331.75,5.941666666666666,10.0
1627314571.0,366975760.0,37.820454,-122.46622,9.580414,0.98285,0.184405,60.0,25.0,9.0,0.762428,1627314571.0,367008020.0,37.799351,-122.515392,6.360906,0.855963,0.517037,31.0,30.0,9.0,0.742643,1627314571.0,367145450.0,37.82599,-122.447155,8.933013,-0.831559,0.555437,60.0,16.0,9.0,0.697584,331.7416666666667,5.941944444444444,10.0
1627314572.0,366975760.0,37.820462,-122.466164,9.580763,0.982628,0.185585,60.0,25.0,9.0,0.760649,1627314572.0,367008020.0,37.799366,-122.515361,6.36137,0.855654,0.517548,31.0,30.0,9.0,0.740757,1627314572.0,367145450.0,37.826013,-122.447198,8.93076,-0.831791,0.555088,60.0,16.0,9.0,0.695376,331.7333333333333,5.942222222222222,10.0
1627314573.0,366975760.0,37.82047,-122.466109,9.581265,0.982406,0.186758,60.0,25.0,9.0,0.75887,1627314573.0,367008020.0,37.799381,-122.515329,6.361806,0.855348,0.518053,31.0,30.0,9.0,0.738871,1627314573.0,367145450.0,37.826036,-122.447242,8.928213,-0.832027,0.554736,60.0,16.0,9.0,0.693168,331.725,5.9425,10.0
1627314574.0,366975760.0,37.820478,-122.466054,9.58192,0.982183,0.187925,60.0,25.0,9.0,0.757091,1627314574.0,367008020.0,37.799396,-122.515297,6.362215,0.855045,0.518554,31.0,30.0,9.0,0.736985,1627314574.0,367145450.0,37.826059,-122.447285,8.925373,-0.832264,0.55438,60.0,16.0,9.0,0.690961,331.7166666666667,5.942777777777778,10.0
1627314575.0,366975760.0,37.820487,-122.465999,9.582728,0.981961,0.189086,60.0,25.0,9.0,0.755311,1627314575.0,367008020.0,37.799412,-122.515265,6.362597,0.854744,0.51905,31.0,30.0,9.0,0.735099,1627314575.0,367145450.0,37.826082,-122.447329,8.92224,-0.832504,0.554019,60.0,16.0,9.0,0.688754,331.7083333333333,5.943055555555556,10.0
1627314576.0,366975760.0,37.820495,-122.465944,9.583688,0.981738,0.19024,60.0,25.0,9.0,0.753532,1627314576.0,367008020.0,37.799427,-122.515233,6.36295,0.854446,0.51954,31.0,30.0,9.0,0.733213,1627314576.0,367145450.0,37.826104,-122.447372,8.918815,-0.832746,0.553655,60.0,16.0,9.0,0.686549,331.7,5.943333333333333,10.0
1627314577.0,366975760.0,37.820503,-122.465889,9.5848,0.981514,0.191388,60.0,25.0,9.0,0.751753,1627314577.0,367008020.0,37.799442,-122.515201,6.363276,0.85415,0.520026,31.0,30.0,9.0,0.731327,1627314577.0,367145450.0,37.826127,-122.447416,8.915096,-0.832991,0.553287,60.0,16.0,9.0,0.684344,331.69166666666666,5.943611111111111,10.0
1627314578.0,366975760.0,37.820512,-122.465834,9.586064,0.981291,0.192529,60.0,25.0,9.0,0.749973,1627314578.0,367008020.0,37.799458,-122.515169,6.363574,0.853857,0.520508,31.0,30.0,9.0,0.729442,1627314578.0,367145450.0,37.82615,-122.447459,8.911084,-0.833238,0.552915,60.0,16.0,9.0,0.68214,331.68333333333334,5.943888888888889,10.0
1627314579.0,366975760.0,37.82052,-122.465779,9.58748,0.981068,0.193664,60.0,25.0,9.0,0.748193,1627314579.0,367008020.0,37.799473,-122.515138,6.363845,0.853567,0.520984,31.0,30.0,9.0,0.727556,1627314579.0,367145450.0,37.826173,-122.447503,8.90678,-0.833487,0.552538,60.0,16.0,9.0,0.679938,331.675,5.944166666666667,10.0
1627314580.0,366975760.0,37.820529,-122.465724,9.589048,0.980845,0.194792,60.0,25.0,9.0,0.746413,1627314580.0,367008020.0,37.799488,-122.515106,6.364087,0.853279,0.521455,31.0,30.0,9.0,0.725671,1627314580.0,367145450.0,37.826196,-122.447546,8.902183,-0.83374,0.552158,60.0,16.0,9.0,0.677736,331.6666666666667,5.944444444444445,10.0
1627314581.0,366975760.0,37.820538,-122.465669,9.590767,0.980621,0.195913,60.0,25.0,9.0,0.744633,1627314581.0,367008020.0,37.799504,-122.515074,6.364301,0.852993,0.521922,31.0,30.0,9.0,0.723785,1627314581.0,367145450.0,37.826218,-122.44759,8.897293,-0.833994,0.551773,60.0,16.0,9.0,0.675536,331.65833333333336,5.944722222222223,10.0
1627314582.0,366975760.0,37.820546,-122.465613,9.592637,0.980398,0.197027,60.0,25.0,9.0,0.742853,1627314582.0,367008020.0,37.799519,-122.515042,6.364487,0.852711,0.522384,31.0,30.0,9.0,0.7219,1627314582.0,367145450.0,37.826241,-122.447633,8.892111,-0.834251,0.551384,60.0,16.0,9.0,0.673337,331.65,5.945,10.0
1627314583.0,366975760.0,37.820555,-122.465558,9.594658,0.980175,0.198135,60.0,25.0,9.0,0.741072,1627314583.0,367008020.0,37.799534,-122.51501,6.364646,0.85243,0.522841,31.0,30.0,9.0,0.720015,1627314583.0,367145450.0,37.826264,-122.447677,8.886636,-0.834511,0.550991,60.0,16.0,9.0,0.671139,331.64166666666665,5.945277777777778,10.0
1627314584.0,366975760.0,37.820564,-122.465503,9.59683,0.979952,0.199236,60.0,25.0,9.0,0.739291,1627314584.0,367008020.0,37.79955,-122.514979,6.364776,0.852153,0.523293,31.0,30.0,9.0,0.71813,1627314584.0,367145450.0,37.826286,-122.44772,8.880868,-0.834774,0.550593,60.0,16.0,9.0,0.668943,331.6333333333333,5.945555555555556,10.0
1627314585.0,366975760.0,37.820573,-122.465448,9.599152,0.979729,0.20033,60.0,25.0,9.0,0.73751,1627314585.0,367008020.0,37.799565,-122.514947,6.364878,0.851878,0.52374,31.0,30.0,9.0,0.716245,1627314585.0,367145450.0,37.826309,-122.447764,8.874808,-0.835039,0.550191,60.0,16.0,9.0,0.666749,331.625,5.945833333333333,10.0
1627314586.0,366975760.0,37.820582,-122.465393,9.601624,0.979506,0.201417,60.0,25.0,9.0,0.735728,1627314586.0,367008020.0,37.799581,-122.514915,6.364951,0.851606,0.524183,31.0,30.0,9.0,0.71436,1627314586.0,367145450.0,37.826332,-122.447807,8.868456,-0.835306,0.549785,60.0,16.0,9.0,0.664555,331.6166666666667,5.946111111111112,10.0
1627314587.0,366975760.0,37.820591,-122.465338,9.604247,0.979283,0.202497,60.0,25.0,9.0,0.733946,1627314587.0,367008020.0,37.799596,-122.514883,6.364997,0.851336,0.524621,31.0,30.0,9.0,0.712475,1627314587.0,367145450.0,37.826354,-122.44785,8.861811,-0.835576,0.549374,60.0,16.0,9.0,0.662364,331.6083333333333,5.9463888888888885,10.0
1627314588.0,366975760.0,37.8206,-122.465283,9.60702,0.979061,0.203569,60.0,25.0,9.0,0.732163,1627314588.0,367008020.0,37.799611,-122.514852,6.365013,0.851069,0.525054,31.0,30.0,9.0,0.710591,1627314588.0,367145450.0,37.826377,-122.447894,8.854874,-0.83585,0.548959,60.0,16.0,9.0,0.660174,331.6,5.946666666666666,10.0
1627314589.0,366975760.0,37.820609,-122.465228,9.609942,0.978838,0.204635,60.0,25.0,9.0,0.73038,1627314589.0,367008020.0,37.799627,-122.51482,6.365002,0.850804,0.525482,31.0,30.0,9.0,0.708707,1627314589.0,367145450.0,37.826399,-122.447937,8.847645,-0.836125,0.548539,60.0,16.0,9.0,0.657986,331.5916666666667,5.946944444444444,10.0
1627314590.0,366975760.0,37.820618,-122.465173,9.613014,0.978616,0.205694,60.0,25.0,9.0,0.728597,1627314590.0,367008020.0,37.799642,-122.514788,6.364962,0.850543,0.525906,31.0,30.0,9.0,0.706822,1627314590.0,367145450.0,37.826422,-122.447981,8.840123,-0.836404,0.548114,60.0,16.0,9.0,0.6558,331.5833333333333,5.947222222222222,10.0
1627314591.0,366975760.0,37.820627,-122.465118,9.616235,0.978395,0.206746,60.0,25.0,9.0,0.726813,1627314591.0,367008020.0,37.799658,-122.514757,6.364894,0.850283,0.526325,31.0,30.0,9.0,0.704938,1627314591.0,367145450.0,37.826444,-122.448024,8.83231,-0.836685,0.547684,60.0,16.0,9.0,0.653616,331.575,5.9475,10.0
1627314592.0,366975760.0,37.820636,-122.465063,9.619605,0.978173,0.20779,60.0,25.0,9.0,0.725029,1627314592.0,367008020.0,37.799673,-122.514725,6.364797,0.850027,0.526739,31.0,30.0,9.0,0.703055,1627314592.0,367145450.0,37.826466,-122.448067,8.824204,-0.836969,0.54725,60.0,16.0,9.0,0.651433,331.56666666666666,5.947777777777778,10.0
1627314593.0,366975760.0,37.820645,-122.465007,9.623124,0.977952,0.208828,60.0,25.0,9.0,0.723244,1627314593.0,367008020.0,37.799689,-122.514693,6.364671,0.849773,0.527149,31.0,30.0,9.0,0.701171,1627314593.0,367145450.0,37.826489,-122.44811,8.815807,-0.837256,0.546811,60.0,16.0,9.0,0.649253,331.55833333333334,5.948055555555555,10.0
1627314594.0,366975760.0,37.820655,-122.464952,9.626791,0.977732,0.209858,60.0,25.0,9.0,0.721459,1627314594.0,367008020.0,37.799704,-122.514662,6.364517,0.849522,0.527554,31.0,30.0,9.0,0.699287,1627314594.0,367145450.0,37.826511,-122.448154,8.807118,-0.837546,0.546367,60.0,16.0,9.0,0.647075,331.55,5.948333333333333,10.0
1627314595.0,366975760.0,37.820664,-122.464897,9.630607,0.977512,0.21088,60.0,25.0,9.0,0.719672,1627314595.0,367008020.0,37.79972,-122.51463,6.364334,0.849273,0.527954,31.0,30.0,9.0,0.697404,1627314595.0,367145450.0,37.826533,-122.448197,8.798137,-0.837839,0.545918,60.0,16.0,9.0,0.644899,331.5416666666667,5.948611111111111,10.0
1627314596.0,366975760.0,37.820673,-122.464842,9.634572,0.977292,0.211896,60.0,25.0,9.0,0.717886,1627314596.0,367008020.0,37.799735,-122.514598,6.364122,0.849027,0.528349,31.0,30.0,9.0,0.695521,1627314596.0,367145450.0,37.826556,-122.44824,8.788864,-0.838134,0.545464,60.0,16.0,9.0,0.642725,331.53333333333336,5.948888888888889,10.0
1627314597.0,366975760.0,37.820683,-122.464787,9.638684,0.977073,0.212904,60.0,25.0,9.0,0.716099,1627314597.0,367008020.0,37.799751,-122.514567,6.363881,0.848784,0.52874,31.0,30.0,9.0,0.693638,1627314597.0,367145450.0,37.826578,-122.448283,8.7793,-0.838433,0.545005,60.0,16.0,9.0,0.640554,331.525,5.949166666666667,10.0
1627314598.0,366975760.0,37.820692,-122.464732,9.642944,0.976855,0.213905,60.0,25.0,9.0,0.714311,1627314598.0,367008020.0,37.799767,-122.514535,6.363612,0.848543,0.529126,31.0,30.0,9.0,0.691756,1627314598.0,367145450.0,37.8266,-122.448326,8.769444,-0.838735,0.54454,60.0,16.0,9.0,0.638385,331.51666666666665,5.9494444444444445,10.0
1627314599.0,366975760.0,37.820702,-122.464677,9.647352,0.976636,0.214898,60.0,25.0,9.0,0.712522,1627314599.0,367008020.0,37.799782,-122.514503,6.363313,0.848305,0.529508,31.0,30.0,9.0,0.689873,1627314599.0,367145450.0,37.826622,-122.448369,8.759297,-0.839039,0.544071,60.0,16.0,9.0,0.636218,331.5083333333333,5.949722222222222,10.0
1627314600.0,366975760.0,37.820711,-122.464621,9.651907,0.976419,0.215884,60.0,25.0,9.0,0.710732,1627314600.0,367008020.0,37.799798,-122.514472,6.362986,0.84807,0.529885,31.0,30.0,9.0,0.687991,1627314600.0,367145450.0,37.826644,-122.448412,8.748858,-0.839347,0.543596,60.0,16.0,9.0,0.634055,331.5,5.95,10.0
1627314601.0,366975760.0,37.820721,-122.464566,9.656609,0.976202,0.216862,60.0,25.0,9.0,0.708942,1627314601.0,367008020.0,37.799813,-122.51444,6.36263,0.847837,0.530257,31.0,30.0,9.0,0.686109,1627314601.0,367145450.0,37.826666,-122.448455,8.738128,-0.839658,0.543116,60.0,16.0,9.0,0.631893,331.4916666666667,5.950277777777778,10.0
1627314602.0,366975760.0,37.820731,-122.464511,9.661459,0.975986,0.217833,60.0,25.0,9.0,0.707151,1627314602.0,367008020.0,37.799829,-122.514409,6.362244,0.847607,0.530625,31.0,30.0,9.0,0.684227,1627314602.0,367145450.0,37.826688,-122.448498,8.727106,-0.839972,0.54263,60.0,16.0,9.0,0.629735,331.4833333333333,5.950555555555556,10.0
1627314603.0,366975760.0,37.820741,-122.464456,9.666455,0.97577,0.218797,60.0,25.0,9.0,0.70536,1627314603.0,367008020.0,37.799845,-122.514377,6.36183,0.84738,0.530988,31.0,30.0,9.0,0.682346,1627314603.0,367145450.0,37.82671,-122.448541,8.715794,-0.840289,0.542139,60.0,16.0,9.0,0.627579,331.475,5.950833333333334,10.0
1627314604.0,366975760.0,37.82075,-122.464401,9.671598,0.975556,0.219753,60.0,25.0,9.0,0.703567,1627314604.0,367008020.0,37.79986,-122.514345,6.361386,0.847155,0.531346,31.0,30.0,9.0,0.680465,1627314604.0,367145450.0,37.826732,-122.448584,8.70419,-0.840609,0.541642,60.0,16.0,9.0,0.625426,331.4666666666667,5.951111111111112,10.0
1627314605.0,366975760.0,37.82076,-122.464345,9.676887,0.975342,0.220701,60.0,25.0,9.0,0.701774,1627314605.0,367008020.0,37.799876,-122.514314,6.360913,0.846933,0.5317,31.0,30.0,9.0,0.678584,1627314605.0,367145450.0,37.826754,-122.448627,8.692296,-0.840933,0.541139,60.0,16.0,9.0,0.623275,331.4583333333333,5.951388888888889,10.0
1627314606.0,366975760.0,37.82077,-122.46429,9.682278,0.97513,0.221635,60.0,25.0,9.0,0.699979,1627314606.0,367008020.0,37.799891,-122.514282,6.360412,0.846714,0.532049,31.0,30.0,9.0,0.676703,1627314606.0,367145450.0,37.826775,-122.44867,8.68011,-0.84126,0.540631,60.0,16.0,9.0,0.621128,331.45,5.951666666666666,10.0
1627314607.0,366975760.0,37.82078,-122.464235,9.687593,0.974927,0.222526,60.0,25.0,9.0,0.698184,1627314607.0,367008020.0,37.799907,-122.514251,6.35988,0.846497,0.532394,31.0,30.0,9.0,0.674823,1627314607.0,367145450.0,37.826797,-122.448713,8.667634,-0.84159,0.540117,60.0,16.0,9.0,0.618984,331.44166666666666,5.951944444444445,10.0
1627314608.0,366975760.0,37.82079,-122.464179,9.692788,0.974734,0.223369,60.0,25.0,9.0,0.696388,1627314608.0,367008020.0,37.799923,-122.514219,6.35932,0.846283,0.532734,31.0,30.0,9.0,0.672943,1627314608.0,367145450.0,37.826819,-122.448755,8.654867,-0.841923,0.539597,60.0,16.0,9.0,0.616843,331.43333333333334,5.952222222222222,10.0
1627314609.0,366975760.0,37.8208,-122.464124,9.69786,0.974552,0.224163,60.0,25.0,9.0,0.694591,1627314609.0,367008020.0,37.799938,-122.514188,6.35873,0.846072,0.533069,31.0,30.0,9.0,0.671063,1627314609.0,367145450.0,37.82684,-122.448798,8.64181,-0.84226,0.539071,60.0,16.0,9.0,0.614705,331.425,5.9525,10.0
1627314610.0,366975760.0,37.82081,-122.464069,9.702809,0.97438,0.224908,60.0,25.0,9.0,0.692793,1627314610.0,367008020.0,37.799954,-122.514156,6.358111,0.845863,0.5334,31.0,30.0,9.0,0.669183,1627314610.0,367145450.0,37.826862,-122.448841,8.628462,-0.842601,0.538539,60.0,16.0,9.0,0.61257,331.4166666666667,5.9527777777777775,10.0
1627314611.0,366975760.0,37.82082,-122.464013,9.707633,0.974219,0.225604,60.0,25.0,9.0,0.690995,1627314611.0,367008020.0,37.79997,-122.514125,6.357462,0.845657,0.533726,31.0,30.0,9.0,0.667304,1627314611.0,367145450.0,37.826883,-122.448883,8.614824,-0.842945,0.538,60.0,16.0,9.0,0.610438,331.40833333333336,5.953055555555555,10.0
1627314612.0,366975760.0,37.82083,-122.463958,9.712332,0.974069,0.226252,60.0,25.0,9.0,0.689195,1627314612.0,367008020.0,37.799986,-122.514093,6.356784,0.845454,0.534048,31.0,30.0,9.0,0.665425,1627314612.0,367145450.0,37.826905,-122.448926,8.600895,-0.843292,0.537456,60.0,16.0,9.0,0.60831,331.4,5.953333333333333,10.0
1627314613.0,366975760.0,37.82084,-122.463903,9.716904,0.973929,0.226852,60.0,25.0,9.0,0.687395,1627314613.0,367008020.0,37.800001,-122.514062,6.356076,0.845254,0.534365,31.0,30.0,9.0,0.663547,1627314613.0,367145450.0,37.826926,-122.448968,8.586676,-0.843643,0.536905,60.0,16.0,9.0,0.606185,331.39166666666665,5.953611111111111,10.0
1627314614.0,366975760.0,37.820851,-122.463847,9.721349,0.973801,0.227404,60.0,25.0,9.0,0.685594,1627314614.0,367008020.0,37.800017,-122.51403,6.355339,0.845056,0.534678,31.0,30.0,9.0,0.661669,1627314614.0,367145450.0,37.826948,-122.449011,8.572167,-0.843997,0.536347,60.0,16.0,9.0,0.604064,331.3833333333333,5.953888888888889,10.0
1627314615.0,366975760.0,37.820861,-122.463792,9.725665,0.973683,0.227907,60.0,25.0,9.0,0.683792,1627314615.0,367008020.0,37.800033,-122.513999,6.354572,0.844861,0.534986,31.0,30.0,9.0,0.659791,1627314615.0,367145450.0,37.826969,-122.449053,8.557368,-0.844355,0.535783,60.0,16.0,9.0,0.601947,331.375,5.954166666666667,10.0
1627314616.0,366975760.0,37.820871,-122.463736,9.729852,0.973576,0.228363,60.0,25.0,9.0,0.681989,1627314616.0,367008020.0,37.800048,-122.513968,6.353776,0.844668,0.53529,31.0,30.0,9.0,0.657913,1627314616.0,367145450.0,37.82699,-122.449095,8.542279,-0.844717,0.535213,60.0,16.0,9.0,0.599833,331.3666666666667,5.954444444444444,10.0
1627314617.0,366975760.0,37.820881,-122.463681,9.73391,0.97348,0.22877,60.0,25.0,9.0,0.680186,1627314617.0,367008020.0,37.800064,-122.513936,6.35295,0.844479,0.535589,31.0,30.0,9.0,0.656036,1627314617.0,367145450.0,37.827011,-122.449138,8.5269,-0.845083,0.534635,60.0,16.0,9.0,0.597722,331.3583333333333,5.954722222222222,10.0
1627314618.0,366975760.0,37.820892,-122.463625,9.737838,0.973396,0.22913,60.0,25.0,9.0,0.678382,1627314618.0,367008020.0,37.80008,-122.513905,6.352094,0.844292,0.535884,31.0,30.0,9.0,0.654159,1627314618.0,367145450.0,37.827032,-122.44918,8.511232,-0.845452,0.534051,60.0,16.0,9.0,0.595616,331.35,5.955,10.0
1627314619.0,366975760.0,37.820902,-122.46357,9.741635,0.973322,0.229442,60.0,25.0,9.0,0.676578,1627314619.0,367008020.0,37.800096,-122.513873,6.351209,0.844108,0.536174,31.0,30.0,9.0,0.652283,1627314619.0,367145450.0,37.827053,-122.449222,8.495274,-0.845825,0.53346,60.0,16.0,9.0,0.593513,331.3416666666667,5.955277777777778,10.0
1627314620.0,366975760.0,37.820912,-122.463514,9.7453,0.97326,0.229706,60.0,25.0,9.0,0.674772,1627314620.0,367008020.0,37.800111,-122.513842,6.350293,0.843926,0.536459,31.0,30.0,9.0,0.650407,1627314620.0,367145450.0,37.827074,-122.449264,8.479027,-0.846203,0.532861,60.0,16.0,9.0,0.591414,331.3333333333333,5.955555555555556,10.0
1627314621.0,366975760.0,37.820923,-122.463459,9.748834,0.973209,0.229923,60.0,25.0,9.0,0.672966,1627314621.0,367008020.0,37.800127,-122.51381,6.349348,0.843747,0.536741,31.0,30.0,9.0,0.648531,1627314621.0,367145450.0,37.827095,-122.449306,8.462491,-0.846584,0.532256,60.0,16.0,9.0,0.589319,331.325,5.9558333333333335,10.0
1627314622.0,366975760.0,37.820933,-122.463403,9.752236,0.973169,0.230092,60.0,25.0,9.0,0.67116,1627314622.0,367008020.0,37.800143,-122.513779,6.348374,0.843571,0.537017,31.0,30.0,9.0,0.646656,1627314622.0,367145450.0,37.827116,-122.449348,8.445665,-0.846969,0.531643,60.0,16.0,9.0,0.587228,331.31666666666666,5.956111111111111,10.0
1627314623.0,366975760.0,37.820943,-122.463347,9.755506,0.97314,0.230214,60.0,25.0,9.0,0.669353,1627314623.0,367008020.0,37.800159,-122.513748,6.347369,0.843398,0.537289,31.0,30.0,9.0,0.644781,1627314623.0,367145450.0,37.827137,-122.44939,8.42855,-0.847358,0.531023,60.0,16.0,9.0,0.585142,331.30833333333334,5.956388888888889,10.0
1627314624.0,366975760.0,37.820954,-122.463292,9.758643,0.973122,0.230289,60.0,25.0,9.0,0.667545,1627314624.0,367008020.0,37.800174,-122.513716,6.346334,0.843228,0.537557,31.0,30.0,9.0,0.642907,1627314624.0,367145450.0,37.827157,-122.449432,8.411146,-0.847751,0.530395,60.0,16.0,9.0,0.583059,331.3,5.956666666666667,10.0
1627314625.0,366975760.0,37.820964,-122.463236,9.761648,0.973116,0.230316,60.0,25.0,9.0,0.665736,1627314625.0,367008020.0,37.80019,-122.513685,6.34527,0.84306,0.53782,31.0,30.0,9.0,0.641033,1627314625.0,367145450.0,37.827178,-122.449474,8.393454,-0.848148,0.52976,60.0,16.0,9.0,0.580981,331.2916666666667,5.956944444444445,10.0
1627314626.0,366975760.0,37.820975,-122.463181,9.764521,0.973121,0.230296,60.0,25.0,9.0,0.663928,1627314626.0,367008020.0,37.800206,-122.513654,6.344176,0.842895,0.538079,31.0,30.0,9.0,0.639159,1627314626.0,367145450.0,37.827199,-122.449515,8.375473,-0.848549,0.529116,60.0,16.0,9.0,0.578907,331.28333333333336,5.957222222222223,10.0
1627314627.0,366975760.0,37.820985,-122.463125,9.767261,0.973137,0.230228,60.0,25.0,9.0,0.662118,1627314627.0,367008020.0,37.800222,-122.513622,6.343051,0.842732,0.538333,31.0,30.0,9.0,0.637286,1627314627.0,367145450.0,37.827219,-122.449557,8.357203,-0.848955,0.528465,60.0,16.0,9.0,0.576837,331.275,5.9575,10.0
1627314628.0,366975760.0,37.820995,-122.463069,9.769868,0.973164,0.230114,60.0,25.0,9.0,0.660308,1627314628.0,367008020.0,37.800238,-122.513591,6.341897,0.842573,0.538583,31.0,30.0,9.0,0.635413,1627314628.0,367145450.0,37.82724,-122.449599,8.338645,-0.849365,0.527806,60.0,16.0,9.0,0.574772,331.26666666666665,5.957777777777777,10.0
1627314629.0,366975760.0,37.821006,-122.463014,9.772344,0.973202,0.229952,60.0,25.0,9.0,0.658498,1627314629.0,367008020.0,37.800253,-122.51356,6.340712,0.842416,0.538828,31.0,30.0,9.0,0.633541,1627314629.0,367145450.0,37.82726,-122.44964,8.319924,-0.849779,0.527139,60.0,16.0,9.0,0.572711,331.2583333333333,5.958055555555555,10.0
1627314630.0,366975760.0,37.821016,-122.462958,9.774687,0.973251,0.229743,60.0,25.0,9.0,0.656687,1627314630.0,367008020.0,37.800269,-122.513529,6.339498,0.842262,0.539069,31.0,30.0,9.0,0.631669,1627314630.0,367145450.0,37.82728,-122.449681,8.301541,-0.850198,0.526463,60.0,16.0,9.0,0.570655,331.25,5.958333333333333,10.0
1627314631.0,366975760.0,37.821027,-122.462902,9.776899,0.973312,0.229487,60.0,25.0,9.0,0.654876,1627314631.0,367008020.0,37.800285,-122.513497,6.338253,0.842111,0.539305,31.0,30.0,9.0,0.629797,1627314631.0,367145450.0,37.827301,-122.449723,8.283621,-0.850621,0.52578,60.0,16.0,9.0,0.568603,331.2416666666667,5.958611111111111,10.0
1627314632.0,366975760.0,37.821037,-122.462846,9.77898,0.973383,0.229183,60.0,25.0,9.0,0.653064,1627314632.0,367008020.0,37.800301,-122.513466,6.336978,0.841962,0.539537,31.0,30.0,9.0,0.627926,1627314632.0,367145450.0,37.827321,-122.449764,8.266163,-0.851048,0.525088,60.0,16.0,9.0,0.566555,331.2333333333333,5.958888888888889,10.0
1627314633.0,366975760.0,37.821047,-122.462791,9.780929,0.973466,0.228833,60.0,25.0,9.0,0.651252,1627314633.0,367008020.0,37.800317,-122.513435,6.335673,0.841816,0.539764,31.0,30.0,9.0,0.626056,1627314633.0,367145450.0,37.827341,-122.449805,8.249169,-0.85148,0.524387,60.0,16.0,9.0,0.564512,331.225,5.9591666666666665,10.0
1627314634.0,366975760.0,37.821058,-122.462735,9.782748,0.973559,0.228436,60.0,25.0,9.0,0.649439,1627314634.0,367008020.0,37.800333,-122.513404,6.334338,0.841673,0.539987,31.0,30.0,9.0,0.624186,1627314634.0,367145450.0,37.827361,-122.449846,8.232639,-0.851916,0.523679,60.0,16.0,9.0,0.562473,331.2166666666667,5.959444444444444,10.0
1627314635.0,366975760.0,37.821068,-122.462679,9.784438,0.973663,0.227991,60.0,25.0,9.0,0.647626,1627314635.0,367008020.0,37.800348,-122.513372,6.332973,0.841533,0.540206,31.0,30.0,9.0,0.622316,1627314635.0,367145450.0,37.827381,-122.449887,8.216572,-0.852356,0.522963,60.0,16.0,9.0,0.560438,331.2083333333333,5.959722222222222,10.0
1627314636.0,366975760.0,37.821078,-122.462623,9.785998,0.973778,0.227499,60.0,25.0,9.0,0.645813,1627314636.0,367008020.0,37.800364,-122.513341,6.331577,0.841396,0.54042,31.0,30.0,9.0,0.620447,1627314636.0,367145450.0,37.827401,-122.449928,8.200969,-0.8528,0.522238,60.0,16.0,9.0,0.558406,331.2,5.96,10.0
1627314637.0,366975760.0,37.821089,-122.462568,9.78743,0.973904,0.22696,60.0,25.0,9.0,0.643999,1627314637.0,367008020.0,37.80038,-122.51331,6.330157,0.841261,0.540629,31.0,30.0,9.0,0.618578,1627314637.0,367145450.0,37.82742,-122.449969,8.185829,-0.853248,0.521506,60.0,16.0,9.0,0.556379,331.19166666666666,5.960277777777778,10.0
1627314638.0,366975760.0,37.821099,-122.462512,9.788735,0.97404,0.226374,60.0,25.0,9.0,0.642185,1627314638.0,367008020.0,37.800396,-122.513279,6.328731,0.84113,0.540834,31.0,30.0,9.0,0.61671,1627314638.0,367145450.0,37.82744,-122.45001,8.171154,-0.8537,0.520766,60.0,16.0,9.0,0.554354,331.18333333333334,5.960555555555556,10.0
1627314639.0,366975760.0,37.821109,-122.462456,9.789913,0.974187,0.225741,60.0,25.0,9.0,0.640371,1627314639.0,367008020.0,37.800412,-122.513248,6.327304,0.841002,0.541033,31.0,30.0,9.0,0.614843,1627314639.0,367145450.0,37.82746,-122.450051,8.156943,-0.854155,0.520018,60.0,16.0,9.0,0.552334,331.175,5.960833333333333,10.0
1627314640.0,366975760.0,37.821119,-122.4624,9.790964,0.974345,0.22506,60.0,25.0,9.0,0.638556,1627314640.0,367008020.0,37.800428,-122.513216,6.325878,0.840877,0.541227,31.0,30.0,9.0,0.612976,1627314640.0,367145450.0,37.827479,-122.450092,8.143196,-0.854615,0.519262,60.0,16.0,9.0,0.550317,331.1666666666667,5.961111111111111,10.0
1627314641.0,366975760.0,37.82113,-122.462344,9.791891,0.974513,0.224333,60.0,25.0,9.0,0.636741,1627314641.0,367008020.0,37.800443,-122.513185,6.32445,0.840755,0.541416,31.0,30.0,9.0,0.611109,1627314641.0,367145450.0,37.827499,-122.450133,8.129913,-0.855078,0.518499,60.0,16.0,9.0,0.548303,331.15833333333336,5.961388888888889,10.0
1627314642.0,366975760.0,37.82114,-122.462288,9.792695,0.974691,0.223558,60.0,25.0,9.0,0.634926,1627314642.0,367008020.0,37.800459,-122.513154,6.323023,0.840637,0.541599,31.0,30.0,9.0,0.609243,1627314642.0,367145450.0,37.827519,-122.450174,8.117096,-0.855545,0.517728,60.0,16.0,9.0,0.546292,331.15,5.961666666666667,10.0
1627314643.0,366975760.0,37.82115,-122.462232,9.793375,0.974879,0.222735,60.0,25.0,9.0,0.633111,1627314643.0,367008020.0,37.800475,-122.513123,6.321595,0.840522,0.541778,31.0,30.0,9.0,0.607378,1627314643.0,367145450.0,37.827538,-122.450214,8.104743,-0.856015,0.51695,60.0,16.0,9.0,0.544284,331.14166666666665,5.961944444444445,10.0
1627314644.0,366975760.0,37.82116,-122.462176,9.793935,0.975077,0.221865,60.0,25.0,9.0,0.631295,1627314644.0,367008020.0,37.800491,-122.513092,6.320167,0.84041,0.541951,31.0,30.0,9.0,0.605512,1627314644.0,367145450.0,37.827557,-122.450255,8.092855,-0.856489,0.516165,60.0,16.0,9.0,0.542279,331.1333333333333,5.962222222222223,10.0
1627314645.0,366975760.0,37.82117,-122.46212,9.794374,0.975286,0.220948,60.0,25.0,9.0,0.62948,1627314645.0,367008020.0,37.800507,-122.513061,6.318739,0.840302,0.542119,31.0,30.0,9.0,0.603648,1627314645.0,367145450.0,37.827577,-122.450295,8.081432,-0.856967,0.515372,60.0,16.0,9.0,0.540277,331.125,5.9625,10.0
1627314646.0,366975760.0,37.82118,-122.462065,9.794694,0.975504,0.219984,60.0,25.0,9.0,0.627664,1627314646.0,367008020.0,37.800523,-122.51303,6.317309,0.840197,0.542281,31.0,30.0,9.0,0.601784,1627314646.0,367145450.0,37.827596,-122.450336,8.070474,-0.857447,0.514572,60.0,16.0,9.0,0.538277,331.1166666666667,5.962777777777777,10.0
1627314647.0,366975760.0,37.82119,-122.462009,9.794897,0.975731,0.218971,60.0,25.0,9.0,0.625848,1627314647.0,367008020.0,37.800538,-122.512999,6.31588,0.840095,0.542439,31.0,30.0,9.0,0.59992,1627314647.0,367145450.0,37.827615,-122.450377,8.059982,-0.857931,0.513765,60.0,16.0,9.0,0.53628,331.1083333333333,5.963055555555556,10.0
1627314648.0,366975760.0,37.8212,-122.461953,9.794984,0.975969,0.217911,60.0,25.0,9.0,0.624032,1627314648.0,367008020.0,37.800554,-122.512968,6.31445,0.839997,0.542591,31.0,30.0,9.0,0.598057,1627314648.0,367145450.0,37.827634,-122.450417,8.049955,-0.858418,0.512951,60.0,16.0,9.0,0.534286,331.1,5.963333333333333,10.0
1627314649.0,366975760.0,37.82121,-122.461897,9.794956,0.976215,0.216804,60.0,25.0,9.0,0.622216,1627314649.0,367008020.0,37.80057,-122.512937,6.313019,0.839902,0.542738,31.0,30.0,9.0,0.596194,1627314649.0,367145450.0,37.827653,-122.450457,8.040394,-0.858908,0.51213,60.0,16.0,9.0,0.532293,331.0916666666667,5.963611111111111,10.0
1627314650.0,366975760.0,37.82122,-122.461841,9.794816,0.976471,0.215649,60.0,25.0,9.0,0.620399,1627314650.0,367008020.0,37.800586,-122.512906,6.311588,0.83981,0.54288,31.0,30.0,9.0,0.594332,1627314650.0,367145450.0,37.827672,-122.450498,8.031298,-0.859401,0.511303,60.0,16.0,9.0,0.530303,331.0833333333333,5.963888888888889,10.0
1627314651.0,366975760.0,37.821229,-122.461785,9.794565,0.976736,0.214445,60.0,25.0,9.0,0.618583,1627314651.0,367008020.0,37.800602,-122.512875,6.310156,0.839722,0.543017,31.0,30.0,9.0,0.592471,1627314651.0,367145450.0,37.827691,-122.450538,8.022669,-0.859896,0.510469,60.0,16.0,9.0,0.528315,331.075,5.964166666666666,10.0
1627314652.0,366975760.0,37.821239,-122.461729,9.794204,0.97701,0.213194,60.0,25.0,9.0,0.616767,1627314652.0,367008020.0,37.800618,-122.512843,6.308724,0.839637,0.543148,31.0,30.0,9.0,0.590609,1627314652.0,367145450.0,37.82771,-122.450579,8.014506,-0.860395,0.509628,60.0,16.0,9.0,0.526329,331.06666666666666,5.964444444444444,10.0
1627314653.0,366975760.0,37.821249,-122.461673,9.793736,0.977292,0.211895,60.0,25.0,9.0,0.61495,1627314653.0,367008020.0,37.800634,-122.512812,6.307291,0.839555,0.543274,31.0,30.0,9.0,0.588749,1627314653.0,367145450.0,37.827729,-122.450619,8.006808,-0.860896,0.508781,60.0,16.0,9.0,0.524345,331.05833333333334,5.964722222222222,10.0
1627314654.0,366975760.0,37.821258,-122.461616,9.793162,0.977584,0.210548,60.0,25.0,9.0,0.613134,1627314654.0,367008020.0,37.800649,-122.512781,6.305858,0.839477,0.543395,31.0,30.0,9.0,0.586888,1627314654.0,367145450.0,37.827748,-122.45066,7.999578,-0.8614,0.507927,60.0,16.0,9.0,0.522362,331.05,5.965,10.0
1627314655.0,366975760.0,37.821268,-122.46156,9.792485,0.977883,0.209153,60.0,25.0,9.0,0.611317,1627314655.0,367008020.0,37.800665,-122.51275,6.304423,0.839402,0.543511,31.0,30.0,9.0,0.585029,1627314655.0,367145450.0,37.827767,-122.4507,7.992813,-0.861906,0.507068,60.0,16.0,9.0,0.520381,331.0416666666667,5.965277777777778,10.0
1627314656.0,366975760.0,37.821277,-122.461504,9.791706,0.978191,0.207709,60.0,25.0,9.0,0.609501,1627314656.0,367008020.0,37.800681,-122.512719,6.302989,0.83933,0.543622,31.0,30.0,9.0,0.583169,1627314656.0,367145450.0,37.827786,-122.45074,7.986516,-0.862415,0.506202,60.0,16.0,9.0,0.518401,331.03333333333336,5.965555555555556,10.0
1627314657.0,366975760.0,37.821287,-122.461448,9.790828,0.978506,0.206217,60.0,25.0,9.0,0.607685,1627314657.0,367008020.0,37.800697,-122.512689,6.301553,0.839262,0.543727,31.0,30.0,9.0,0.58131,1627314657.0,367145450.0,37.827804,-122.450781,7.980685,-0.862926,0.505331,60.0,16.0,9.0,0.516423,331.025,5.965833333333333,10.0
1627314658.0,366975760.0,37.821296,-122.461392,9.789853,0.97883,0.204676,60.0,25.0,9.0,0.605869,1627314658.0,367008020.0,37.800713,-122.512658,6.300117,0.839197,0.543827,31.0,30.0,9.0,0.579452,1627314658.0,367145450.0,37.827823,-122.450821,7.975321,-0.863439,0.504454,60.0,16.0,9.0,0.514446,331.01666666666665,5.966111111111111,10.0
1627314659.0,366975760.0,37.821305,-122.461336,9.788783,0.979161,0.203087,60.0,25.0,9.0,0.604052,1627314659.0,367008020.0,37.800729,-122.512627,6.29868,0.839136,0.543922,31.0,30.0,9.0,0.577594,1627314659.0,367145450.0,37.827842,-122.450861,7.970424,-0.863954,0.503571,60.0,16.0,9.0,0.51247,331.0083333333333,5.966388888888889,10.0
1627314660.0,366975760.0,37.821315,-122.46128,9.78762,0.979499,0.201449,60.0,25.0,9.0,0.602236,1627314660.0,367008020.0,37.800744,-122.512596,6.297242,0.839078,0.544011,31.0,30.0,9.0,0.575737,1627314660.0,367145450.0,37.82786,-122.450902,7.965994,-0.864471,0.502683,60.0,16.0,9.0,0.510495,331.0,5.966666666666667,10.0
1627314661.0,366975760.0,37.821324,-122.461224,9.786366,0.979844,0.199762,60.0,25.0,9.0,0.600421,1627314661.0,367008020.0,37.80076,-122.512565,6.295804,0.839023,0.544096,31.0,30.0,9.0,0.57388,1627314661.0,367145450.0,37.827879,-122.450942,7.962032,-0.86499,0.501789,60.0,16.0,9.0,0.508521,330.9916666666667,5.966944444444445,10.0
1627314662.0,366975760.0,37.821333,-122.461168,9.785025,0.980197,0.198026,60.0,25.0,9.0,0.598605,1627314662.0,367008020.0,37.800776,-122.512534,6.294365,0.838972,0.544175,31.0,30.0,9.0,0.572023,1627314662.0,367145450.0,37.827897,-122.450982,7.958537,-0.865511,0.50089,60.0,16.0,9.0,0.506548,330.9833333333333,5.967222222222222,10.0
1627314663.0,366975760.0,37.821342,-122.461111,9.783599,0.980556,0.196241,60.0,25.0,9.0,0.596789,1627314663.0,367008020.0,37.800792,-122.512503,6.292925,0.838924,0.544249,31.0,30.0,9.0,0.570167,1627314663.0,367145450.0,37.827916,-122.451023,7.955509,-0.866033,0.499986,60.0,16.0,9.0,0.504576,330.975,5.9675,10.0
1627314664.0,366975760.0,37.821351,-122.461055,9.78209,0.980921,0.194407,60.0,25.0,9.0,0.594974,1627314664.0,367008020.0,37.800808,-122.512472,6.291484,0.838879,0.544317,31.0,30.0,9.0,0.568311,1627314664.0,367145450.0,37.827934,-122.451063,7.95295,-0.866557,0.499077,60.0,16.0,9.0,0.502604,330.9666666666667,5.967777777777778,10.0
1627314665.0,366975760.0,37.821359,-122.460999,9.780502,0.981292,0.192524,60.0,25.0,9.0,0.593159,1627314665.0,367008020.0,37.800824,-122.512441,6.290043,0.838838,0.544381,31.0,30.0,9.0,0.566456,1627314665.0,367145450.0,37.827952,-122.451103,7.950857,-0.867083,0.498164,60.0,16.0,9.0,0.500632,330.9583333333333,5.968055555555556,10.0
1627314666.0,366975760.0,37.821368,-122.460943,9.778836,0.981669,0.190591,60.0,25.0,9.0,0.591344,1627314666.0,367008020.0,37.80084,-122.51241,6.288601,0.838801,0.544439,31.0,30.0,9.0,0.564602,1627314666.0,367145450.0,37.827971,-122.451144,7.949233,-0.86761,0.497245,60.0,16.0,9.0,0.498661,330.95,5.968333333333334,10.0
1627314667.0,366975760.0,37.821377,-122.460887,9.777096,0.982052,0.188609,60.0,25.0,9.0,0.58953,1627314667.0,367008020.0,37.800855,-122.512379,6.287158,0.838766,0.544491,31.0,30.0,9.0,0.562747,1627314667.0,367145450.0,37.827989,-122.451184,7.948077,-0.868138,0.496323,60.0,16.0,9.0,0.49669,330.94166666666666,5.968611111111111,10.0
1627314668.0,366975760.0,37.821385,-122.46083,9.775285,0.98244,0.186577,60.0,25.0,9.0,0.587715,1627314668.0,367008020.0,37.800871,-122.512348,6.285714,0.838736,0.544539,31.0,30.0,9.0,0.560894,1627314668.0,367145450.0,37.828007,-122.451225,7.947389,-0.868667,0.495396,60.0,16.0,9.0,0.494719,330.93333333333334,5.968888888888889,10.0
1627314669.0,366975760.0,37.821394,-122.460774,9.773406,0.982833,0.184495,60.0,25.0,9.0,0.585902,1627314669.0,367008020.0,37.800887,-122.512318,6.284269,0.838708,0.544581,31.0,30.0,9.0,0.55904,1627314669.0,367145450.0,37.828026,-122.451265,7.947169,-0.869198,0.494464,60.0,16.0,9.0,0.492747,330.925,5.969166666666666,10.0
1627314670.0,366975760.0,37.821402,-122.460718,9.771461,0.983231,0.182363,60.0,25.0,9.0,0.584088,1627314670.0,367008020.0,37.800903,-122.512287,6.282824,0.838684,0.544618,31.0,30.0,9.0,0.557187,1627314670.0,367145450.0,37.828044,-122.451305,7.947417,-0.869729,0.493529,60.0,16.0,9.0,0.490776,330.9166666666667,5.969444444444444,10.0
1627314671.0,366975760.0,37.82141,-122.460662,9.769454,0.983633,0.180182,60.0,25.0,9.0,0.582275,1627314671.0,367008020.0,37.800919,-122.512256,6.281378,0.838663,0.54465,31.0,30.0,9.0,0.555335,1627314671.0,367145450.0,37.828062,-122.451346,7.948134,-0.870261,0.49259,60.0,16.0,9.0,0.488805,330.90833333333336,5.969722222222222,10.0
1627314672.0,366975760.0,37.821418,-122.460605,9.767389,0.98404,0.17795,60.0,25.0,9.0,0.580462,1627314672.0,367008020.0,37.800935,-122.512225,6.279931,0.838646,0.544676,31.0,30.0,9.0,0.553483,1627314672.0,367145450.0,37.82808,-122.451386,7.949319,-0.870794,0.491647,60.0,16.0,9.0,0.486833,330.9,5.97,10.0
1627314673.0,366975760.0,37.821427,-122.460549,9.765267,0.98445,0.175667,60.0,25.0,9.0,0.578649,1627314673.0,367008020.0,37.80095,-122.512194,6.278483,0.838632,0.544698,31.0,30.0,9.0,0.551631,1627314673.0,367145450.0,37.828098,-122.451427,7.950973,-0.871328,0.490701,60.0,16.0,9.0,0.48486,330.89166666666665,5.970277777777778,10.0
1627314674.0,366975760.0,37.821434,-122.460493,9.763094,0.984863,0.173334,60.0,25.0,9.0,0.576837,1627314674.0,367008020.0,37.800966,-122.512163,6.277034,0.838622,0.544714,31.0,30.0,9.0,0.54978,1627314674.0,367145450.0,37.828116,-122.451468,7.953095,-0.871862,0.489752,60.0,16.0,9.0,0.482887,330.8833333333333,5.970555555555555,10.0
1627314675.0,366975760.0,37.821442,-122.460436,9.760872,0.98528,0.170951,60.0,25.0,9.0,0.575026,1627314675.0,367008020.0,37.800982,-122.512132,6.275585,0.838615,0.544724,31.0,30.0,9.0,0.547929,1627314675.0,367145450.0,37.828134,-122.451508,7.955686,-0.872397,0.488799,60.0,16.0,9.0,0.480914,330.875,5.970833333333333,10.0
1627314676.0,366975760.0,37.82145,-122.46038,9.758657,0.985695,0.16854,60.0,25.0,9.0,0.573214,1627314676.0,367008020.0,37.800998,-122.512102,6.274134,0.838612,0.54473,31.0,30.0,9.0,0.546079,1627314676.0,367145450.0,37.828152,-122.451549,7.958746,-0.872931,0.487843,60.0,16.0,9.0,0.478939,330.8666666666667,5.971111111111111,10.0
1627314677.0,366975760.0,37.821458,-122.460324,9.756657,0.986093,0.166196,60.0,25.0,9.0,0.571404,1627314677.0,367008020.0,37.801014,-122.512071,6.272683,0.838612,0.54473,31.0,30.0,9.0,0.544229,1627314677.0,367145450.0,37.82817,-122.45159,7.962275,-0.873466,0.486884,60.0,16.0,9.0,0.476963,330.8583333333333,5.971388888888889,10.0
1627314678.0,366975760.0,37.821465,-122.460267,9.754918,0.98647,0.163943,60.0,25.0,9.0,0.569593,1627314678.0,367008020.0,37.801029,-122.51204,6.271231,0.838615,0.544724,31.0,30.0,9.0,0.54238,1627314678.0,367145450.0,37.828188,-122.45163,7.966273,-0.874002,0.485923,60.0,16.0,9.0,0.474987,330.85,5.971666666666667,10.0
1627314679.0,366975760.0,37.821473,-122.460211,9.753435,0.986827,0.16178,60.0,25.0,9.0,0.567784,1627314679.0,367008020.0,37.801045,-122.512009,6.269778,0.838622,0.544714,31.0,30.0,9.0,0.540531,1627314679.0,367145450.0,37.828206,-122.451671,7.97074,-0.874537,0.484959,60.0,16.0,9.0,0.473009,330.8416666666667,5.9719444444444445,10.0
1627314680.0,366975760.0,37.82148,-122.460155,9.7522,0.987164,0.159709,60.0,25.0,9.0,0.565974,1627314680.0,367008020.0,37.801061,-122.511978,6.268325,0.838632,0.544698,31.0,30.0,9.0,0.538682,1627314680.0,367145450.0,37.828224,-122.451712,7.975677,-0.875072,0.483993,60.0,16.0,9.0,0.47103,330.8333333333333,5.972222222222222,10.0
1627314681.0,366975760.0,37.821487,-122.460098,9.751209,0.987482,0.157729,60.0,25.0,9.0,0.564165,1627314681.0,367008020.0,37.801077,-122.511948,6.26687,0.838646,0.544677,31.0,30.0,9.0,0.536834,1627314681.0,367145450.0,37.828242,-122.451753,7.981082,-0.875607,0.483024,60.0,16.0,9.0,0.469049,330.825,5.9725,10.0
1627314682.0,366975760.0,37.821494,-122.460042,9.750456,0.987782,0.155841,60.0,25.0,9.0,0.562356,1627314682.0,367008020.0,37.801093,-122.511917,6.265415,0.838663,0.54465,31.0,30.0,9.0,0.534986,1627314682.0,367145450.0,37.82826,-122.451794,7.986957,-0.876142,0.482054,60.0,16.0,9.0,0.467067,330.81666666666666,5.972777777777778,10.0
1627314683.0,366975760.0,37.821501,-122.459985,9.749936,0.988064,0.154045,60.0,25.0,9.0,0.560548,1627314683.0,367008020.0,37.801108,-122.511886,6.263959,0.838684,0.544618,31.0,30.0,9.0,0.533139,1627314683.0,367145450.0,37.828277,-122.451835,7.993301,-0.876676,0.481082,60.0,16.0,9.0,0.465084,330.80833333333334,5.973055555555556,10.0
1627314684.0,366975760.0,37.821508,-122.459929,9.749643,0.988328,0.152342,60.0,25.0,9.0,0.55874,1627314684.0,367008020.0,37.801124,-122.511855,6.262502,0.838708,0.544581,31.0,30.0,9.0,0.531292,1627314684.0,367145450.0,37.828295,-122.451876,8.000114,-0.877209,0.480108,60.0,16.0,9.0,0.463098,330.8,5.973333333333334,10.0
1627314685.0,366975760.0,37.821515,-122.459873,9.749573,0.988575,0.15073,60.0,25.0,9.0,0.556932,1627314685.0,367008020.0,37.80114,-122.511825,6.261044,0.838736,0.544539,31.0,30.0,9.0,0.529445,1627314685.0,367145450.0,37.828313,-122.451917,8.007397,-0.877743,0.479132,60.0,16.0,9.0,0.461111,330.7916666666667,5.973611111111111,10.0
1627314686.0,366975760.0,37.821522,-122.459816,9.749721,0.988805,0.149212,60.0,25.0,9.0,0.555124,1627314686.0,367008020.0,37.801156,-122.511794,6.259585,0.838767,0.544491,31.0,30.0,9.0,0.527599,1627314686.0,367145450.0,37.828331,-122.451958,8.01515,-0.878275,0.478156,60.0,16.0,9.0,0.459122,330.78333333333336,5.973888888888889,10.0
1627314687.0,366975760.0,37.821529,-122.45976,9.750084,0.989019,0.147786,60.0,25.0,9.0,0.553316,1627314687.0,367008020.0,37.801172,-122.511763,6.258126,0.838801,0.544438,31.0,30.0,9.0,0.525753,1627314687.0,367145450.0,37.828348,-122.451999,8.023372,-0.878807,0.477178,60.0,16.0,9.0,0.45713,330.775,5.974166666666667,10.0
1627314688.0,366975760.0,37.821535,-122.459703,9.750656,0.989218,0.146453,60.0,25.0,9.0,0.551508,1627314688.0,367008020.0,37.801187,-122.511732,6.256666,0.838839,0.54438,31.0,30.0,9.0,0.523908,1627314688.0,367145450.0,37.828366,-122.452041,8.032063,-0.879338,0.476199,60.0,16.0,9.0,0.455137,330.76666666666665,5.974444444444444,10.0
1627314689.0,366975760.0,37.821542,-122.459647,9.751436,0.9894,0.145213,60.0,25.0,9.0,0.5497,1627314689.0,367008020.0,37.801203,-122.511702,6.255205,0.83888,0.544316,31.0,30.0,9.0,0.522063,1627314689.0,367145450.0,37.828384,-122.452082,8.041225,-0.879867,0.475219,60.0,16.0,9.0,0.453141,330.7583333333333,5.974722222222223,10.0
1627314690.0,366975760.0,37.821548,-122.45959,9.752418,0.989568,0.144066,60.0,25.0,9.0,0.547893,1627314690.0,367008020.0,37.801219,-122.511671,6.253743,0.838925,0.544247,31.0,30.0,9.0,0.520219,1627314690.0,367145450.0,37.828401,-122.452123,8.050855,-0.880396,0.474239,60.0,16.0,9.0,0.451143,330.75,5.975,10.0
1627314691.0,366975760.0,37.821555,-122.459534,9.7536,0.989721,0.143012,60.0,25.0,9.0,0.546085,1627314691.0,367008020.0,37.801235,-122.51164,6.252281,0.838974,0.544172,31.0,30.0,9.0,0.518375,1627314691.0,367145450.0,37.828419,-122.452165,8.060956,-0.880924,0.473258,60.0,16.0,9.0,0.449142,330.7416666666667,5.9752777777777775,10.0
1627314692.0,366975760.0,37.821561,-122.459477,9.754979,0.989859,0.142052,60.0,25.0,9.0,0.544277,1627314692.0,367008020.0,37.80125,-122.511609,6.250818,0.839025,0.544092,31.0,30.0,9.0,0.516531,1627314692.0,367145450.0,37.828437,-122.452206,8.071527,-0.88145,0.472277,60.0,16.0,9.0,0.447138,330.7333333333333,5.975555555555555,10.0
1627314693.0,366975760.0,37.821568,-122.459421,9.756553,0.989983,0.141185,60.0,25.0,9.0,0.542469,1627314693.0,367008020.0,37.801266,-122.511579,6.249354,0.839081,0.544007,31.0,30.0,9.0,0.514688,1627314693.0,367145450.0,37.828454,-122.452248,8.082567,-0.881975,0.471296,60.0,16.0,9.0,0.445132,330.725,5.975833333333333,10.0
1627314694.0,366975760.0,37.821574,-122.459364,9.758318,0.990093,0.140412,60.0,25.0,9.0,0.540661,1627314694.0,367008020.0,37.801282,-122.511548,6.247889,0.839139,0.543917,31.0,30.0,9.0,0.512845,1627314694.0,367145450.0,37.828472,-122.45229,8.094077,-0.882499,0.470315,60.0,16.0,9.0,0.443123,330.7166666666667,5.976111111111111,10.0
1627314695.0,366975760.0,37.82158,-122.459307,9.760273,0.990189,0.139732,60.0,25.0,9.0,0.538853,1627314695.0,367008020.0,37.801298,-122.511517,6.246424,0.839201,0.543821,31.0,30.0,9.0,0.511003,1627314695.0,367145450.0,37.82849,-122.452332,8.106056,-0.883021,0.469334,60.0,16.0,9.0,0.441111,330.7083333333333,5.976388888888889,10.0
1627314696.0,366975760.0,37.821587,-122.459251,9.762415,0.990272,0.139145,60.0,25.0,9.0,0.537044,1627314696.0,367008020.0,37.801313,-122.511487,6.244958,0.839267,0.543719,31.0,30.0,9.0,0.509161,1627314696.0,367145450.0,37.828507,-122.452374,8.118506,-0.883541,0.468354,60.0,16.0,9.0,0.439096,330.7,5.976666666666667,10.0
1627314697.0,366975760.0,37.821593,-122.459194,9.764744,0.990341,0.138652,60.0,25.0,9.0,0.535236,1627314697.0,367008020.0,37.801329,-122.511456,6.243491,0.839336,0.543613,31.0,30.0,9.0,0.507319,1627314697.0,367145450.0,37.828525,-122.452416,8.131426,-0.88406,0.467374,60.0,16.0,9.0,0.437078,330.69166666666666,5.976944444444444,10.0
1627314698.0,366975760.0,37.821599,-122.459137,9.767257,0.990397,0.138253,60.0,25.0,9.0,0.533427,1627314698.0,367008020.0,37.801345,-122.511425,6.242023,0.839409,0.543501,31.0,30.0,9.0,0.505478,1627314698.0,367145450.0,37.828542,-122.452458,8.144815,-0.884577,0.466395,60.0,16.0,9.0,0.435057,330.68333333333334,5.977222222222222,10.0
1627314699.0,366975760.0,37.821606,-122.459081,9.769954,0.99044,0.137946,60.0,25.0,9.0,0.531617,1627314699.0,367008020.0,37.80136,-122.511395,6.240555,0.839485,0.543383,31.0,30.0,9.0,0.503637,1627314699.0,367145450.0,37.82856,-122.4525,8.158555,-0.88509,0.465419,60.0,16.0,9.0,0.433032,330.675,5.9775,10.0
1627314700.0,366975760.0,37.821612,-122.459024,9.772834,0.990469,0.137734,60.0,25.0,9.0,0.529807,1627314700.0,367008020.0,37.801376,-122.511364,6.239086,0.839564,0.54326,31.0,30.0,9.0,0.501796,1627314700.0,367145450.0,37.828578,-122.452542,8.172172,-0.885596,0.464457,60.0,16.0,9.0,0.431003,330.6666666666667,5.977777777777778,10.0
1627314701.0,366975760.0,37.821618,-122.458967,9.775896,0.990486,0.137614,60.0,25.0,9.0,0.527997,1627314701.0,367008020.0,37.801392,-122.511333,6.237617,0.839647,0.543132,31.0,30.0,9.0,0.499956,1627314701.0,367145450.0,37.828595,-122.452585,8.185545,-0.886092,0.46351,60.0,16.0,9.0,0.428972,330.65833333333336,5.978055555555556,10.0
1627314702.0,366975760.0,37.821624,-122.458911,9.77914,0.99049,0.137587,60.0,25.0,9.0,0.526187,1627314702.0,367008020.0,37.801407,-122.511303,6.236147,0.839734,0.542999,31.0,30.0,9.0,0.498117,1627314702.0,367145450.0,37.828613,-122.452627,8.198674,-0.886578,0.462579,60.0,16.0,9.0,0.426937,330.65,5.9783333333333335,10.0
1627314703.0,366975760.0,37.82163,-122.458854,9.782566,0.99048,0.137654,60.0,25.0,9.0,0.524375,1627314703.0,367008020.0,37.801423,-122.511272,6.234676,0.839824,0.54286,31.0,30.0,9.0,0.496277,1627314703.0,367145450.0,37.82863,-122.45267,8.21156,-0.887056,0.461663,60.0,16.0,9.0,0.424898,330.64166666666665,5.978611111111111,10.0
1627314704.0,366975760.0,37.821637,-122.458797,9.786173,0.990458,0.137814,60.0,25.0,9.0,0.522564,1627314704.0,367008020.0,37.801439,-122.511241,6.233205,0.839917,0.542715,31.0,30.0,9.0,0.494438,1627314704.0,367145450.0,37.828648,-122.452712,8.224201,-0.887524,0.460762,60.0,16.0,9.0,0.422857,330.6333333333333,5.978888888888889,10.0
1627314705.0,366975760.0,37.821643,-122.458741,9.789963,0.990423,0.138067,60.0,25.0,9.0,0.520751,1627314705.0,367008020.0,37.801454,-122.511211,6.231734,0.840014,0.542565,31.0,30.0,9.0,0.4926,1627314705.0,367145450.0,37.828665,-122.452755,8.236597,-0.887983,0.459877,60.0,16.0,9.0,0.420812,330.625,5.979166666666667,10.0
1627314706.0,366975760.0,37.821649,-122.458684,9.793936,0.990375,0.138412,60.0,25.0,9.0,0.518938,1627314706.0,367008020.0,37.80147,-122.51118,6.230265,0.840113,0.542412,31.0,30.0,9.0,0.490761,1627314706.0,367145450.0,37.828683,-122.452798,8.248748,-0.888433,0.459007,60.0,16.0,9.0,0.418765,330.6166666666667,5.979444444444445,10.0
1627314707.0,366975760.0,37.821655,-122.458627,9.798094,0.990313,0.13885,60.0,25.0,9.0,0.517125,1627314707.0,367008020.0,37.801486,-122.511149,6.228817,0.840208,0.542265,31.0,30.0,9.0,0.488924,1627314707.0,367145450.0,37.8287,-122.452841,8.260653,-0.888874,0.458151,60.0,16.0,9.0,0.416714,330.6083333333333,5.979722222222223,10.0
1627314708.0,366975760.0,37.821662,-122.45857,9.802436,0.990239,0.13938,60.0,25.0,9.0,0.515311,1627314708.0,367008020.0,37.801501,-122.511119,6.227393,0.840297,0.542126,31.0,30.0,9.0,0.487086,1627314708.0,367145450.0,37.828718,-122.452884,8.272312,-0.889307,0.457311,60.0,16.0,9.0,0.414661,330.6,5.98,10.0
1627314709.0,366975760.0,37.821668,-122.458513,9.806965,0.990151,0.140003,60.0,25.0,9.0,0.513495,1627314709.0,367008020.0,37.801517,-122.511088,6.225992,0.840382,0.541995,31.0,30.0,9.0,0.485249,1627314709.0,367145450.0,37.828735,-122.452927,8.283725,-0.889731,0.456485,60.0,16.0,9.0,0.412605,330.5916666666667,5.980277777777777,10.0
1627314710.0,366975760.0,37.821674,-122.458456,9.811683,0.99005,0.140718,60.0,25.0,9.0,0.51168,1627314710.0,367008020.0,37.801532,-122.511057,6.224615,0.840461,0.541872,31.0,30.0,9.0,0.483412,1627314710.0,367145450.0,37.828753,-122.45297,8.294891,-0.890147,0.455673,60.0,16.0,9.0,0.410547,330.5833333333333,5.980555555555555,10.0
1627314711.0,366975760.0,37.821681,-122.458399,9.816591,0.989935,0.141525,60.0,25.0,9.0,0.509863,1627314711.0,367008020.0,37.801548,-122.511027,6.223262,0.840534,0.541758,31.0,30.0,9.0,0.481576,1627314711.0,367145450.0,37.82877,-122.453013,8.30581,-0.890555,0.454877,60.0,16.0,9.0,0.408486,330.575,5.980833333333333,10.0
1627314712.0,366975760.0,37.821687,-122.458343,9.821692,0.989806,0.142423,60.0,25.0,9.0,0.508045,1627314712.0,367008020.0,37.801564,-122.510996,6.221932,0.840603,0.541652,31.0,30.0,9.0,0.47974,1627314712.0,367145450.0,37.828788,-122.453057,8.316481,-0.890954,0.454094,60.0,16.0,9.0,0.406422,330.56666666666666,5.981111111111111,10.0
1627314713.0,366975760.0,37.821694,-122.458286,9.826988,0.989663,0.143413,60.0,25.0,9.0,0.506227,1627314713.0,367008020.0,37.801579,-122.510966,6.220626,0.840666,0.541554,31.0,30.0,9.0,0.477904,1627314713.0,367145450.0,37.828805,-122.4531,8.326905,-0.891345,0.453326,60.0,16.0,9.0,0.404357,330.55833333333334,5.981388888888889,10.0
1627314714.0,366975760.0,37.8217,-122.458229,9.832482,0.989506,0.144494,60.0,25.0,9.0,0.504407,1627314714.0,367008020.0,37.801595,-122.510935,6.219344,0.840724,0.541464,31.0,30.0,9.0,0.476069,1627314714.0,367145450.0,37.828823,-122.453144,8.337081,-0.891728,0.452572,60.0,16.0,9.0,0.402289,330.55,5.9816666666666665,10.0
1627314715.0,366975760.0,37.821707,-122.458172,9.838177,0.989334,0.145666,60.0,25.0,9.0,0.502587,1627314715.0,367008020.0,37.80161,-122.510904,6.218086,0.840776,0.541383,31.0,30.0,9.0,0.474234,1627314715.0,367145450.0,37.82884,-122.453187,8.347008,-0.892103,0.451831,60.0,16.0,9.0,0.400218,330.5416666666667,5.981944444444444,10.0
1627314716.0,366975760.0,37.821713,-122.458115,9.844076,0.989147,0.146929,60.0,25.0,9.0,0.500765,1627314716.0,367008020.0,37.801626,-122.510874,6.216851,0.840824,0.541309,31.0,30.0,9.0,0.4724,1627314716.0,367145450.0,37.828858,-122.453231,8.356686,-0.892471,0.451105,60.0,16.0,9.0,0.398146,330.53333333333336,5.982222222222222,10.0
1627314717.0,366975760.0,37.82172,-122.458058,9.850183,0.988945,0.148282,60.0,25.0,9.0,0.498943,1627314717.0,367008020.0,37.801642,-122.510843,6.215639,0.840865,0.541244,31.0,30.0,9.0,0.470565,1627314717.0,367145450.0,37.828875,-122.453275,8.366115,-0.892831,0.450393,60.0,16.0,9.0,0.396072,330.525,5.9825,10.0
1627314718.0,366975760.0,37.821727,-122.458001,9.856501,0.988728,0.149725,60.0,25.0,9.0,0.497119,1627314718.0,367008020.0,37.801657,-122.510812,6.214452,0.840902,0.541187,31.0,30.0,9.0,0.468731,1627314718.0,367145450.0,37.828893,-122.453318,8.375295,-0.893183,0.449694,60.0,16.0,9.0,0.393995,330.51666666666665,5.982777777777778,10.0
1627314719.0,366975760.0,37.821734,-122.457943,9.863034,0.988494,0.151258,60.0,25.0,9.0,0.495294,1627314719.0,367008020.0,37.801673,-122.510782,6.213288,0.840933,0.541139,31.0,30.0,9.0,0.466898,1627314719.0,367145450.0,37.82891,-122.453362,8.384225,-0.893527,0.449009,60.0,16.0,9.0,0.391917,330.5083333333333,5.983055555555556,10.0
1627314720.0,366975760.0,37.821741,-122.457886,9.869787,0.988245,0.15288,60.0,25.0,9.0,0.493468,1627314720.0,367008020.0,37.801688,-122.510751,6.212147,0.840959,0.541099,31.0,30.0,9.0,0.465064,1627314720.0,367145450.0,37.828927,-122.453406,8.392906,-0.893864,0.448338,60.0,16.0,9.0,0.389838,330.5,5.983333333333333,10.0
1627314721.0,366975760.0,37.821748,-122.457829,9.876764,0.987979,0.154591,60.0,25.0,9.0,0.491641,1627314721.0,367008020.0,37.801704,-122.510721,6.21103,0.84098,0.541067,31.0,30.0,9.0,0.463231,1627314721.0,367145450.0,37.828945,-122.45345,8.401336,-0.894194,0.44768,60.0,16.0,9.0,0.387756,330.4916666666667,5.983611111111111,10.0
1627314722.0,366975760.0,37.821755,-122.457772,9.88397,0.987695,0.156391,60.0,25.0,9.0,0.489812,1627314722.0,367008020.0,37.801719,-122.51069,6.209937,0.840995,0.541043,31.0,30.0,9.0,0.461399,1627314722.0,367145450.0,37.828962,-122.453494,8.409515,-0.894516,0.447035,60.0,16.0,9.0,0.385673,330.4833333333333,5.983888888888889,10.0
1627314723.0,366975760.0,37.821762,-122.457715,9.89141,0.987394,0.158279,60.0,25.0,9.0,0.487982,1627314723.0,367008020.0,37.801735,-122.51066,6.208867,0.841005,0.541028,31.0,30.0,9.0,0.459567,1627314723.0,367145450.0,37.82898,-122.453538,8.417444,-0.894832,0.446404,60.0,16.0,9.0,0.383589,330.475,5.984166666666667,10.0
1627314724.0,366975760.0,37.821769,-122.457658,9.899088,0.987076,0.160255,60.0,25.0,9.0,0.48615,1627314724.0,367008020.0,37.80175,-122.510629,6.207821,0.841009,0.541021,31.0,30.0,9.0,0.457735,1627314724.0,367145450.0,37.828997,-122.453582,8.425122,-0.89514,0.445786,60.0,16.0,9.0,0.381503,330.4666666666667,5.984444444444445,10.0
1627314725.0,366975760.0,37.821776,-122.457601,9.90701,0.986738,0.162318,60.0,25.0,9.0,0.484318,1627314725.0,367008020.0,37.801766,-122.510598,6.206798,0.841009,0.541022,31.0,30.0,9.0,0.455903,1627314725.0,367145450.0,37.829014,-122.453626,8.432549,-0.895441,0.445181,60.0,16.0,9.0,0.379416,330.4583333333333,5.984722222222223,10.0
1627314726.0,366975760.0,37.821784,-122.457543,9.915183,0.986382,0.164468,60.0,25.0,9.0,0.482483,1627314726.0,367008020.0,37.801782,-122.510568,6.205799,0.841003,0.541031,31.0,30.0,9.0,0.454071,1627314726.0,367145450.0,37.829032,-122.45367,8.439724,-0.895735,0.444589,60.0,16.0,9.0,0.377328,330.45,5.985,10.0
1627314727.0,366975760.0,37.821791,-122.457486,9.923611,0.986007,0.166705,60.0,25.0,9.0,0.480647,1627314727.0,367008020.0,37.801797,-122.510537,6.204823,0.840991,0.541049,31.0,30.0,9.0,0.45224,1627314727.0,367145450.0,37.829049,-122.453715,8.446648,-0.896022,0.44401,60.0,16.0,9.0,0.375239,330.44166666666666,5.985277777777778,10.0
1627314728.0,366975760.0,37.821799,-122.457429,9.932301,0.985611,0.169028,60.0,25.0,9.0,0.47881,1627314728.0,367008020.0,37.801813,-122.510507,6.203871,0.840974,0.541075,31.0,30.0,9.0,0.45041,1627314728.0,367145450.0,37.829066,-122.453759,8.453319,-0.896302,0.443444,60.0,16.0,9.0,0.373149,330.43333333333334,5.985555555555555,10.0
1627314729.0,366975760.0,37.821807,-122.457371,9.941259,0.985195,0.171436,60.0,25.0,9.0,0.47697,1627314729.0,367008020.0,37.801828,-122.510476,6.202943,0.840952,0.541109,31.0,30.0,9.0,0.448579,1627314729.0,367145450.0,37.829084,-122.453803,8.459738,-0.896575,0.442891,60.0,16.0,9.0,0.371058,330.425,5.985833333333334,10.0
1627314730.0,366975760.0,37.821815,-122.457314,9.950491,0.984758,0.173929,60.0,25.0,9.0,0.47513,1627314730.0,367008020.0,37.801844,-122.510446,6.202038,0.840925,0.541152,31.0,30.0,9.0,0.446749,1627314730.0,367145450.0,37.829101,-122.453848,8.465905,-0.896842,0.442351,60.0,16.0,9.0,0.368966,330.4166666666667,5.986111111111111,10.0
1627314731.0,366975760.0,37.821823,-122.457257,9.960005,0.984299,0.176506,60.0,25.0,9.0,0.473287,1627314731.0,367008020.0,37.801859,-122.510415,6.201156,0.840892,0.541203,31.0,30.0,9.0,0.444919,1627314731.0,367145450.0,37.829118,-122.453892,8.47182,-0.897102,0.441824,60.0,16.0,9.0,0.366874,330.40833333333336,5.9863888888888885,10.0
1627314732.0,366975760.0,37.821831,-122.457199,9.969808,0.983819,0.179168,60.0,25.0,9.0,0.471443,1627314732.0,367008020.0,37.801875,-122.510385,6.200299,0.840854,0.541263,31.0,30.0,9.0,0.443089,1627314732.0,367145450.0,37.829136,-122.453937,8.477481,-0.897355,0.441309,60.0,16.0,9.0,0.364781,330.4,5.986666666666666,10.0
1627314733.0,366975760.0,37.821839,-122.457142,9.979906,0.983315,0.181912,60.0,25.0,9.0,0.469597,1627314733.0,367008020.0,37.80189,-122.510354,6.199465,0.84081,0.54133,31.0,30.0,9.0,0.44126,1627314733.0,367145450.0,37.829153,-122.453981,8.48289,-0.897602,0.440807,60.0,16.0,9.0,0.362688,330.39166666666665,5.986944444444444,10.0
1627314734.0,366975760.0,37.821847,-122.457084,9.990307,0.982788,0.184739,60.0,25.0,9.0,0.467749,1627314734.0,367008020.0,37.801906,-122.510324,6.198654,0.840761,0.541406,31.0,30.0,9.0,0.439431,1627314734.0,367145450.0,37.82917,-122.454026,8.488045,-0.897842,0.440317,60.0,16.0,9.0,0.360594,330.3833333333333,5.987222222222222,10.0
1627314735.0,366975760.0,37.821856,-122.457027,10.001018,0.982236,0.187647,60.0,25.0,9.0,0.465899,1627314735.0,367008020.0,37.801921,-122.510293,6.197867,0.840707,0.54149,31.0,30.0,9.0,0.437602,1627314735.0,367145450.0,37.829188,-122.454071,8.492947,-0.898076,0.43984,60.0,16.0,9.0,0.3585,330.375,5.9875,10.0
1627314736.0,366975760.0,37.821865,-122.456969,10.012048,0.981661,0.190637,60.0,25.0,9.0,0.464047,1627314736.0,367008020.0,37.801937,-122.510262,6.197104,0.840647,0.541583,31.0,30.0,9.0,0.435773,1627314736.0,367145450.0,37.829205,-122.454115,8.497595,-0.898304,0.439375,60.0,16.0,9.0,0.356406,330.3666666666667,5.987777777777778,10.0
1627314737.0,366975760.0,37.821874,-122.456912,10.023404,0.981059,0.193708,60.0,25.0,9.0,0.462193,1627314737.0,367008020.0,37.801952,-122.510232,6.196364,0.840582,0.541684,31.0,30.0,9.0,0.433945,1627314737.0,367145450.0,37.829222,-122.45416,8.501989,-0.898525,0.438922,60.0,16.0,9.0,0.354311,330.3583333333333,5.988055555555556,10.0
1627314738.0,366975760.0,37.821882,-122.456854,10.035095,0.980432,0.196858,60.0,25.0,9.0,0.460337,1627314738.0,367008020.0,37.801968,-122.510201,6.195649,0.840512,0.541793,31.0,30.0,9.0,0.432117,1627314738.0,367145450.0,37.829239,-122.454205,8.50613,-0.89874,0.438482,60.0,16.0,9.0,0.352217,330.35,5.988333333333333,10.0
1627314739.0,366975760.0,37.821892,-122.456796,10.047128,0.979778,0.200087,60.0,25.0,9.0,0.458479,1627314739.0,367008020.0,37.801983,-122.510171,6.194956,0.840436,0.541911,31.0,30.0,9.0,0.430289,1627314739.0,367145450.0,37.829257,-122.45425,8.510016,-0.898948,0.438054,60.0,16.0,9.0,0.350123,330.3416666666667,5.988611111111111,10.0
1627314740.0,366975760.0,37.821901,-122.456739,10.059513,0.979097,0.203394,60.0,25.0,9.0,0.456619,1627314740.0,367008020.0,37.801999,-122.510141,6.194288,0.840355,0.542037,31.0,30.0,9.0,0.428462,1627314740.0,367145450.0,37.829274,-122.454294,8.513648,-0.899151,0.437639,60.0,16.0,9.0,0.348029,330.3333333333333,5.988888888888889,10.0
1627314741.0,366975760.0,37.82191,-122.456681,10.072258,0.978388,0.206779,60.0,25.0,9.0,0.454756,1627314741.0,367008020.0,37.802014,-122.51011,6.193643,0.840268,0.542171,31.0,30.0,9.0,0.426635,1627314741.0,367145450.0,37.829291,-122.454339,8.517026,-0.899347,0.437235,60.0,16.0,9.0,0.345935,330.325,5.989166666666667,10.0
1627314742.0,366975760.0,37.82192,-122.456623,10.085373,0.97765,0.21024,60.0,25.0,9.0,0.452892,1627314742.0,367008020.0,37.80203,-122.51008,6.193023,0.840176,0.542313,31.0,30.0,9.0,0.424807,1627314742.0,367145450.0,37.829308,-122.454384,8.520149,-0.899537,0.436844,60.0,16.0,9.0,0.343842,330.31666666666666,5.989444444444445,10.0
1627314743.0,366975760.0,37.82193,-122.456566,10.098865,0.976883,0.213777,60.0,25.0,9.0,0.451025,1627314743.0,367008020.0,37.802046,-122.510049,6.192426,0.840079,0.542464,31.0,30.0,9.0,0.422981,1627314743.0,367145450.0,37.829326,-122.454429,8.523017,-0.899721,0.436465,60.0,16.0,9.0,0.34175,330.30833333333334,5.989722222222222,10.0
1627314744.0,366975760.0,37.82194,-122.456508,10.112745,0.976085,0.217388,60.0,25.0,9.0,0.449155,1627314744.0,367008020.0,37.802061,-122.510019,6.191853,0.839976,0.542623,31.0,30.0,9.0,0.421154,1627314744.0,367145450.0,37.829343,-122.454474,8.525631,-0.899899,0.436098,60.0,16.0,9.0,0.339658,330.3,5.99,10.0
1627314745.0,366975760.0,37.82195,-122.45645,10.126917,0.975263,0.221049,60.0,25.0,9.0,0.447284,1627314745.0,367008020.0,37.802077,-122.509988,6.191303,0.839868,0.542791,31.0,30.0,9.0,0.419328,1627314745.0,367145450.0,37.82936,-122.454519,8.527989,-0.900071,0.435743,60.0,16.0,9.0,0.337566,330.2916666666667,5.990277777777778,10.0
1627314746.0,366975760.0,37.82196,-122.456392,10.140966,0.974437,0.224662,60.0,25.0,9.0,0.44541,1627314746.0,367008020.0,37.802092,-122.509958,6.190778,0.839754,0.542967,31.0,30.0,9.0,0.417502,1627314746.0,367145450.0,37.829377,-122.454564,8.530092,-0.900237,0.4354,60.0,16.0,9.0,0.335476,330.28333333333336,5.990555555555556,10.0
1627314747.0,366975760.0,37.821971,-122.456334,10.154779,0.973614,0.228201,60.0,25.0,9.0,0.443533,1627314747.0,367008020.0,37.802108,-122.509927,6.190277,0.839635,0.543151,31.0,30.0,9.0,0.415676,1627314747.0,367145450.0,37.829394,-122.454609,8.53194,-0.900397,0.435069,60.0,16.0,9.0,0.333387,330.275,5.990833333333334,10.0
1627314748.0,366975760.0,37.821982,-122.456276,10.168349,0.972795,0.231669,60.0,25.0,9.0,0.441654,1627314748.0,367008020.0,37.802123,-122.509897,6.1898,0.839511,0.543343,31.0,30.0,9.0,0.41385,1627314748.0,367145450.0,37.829412,-122.454654,8.533533,-0.900551,0.434749,60.0,16.0,9.0,0.331298,330.26666666666665,5.991111111111112,10.0
1627314749.0,366975760.0,37.821993,-122.456218,10.18167,0.971979,0.235066,60.0,25.0,9.0,0.439773,1627314749.0,367008020.0,37.802139,-122.509866,6.189346,0.839381,0.543544,31.0,30.0,9.0,0.412025,1627314749.0,367145450.0,37.829429,-122.454699,8.53487,-0.9007,0.434442,60.0,16.0,9.0,0.329211,330.2583333333333,5.991388888888888,10.0
1627314750.0,366975760.0,37.822004,-122.45616,10.194733,0.971169,0.238392,60.0,25.0,9.0,0.43789,1627314750.0,367008020.0,37.802154,-122.509836,6.188917,0.839245,0.543753,31.0,30.0,9.0,0.4102,1627314750.0,367145450.0,37.829446,-122.454744,8.535951,-0.900842,0.434147,60.0,16.0,9.0,0.327125,330.25,5.991666666666667,10.0
1627314751.0,366975760.0,37.822015,-122.456102,10.207534,0.970364,0.241649,60.0,25.0,9.0,0.436005,1627314751.0,367008020.0,37.80217,-122.509806,6.188512,0.839105,0.54397,31.0,30.0,9.0,0.408375,1627314751.0,367145450.0,37.829463,-122.454789,8.536777,-0.900979,0.433863,60.0,16.0,9.0,0.325041,330.2416666666667,5.991944444444444,10.0
1627314752.0,366975760.0,37.822026,-122.456044,10.220064,0.969564,0.244836,60.0,25.0,9.0,0.434117,1627314752.0,367008020.0,37.802186,-122.509775,6.188132,0.838958,0.544195,31.0,30.0,9.0,0.40655,1627314752.0,367145450.0,37.82948,-122.454834,8.537346,-0.90111,0.433591,60.0,16.0,9.0,0.322958,330.2333333333333,5.992222222222222,10.0
1627314753.0,366975760.0,37.822038,-122.455986,10.232318,0.968771,0.247955,60.0,25.0,9.0,0.432228,1627314753.0,367008020.0,37.802201,-122.509745,6.187775,0.838807,0.544429,31.0,30.0,9.0,0.404725,1627314753.0,367145450.0,37.829497,-122.454879,8.53766,-0.901235,0.433331,60.0,16.0,9.0,0.320877,330.225,5.9925,10.0
1627314754.0,366975760.0,37.82205,-122.455928,10.244289,0.967985,0.251007,60.0,25.0,9.0,0.430337,1627314754.0,367008020.0,37.802217,-122.509714,6.187443,0.83865,0.544671,31.0,30.0,9.0,0.402901,1627314754.0,367145450.0,37.829514,-122.454924,8.537718,-0.901354,0.433083,60.0,16.0,9.0,0.318797,330.2166666666667,5.9927777777777775,10.0
1627314755.0,366975760.0,37.822061,-122.45587,10.25597,0.967207,0.253991,60.0,25.0,9.0,0.428443,1627314755.0,367008020.0,37.802232,-122.509684,6.187135,0.838487,0.544922,31.0,30.0,9.0,0.401076,1627314755.0,367145450.0,37.829532,-122.454969,8.537519,-0.901468,0.432847,60.0,16.0,9.0,0.31672,330.2083333333333,5.993055555555555,10.0
1627314756.0,366975760.0,37.822074,-122.455812,10.267357,0.966436,0.256908,60.0,25.0,9.0,0.426548,1627314756.0,367008020.0,37.802248,-122.509654,6.186852,0.838319,0.54518,31.0,30.0,9.0,0.399252,1627314756.0,367145450.0,37.829549,-122.455014,8.537064,-0.901575,0.432622,60.0,16.0,9.0,0.314644,330.2,5.993333333333333,10.0
1627314757.0,366975760.0,37.822086,-122.455754,10.278443,0.965673,0.25976,60.0,25.0,9.0,0.424651,1627314757.0,367008020.0,37.802264,-122.509623,6.186593,0.838145,0.545447,31.0,30.0,9.0,0.397429,1627314757.0,367145450.0,37.829566,-122.455059,8.536353,-0.901678,0.432409,60.0,16.0,9.0,0.312571,330.19166666666666,5.993611111111111,10.0
1627314758.0,366975760.0,37.822098,-122.455696,10.289222,0.964919,0.262546,60.0,25.0,9.0,0.422753,1627314758.0,367008020.0,37.802279,-122.509593,6.186358,0.837966,0.545722,31.0,30.0,9.0,0.395605,1627314758.0,367145450.0,37.829583,-122.455104,8.535386,-0.901774,0.432208,60.0,16.0,9.0,0.310499,330.18333333333334,5.993888888888889,10.0
1627314759.0,366975760.0,37.822111,-122.455638,10.29969,0.964175,0.265268,60.0,25.0,9.0,0.420853,1627314759.0,367008020.0,37.802295,-122.509563,6.186148,0.837782,0.546006,31.0,30.0,9.0,0.393781,1627314759.0,367145450.0,37.8296,-122.45515,8.534162,-0.901865,0.432018,60.0,16.0,9.0,0.30843,330.175,5.994166666666667,10.0
1627314760.0,366975760.0,37.822123,-122.45558,10.30984,0.96344,0.267926,60.0,25.0,9.0,0.418951,1627314760.0,367008020.0,37.80231,-122.509532,6.185963,0.837591,0.546297,31.0,30.0,9.0,0.391958,1627314760.0,367145450.0,37.829617,-122.455195,8.532681,-0.90195,0.431841,60.0,16.0,9.0,0.306364,330.1666666666667,5.9944444444444445,10.0
1627314761.0,366975760.0,37.822136,-122.455521,10.319667,0.962714,0.27052,60.0,25.0,9.0,0.417048,1627314761.0,367008020.0,37.802326,-122.509502,6.185803,0.837396,0.546597,31.0,30.0,9.0,0.390135,1627314761.0,367145450.0,37.829634,-122.45524,8.530944,-0.902029,0.431675,60.0,16.0,9.0,0.3043,330.15833333333336,5.994722222222222,10.0
1627314762.0,366975760.0,37.822149,-122.455463,10.329167,0.962,0.273051,60.0,25.0,9.0,0.415143,1627314762.0,367008020.0,37.802342,-122.509472,6.185667,0.837195,0.546905,31.0,30.0,9.0,0.388312,1627314762.0,367145450.0,37.829651,-122.455285,8.52895,-0.902103,0.43152,60.0,16.0,9.0,0.302238,330.15,5.995,10.0
1627314763.0,366975760.0,37.822162,-122.455405,10.338334,0.961295,0.27552,60.0,25.0,9.0,0.413237,1627314763.0,367008020.0,37.802357,-122.509441,6.185556,0.836988,0.547221,31.0,30.0,9.0,0.386489,1627314763.0,367145450.0,37.829668,-122.45533,8.5267,-0.902172,0.431377,60.0,16.0,9.0,0.30018,330.14166666666665,5.995277777777778,10.0
1627314764.0,366975760.0,37.822175,-122.455347,10.347163,0.960602,0.277926,60.0,25.0,9.0,0.41133,1627314764.0,367008020.0,37.802373,-122.509411,6.18547,0.836776,0.547545,31.0,30.0,9.0,0.384667,1627314764.0,367145450.0,37.829685,-122.455375,8.524192,-0.902234,0.431246,60.0,16.0,9.0,0.298124,330.1333333333333,5.995555555555556,10.0
1627314765.0,366975760.0,37.822188,-122.455289,10.355651,0.959921,0.280272,60.0,25.0,9.0,0.409421,1627314765.0,367008020.0,37.802389,-122.509381,6.185409,0.836558,0.547878,31.0,30.0,9.0,0.382844,1627314765.0,367145450.0,37.829702,-122.45542,8.521428,-0.902291,0.431127,60.0,16.0,9.0,0.296072,330.125,5.995833333333334,10.0
1627314766.0,366975760.0,37.822202,-122.45523,10.363791,0.959251,0.282556,60.0,25.0,9.0,0.407512,1627314766.0,367008020.0,37.802404,-122.50935,6.185373,0.836335,0.548219,31.0,30.0,9.0,0.381022,1627314766.0,367145450.0,37.829719,-122.455465,8.518407,-0.902343,0.431019,60.0,16.0,9.0,0.294022,330.1166666666667,5.996111111111111,10.0
1627314767.0,366975760.0,37.822215,-122.455172,10.371581,0.958593,0.284781,60.0,25.0,9.0,0.405601,1627314767.0,367008020.0,37.80242,-122.50932,6.185352,0.836108,0.548565,31.0,30.0,9.0,0.3792,1627314767.0,367145450.0,37.829736,-122.45551,8.515129,-0.902389,0.430923,60.0,16.0,9.0,0.291976,330.1083333333333,5.996388888888889,10.0
1627314768.0,366975760.0,37.822229,-122.455114,10.379015,0.957947,0.286945,60.0,25.0,9.0,0.403689,1627314768.0,367008020.0,37.802436,-122.50929,6.185307,0.835884,0.548906,31.0,30.0,9.0,0.377378,1627314768.0,367145450.0,37.829753,-122.455555,8.511594,-0.902429,0.430839,60.0,16.0,9.0,0.289934,330.1,5.996666666666667,10.0
1627314769.0,366975760.0,37.822243,-122.455056,10.386089,0.957314,0.28905,60.0,25.0,9.0,0.401776,1627314769.0,367008020.0,37.802451,-122.509259,6.185227,0.835664,0.54924,31.0,30.0,9.0,0.375556,1627314769.0,367145450.0,37.82977,-122.4556,8.507919,-0.902463,0.430768,60.0,16.0,9.0,0.287895,330.0916666666667,5.996944444444445,10.0
1627314770.0,366975760.0,37.822257,-122.454998,10.3928,0.956694,0.291096,60.0,25.0,9.0,0.399862,1627314770.0,367008020.0,37.802467,-122.509229,6.185112,0.83545,0.549567,31.0,30.0,9.0,0.373734,1627314770.0,367145450.0,37.829787,-122.455645,8.504568,-0.902487,0.430717,60.0,16.0,9.0,0.285859,330.0833333333333,5.997222222222222,10.0
1627314771.0,366975760.0,37.822271,-122.454939,10.399143,0.956087,0.293083,60.0,25.0,9.0,0.397947,1627314771.0,367008020.0,37.802483,-122.509199,6.184963,0.83524,0.549886,31.0,30.0,9.0,0.371912,1627314771.0,367145450.0,37.829804,-122.45569,8.501659,-0.902501,0.430687,60.0,16.0,9.0,0.283828,330.075,5.9975000000000005,10.0
1627314772.0,366975760.0,37.822285,-122.454881,10.405116,0.955493,0.295012,60.0,25.0,9.0,0.396032,1627314772.0,367008020.0,37.802499,-122.509169,6.184779,0.835035,0.550197,31.0,30.0,9.0,0.370091,1627314772.0,367145450.0,37.829821,-122.455735,8.499191,-0.902505,0.430679,60.0,16.0,9.0,0.2818,330.06666666666666,5.997777777777777,10.0
1627314773.0,366975760.0,37.822299,-122.454823,10.410713,0.954914,0.296884,60.0,25.0,9.0,0.394116,1627314773.0,367008020.0,37.802514,-122.509138,6.184561,0.834834,0.550501,31.0,30.0,9.0,0.36827,1627314773.0,367145450.0,37.829838,-122.45578,8.497164,-0.902499,0.430693,60.0,16.0,9.0,0.279776,330.05833333333334,5.998055555555555,10.0
1627314774.0,366975760.0,37.822313,-122.454765,10.415932,0.954348,0.298698,60.0,25.0,9.0,0.392199,1627314774.0,367008020.0,37.80253,-122.509108,6.184307,0.834639,0.550798,31.0,30.0,9.0,0.366449,1627314774.0,367145450.0,37.829855,-122.455825,8.495578,-0.902482,0.430728,60.0,16.0,9.0,0.277755,330.05,5.998333333333333,10.0
1627314775.0,366975760.0,37.822328,-122.454706,10.420768,0.953796,0.300456,60.0,25.0,9.0,0.390281,1627314775.0,367008020.0,37.802546,-122.509078,6.184019,0.834448,0.551087,31.0,30.0,9.0,0.364628,1627314775.0,367145450.0,37.829872,-122.45587,8.494434,-0.902455,0.430784,60.0,16.0,9.0,0.275738,330.0416666666667,5.998611111111111,10.0
1627314776.0,366975760.0,37.822342,-122.454648,10.42522,0.953258,0.302156,60.0,25.0,9.0,0.388363,1627314776.0,367008020.0,37.802562,-122.509048,6.183696,0.834261,0.551369,31.0,30.0,9.0,0.362807,1627314776.0,367145450.0,37.829889,-122.455915,8.493731,-0.902418,0.430862,60.0,16.0,9.0,0.273724,330.03333333333336,5.998888888888889,10.0
1627314777.0,366975760.0,37.822357,-122.45459,10.429283,0.952736,0.303801,60.0,25.0,9.0,0.386445,1627314777.0,367008020.0,37.802577,-122.509018,6.183337,0.83408,0.551644,31.0,30.0,9.0,0.360987,1627314777.0,367145450.0,37.829906,-122.455959,8.49347,-0.90237,0.430962,60.0,16.0,9.0,0.271714,330.025,5.9991666666666665,10.0
1627314778.0,366975760.0,37.822371,-122.454532,10.432955,0.952227,0.30539,60.0,25.0,9.0,0.384526,1627314778.0,367008020.0,37.802593,-122.508987,6.182944,0.833903,0.551911,31.0,30.0,9.0,0.359166,1627314778.0,367145450.0,37.829922,-122.456004,8.49365,-0.902312,0.431083,60.0,16.0,9.0,0.269708,330.01666666666665,5.999444444444444,10.0
1627314779.0,366975760.0,37.822386,-122.454474,10.436232,0.951734,0.306923,60.0,25.0,9.0,0.382607,1627314779.0,367008020.0,37.802609,-122.508957,6.182515,0.833731,0.552171,31.0,30.0,9.0,0.357346,1627314779.0,367145450.0,37.829939,-122.456049,8.494271,-0.902244,0.431226,60.0,16.0,9.0,0.267706,330.0083333333333,5.999722222222222,10.0
1627314780.0,366975760.0,37.822401,-122.454415,10.439112,0.951256,0.308401,60.0,25.0,9.0,0.380688,1627314780.0,367008020.0,37.802625,-122.508927,6.182051,0.833564,0.552423,31.0,30.0,9.0,0.355527,1627314780.0,367145450.0,37.829956,-122.456094,8.495334,-0.902166,0.43139,60.0,16.0,9.0,0.265707,330.0,6.0,10.0
1627314781.0,366975760.0,37.822416,-122.454357,10.441591,0.950794,0.309824,60.0,25.0,9.0,0.378768,1627314781.0,367008020.0,37.802641,-122.508897,6.181552,0.833402,0.552668,31.0,30.0,9.0,0.353707,1627314781.0,367145450.0,37.829973,-122.456139,8.496839,-0.902077,0.431575,60.0,16.0,9.0,0.263711,329.99444444444447,6.000277777777778,10.0
1627314782.0,366975760.0,37.822431,-122.454299,10.443668,0.950347,0.311193,60.0,25.0,9.0,0.376848,1627314782.0,367008020.0,37.802656,-122.508867,6.181018,0.833244,0.552905,31.0,30.0,9.0,0.351888,1627314782.0,367145450.0,37.82999,-122.456184,8.498786,-0.901978,0.431782,60.0,16.0,9.0,0.261719,329.9888888888889,6.000555555555556,10.0
1627314783.0,366975760.0,37.822446,-122.454241,10.44534,0.949916,0.312507,60.0,25.0,9.0,0.374928,1627314783.0,367008020.0,37.802672,-122.508836,6.180449,0.833091,0.553136,31.0,30.0,9.0,0.350069,1627314783.0,367145450.0,37.830007,-122.456229,8.501175,-0.901869,0.43201,60.0,16.0,9.0,0.259731,329.9833333333333,6.0008333333333335,10.0
1627314784.0,366975760.0,37.822461,-122.454183,10.446604,0.9495,0.313767,60.0,25.0,9.0,0.373009,1627314784.0,367008020.0,37.802688,-122.508806,6.179844,0.832943,0.553359,31.0,30.0,9.0,0.34825,1627314784.0,367145450.0,37.830024,-122.456274,8.504006,-0.901749,0.43226,60.0,16.0,9.0,0.257747,329.97777777777776,6.001111111111111,10.0
1627314785.0,366975760.0,37.822476,-122.454125,10.447457,0.949101,0.314973,60.0,25.0,9.0,0.371089,1627314785.0,367008020.0,37.802704,-122.508776,6.179203,0.8328,0.553574,31.0,30.0,9.0,0.346432,1627314785.0,367145450.0,37.830041,-122.456319,8.507279,-0.901619,0.432531,60.0,16.0,9.0,0.255766,329.97222222222223,6.001388888888889,10.0
1627314786.0,366975760.0,37.822491,-122.454067,10.447899,0.948718,0.316125,60.0,25.0,9.0,0.369169,1627314786.0,367008020.0,37.80272,-122.508746,6.178527,0.832661,0.553782,31.0,30.0,9.0,0.344613,1627314786.0,367145450.0,37.830058,-122.456364,8.510995,-0.901479,0.432822,60.0,16.0,9.0,0.253789,329.96666666666664,6.001666666666667,10.0
1627314787.0,366975760.0,37.822507,-122.454009,10.447926,0.948351,0.317224,60.0,25.0,9.0,0.36725,1627314787.0,367008020.0,37.802735,-122.508716,6.177816,0.832528,0.553983,31.0,30.0,9.0,0.342795,1627314787.0,367145450.0,37.830075,-122.456409,8.515153,-0.901329,0.433135,60.0,16.0,9.0,0.251816,329.9611111111111,6.001944444444445,10.0
1627314788.0,366975760.0,37.822522,-122.453951,10.447537,0.948,0.31827,60.0,25.0,9.0,0.36533,1627314788.0,367008020.0,37.802751,-122.508686,6.177069,0.832399,0.554177,31.0,30.0,9.0,0.340978,1627314788.0,367145450.0,37.830092,-122.456453,8.519754,-0.901168,0.433469,60.0,16.0,9.0,0.249846,329.9555555555556,6.002222222222223,10.0
1627314789.0,366975760.0,37.822537,-122.453893,10.446729,0.947666,0.319262,60.0,25.0,9.0,0.363412,1627314789.0,367008020.0,37.802767,-122.508656,6.176287,0.832275,0.554363,31.0,30.0,9.0,0.33916,1627314789.0,367145450.0,37.830109,-122.456498,8.524799,-0.900998,0.433824,60.0,16.0,9.0,0.247881,329.95,6.0025,10.0
1627314790.0,366975760.0,37.822553,-122.453835,10.445501,0.947349,0.320202,60.0,25.0,9.0,0.361493,1627314790.0,367008020.0,37.802783,-122.508626,6.175469,0.832156,0.554542,31.0,30.0,9.0,0.337343,1627314790.0,367145450.0,37.830127,-122.456543,8.530286,-0.900817,0.434199,60.0,16.0,9.0,0.245919,329.94444444444446,6.002777777777778,10.0
1627314791.0,366975760.0,37.822568,-122.453777,10.443851,0.947049,0.321089,60.0,25.0,9.0,0.359575,1627314791.0,367008020.0,37.802799,-122.508596,6.174615,0.832041,0.554714,31.0,30.0,9.0,0.335527,1627314791.0,367145450.0,37.830144,-122.456588,8.536218,-0.900626,0.434595,60.0,16.0,9.0,0.243961,329.93888888888887,6.003055555555555,10.0
1627314792.0,366975760.0,37.822584,-122.453719,10.441778,0.946766,0.321923,60.0,25.0,9.0,0.357658,1627314792.0,367008020.0,37.802815,-122.508565,6.173726,0.831932,0.554878,31.0,30.0,9.0,0.33371,1627314792.0,367145450.0,37.830161,-122.456633,8.542593,-0.900425,0.435012,60.0,16.0,9.0,0.242007,329.93333333333334,6.003333333333333,10.0
1627314793.0,366975760.0,37.822599,-122.453661,10.439279,0.9465,0.322705,60.0,25.0,9.0,0.355741,1627314793.0,367008020.0,37.802831,-122.508535,6.172801,0.831827,0.555035,31.0,30.0,9.0,0.331894,1627314793.0,367145450.0,37.830178,-122.456679,8.549413,-0.900214,0.435449,60.0,16.0,9.0,0.240058,329.9277777777778,6.003611111111111,10.0
1627314794.0,366975760.0,37.822615,-122.453603,10.436354,0.946251,0.323434,60.0,25.0,9.0,0.353825,1627314794.0,367008020.0,37.802846,-122.508505,6.17184,0.831727,0.555184,31.0,30.0,9.0,0.330079,1627314794.0,367145450.0,37.830195,-122.456724,8.556676,-0.899992,0.435906,60.0,16.0,9.0,0.238112,329.9222222222222,6.003888888888889,10.0
1627314795.0,366975760.0,37.822631,-122.453545,10.433001,0.946019,0.324111,60.0,25.0,9.0,0.351909,1627314795.0,367008020.0,37.802862,-122.508475,6.170844,0.831632,0.555327,31.0,30.0,9.0,0.328263,1627314795.0,367145450.0,37.830213,-122.456769,8.564385,-0.899761,0.436383,60.0,16.0,9.0,0.236171,329.9166666666667,6.004166666666666,10.0
1627314796.0,366975760.0,37.822646,-122.453487,10.429219,0.945805,0.324736,60.0,25.0,9.0,0.349994,1627314796.0,367008020.0,37.802878,-122.508445,6.169811,0.831542,0.555462,31.0,30.0,9.0,0.326448,1627314796.0,367145450.0,37.83023,-122.456814,8.572539,-0.89952,0.436881,60.0,16.0,9.0,0.234234,329.9111111111111,6.004444444444444,10.0
1627314797.0,366975760.0,37.822662,-122.453429,10.425007,0.945608,0.325308,60.0,25.0,9.0,0.348081,1627314797.0,367008020.0,37.802894,-122.508415,6.168743,0.831457,0.55559,31.0,30.0,9.0,0.324633,1627314797.0,367145450.0,37.830247,-122.456859,8.581138,-0.899268,0.437398,60.0,16.0,9.0,0.232301,329.9055555555556,6.004722222222222,10.0
1627314798.0,366975760.0,37.822678,-122.453372,10.420364,0.945429,0.325829,60.0,25.0,9.0,0.346168,1627314798.0,367008020.0,37.80291,-122.508385,6.167639,0.831376,0.55571,31.0,30.0,9.0,0.322819,1627314798.0,367145450.0,37.830264,-122.456904,8.590182,-0.899007,0.437934,60.0,16.0,9.0,0.230373,329.9,6.005,10.0
1627314799.0,366975760.0,37.822693,-122.453314,10.415288,0.945267,0.326297,60.0,25.0,9.0,0.344256,1627314799.0,367008020.0,37.802926,-122.508355,6.166499,0.831301,0.555823,31.0,30.0,9.0,0.321005,1627314799.0,367145450.0,37.830282,-122.456949,8.599673,-0.898736,0.438491,60.0,16.0,9.0,0.22845,329.89444444444445,6.005277777777778,10.0
1627314800.0,366975760.0,37.822709,-122.453256,10.409779,0.945124,0.326713,60.0,25.0,9.0,0.342345,1627314800.0,367008020.0,37.802941,-122.508325,6.165324,0.83123,0.555929,31.0,30.0,9.0,0.319192,1627314800.0,367145450.0,37.830299,-122.456995,8.60961,-0.898455,0.439066,60.0,16.0,9.0,0.226531,329.8888888888889,6.005555555555556,10.0
1627314801.0,366975760.0,37.822725,-122.453199,10.403837,0.944998,0.327077,60.0,25.0,9.0,0.340435,1627314801.0,367008020.0,37.802957,-122.508295,6.164112,0.831164,0.556028,31.0,30.0,9.0,0.317378,1627314801.0,367145450.0,37.830317,-122.45704,8.619994,-0.898164,0.439661,60.0,16.0,9.0,0.224617,329.8833333333333,6.005833333333333,10.0
1627314802.0,366975760.0,37.82274,-122.453141,10.397459,0.94489,0.327389,60.0,25.0,9.0,0.338527,1627314802.0,367008020.0,37.802973,-122.508265,6.162864,0.831103,0.556119,31.0,30.0,9.0,0.315566,1627314802.0,367145450.0,37.830334,-122.457085,8.630825,-0.897863,0.440275,60.0,16.0,9.0,0.222708,329.8777777777778,6.006111111111111,10.0
1627314803.0,366975760.0,37.822756,-122.453084,10.390647,0.9448,0.327648,60.0,25.0,9.0,0.336619,1627314803.0,367008020.0,37.802989,-122.508235,6.161581,0.831047,0.556203,31.0,30.0,9.0,0.313753,1627314803.0,367145450.0,37.830352,-122.457131,8.642104,-0.897552,0.440908,60.0,16.0,9.0,0.220804,329.8722222222222,6.006388888888889,10.0
1627314804.0,366975760.0,37.822772,-122.453026,10.383399,0.944728,0.327856,60.0,25.0,9.0,0.334713,1627314804.0,367008020.0,37.803005,-122.508205,6.160261,0.830995,0.556279,31.0,30.0,9.0,0.311941,1627314804.0,367145450.0,37.83037,-122.457176,8.65383,-0.897232,0.441559,60.0,16.0,9.0,0.218905,329.8666666666667,6.006666666666667,10.0
1627314805.0,366975760.0,37.822788,-122.452969,10.375716,0.944674,0.328011,60.0,25.0,9.0,0.332809,1627314805.0,367008020.0,37.803021,-122.508175,6.158906,0.830949,0.556349,31.0,30.0,9.0,0.31013,1627314805.0,367145450.0,37.830387,-122.457222,8.666005,-0.896902,0.442228,60.0,16.0,9.0,0.217012,329.8611111111111,6.006944444444445,10.0
1627314806.0,366975760.0,37.822803,-122.452911,10.367596,0.944638,0.328113,60.0,25.0,9.0,0.330905,1627314806.0,367008020.0,37.803037,-122.508145,6.157514,0.830908,0.556411,31.0,30.0,9.0,0.308319,1627314806.0,367145450.0,37.830405,-122.457267,8.678629,-0.896563,0.442916,60.0,16.0,9.0,0.215124,329.85555555555555,6.007222222222223,10.0
1627314807.0,366975760.0,37.822819,-122.452854,10.359039,0.944621,0.328163,60.0,25.0,9.0,0.329004,1627314807.0,367008020.0,37.803052,-122.508115,6.156087,0.830871,0.556465,31.0,30.0,9.0,0.306508,1627314807.0,367145450.0,37.830423,-122.457313,8.691702,-0.896214,0.443622,60.0,16.0,9.0,0.213242,329.85,6.0075,10.0
1627314808.0,366975760.0,37.822835,-122.452797,10.350047,0.944622,0.328161,60.0,25.0,9.0,0.327104,1627314808.0,367008020.0,37.803068,-122.508085,6.154623,0.830839,0.556513,31.0,30.0,9.0,0.304698,1627314808.0,367145450.0,37.830441,-122.457358,8.705224,-0.895855,0.444346,60.0,16.0,9.0,0.211366,329.84444444444443,6.007777777777778,10.0
1627314809.0,366975760.0,37.822851,-122.452739,10.340617,0.944641,0.328105,60.0,25.0,9.0,0.325205,1627314809.0,367008020.0,37.803084,-122.508055,6.153124,0.830812,0.556553,31.0,30.0,9.0,0.302888,1627314809.0,367145450.0,37.830459,-122.457404,8.719197,-0.895487,0.445087,60.0,16.0,9.0,0.209496,329.8388888888889,6.008055555555556,10.0
1627314810.0,366975760.0,37.822866,-122.452682,10.330752,0.944679,0.327997,60.0,25.0,9.0,0.323309,1627314810.0,367008020.0,37.8031,-122.508025,6.151588,0.830791,0.556585,31.0,30.0,9.0,0.301079,1627314810.0,367145450.0,37.830476,-122.45745,8.73362,-0.89511,0.445845,60.0,16.0,9.0,0.207633,329.8333333333333,6.008333333333334,10.0
1627314811.0,366975760.0,37.822882,-122.452625,10.32045,0.944735,0.327836,60.0,25.0,9.0,0.321414,1627314811.0,367008020.0,37.803116,-122.507995,6.150017,0.830774,0.556611,31.0,30.0,9.0,0.29927,1627314811.0,367145450.0,37.830494,-122.457496,8.748495,-0.894723,0.446621,60.0,16.0,9.0,0.205776,329.8277777777778,6.008611111111111,10.0
1627314812.0,366975760.0,37.822898,-122.452568,10.309712,0.944809,0.327621,60.0,25.0,9.0,0.319521,1627314812.0,367008020.0,37.803132,-122.507966,6.148409,0.830761,0.556629,31.0,30.0,9.0,0.297462,1627314812.0,367145450.0,37.830513,-122.457542,8.76382,-0.894327,0.447414,60.0,16.0,9.0,0.203925,329.8222222222222,6.0088888888888885,10.0
1627314813.0,366975760.0,37.822913,-122.452511,10.298539,0.944902,0.327353,60.0,25.0,9.0,0.31763,1627314813.0,367008020.0,37.803148,-122.507936,6.146765,0.830754,0.556639,31.0,30.0,9.0,0.295654,1627314813.0,367145450.0,37.830531,-122.457587,8.779598,-0.893922,0.448223,60.0,16.0,9.0,0.202082,329.81666666666666,6.009166666666666,10.0
1627314814.0,366975760.0,37.822929,-122.452454,10.28693,0.945014,0.327031,60.0,25.0,9.0,0.315741,1627314814.0,367008020.0,37.803163,-122.507906,6.145086,0.830752,0.556643,31.0,30.0,9.0,0.293846,1627314814.0,367145450.0,37.830549,-122.457633,8.795828,-0.893508,0.449048,60.0,16.0,9.0,0.200246,329.8111111111112,6.009444444444444,10.0
1627314815.0,366975760.0,37.822944,-122.452397,10.274888,0.945144,0.326655,60.0,25.0,9.0,0.313853,1627314815.0,367008020.0,37.803179,-122.507876,6.14337,0.830755,0.556639,31.0,30.0,9.0,0.292039,1627314815.0,367145450.0,37.830567,-122.457679,8.812511,-0.893084,0.44989,60.0,16.0,9.0,0.198418,329.80555555555554,6.009722222222222,10.0
1627314816.0,366975760.0,37.82296,-122.45234,10.262545,0.945289,0.326234,60.0,25.0,9.0,0.311968,1627314816.0,367008020.0,37.803195,-122.507846,6.141618,0.830762,0.556627,31.0,30.0,9.0,0.290233,1627314816.0,367145450.0,37.830586,-122.457726,8.829648,-0.892651,0.450748,60.0,16.0,9.0,0.196598,329.8,6.01,10.0
1627314817.0,366975760.0,37.822975,-122.452283,10.250437,0.945437,0.325806,60.0,25.0,9.0,0.310086,1627314817.0,367008020.0,37.803211,-122.507816,6.13983,0.830775,0.556609,31.0,30.0,9.0,0.288427,1627314817.0,367145450.0,37.830604,-122.457772,8.847239,-0.89221,0.451621,60.0,16.0,9.0,0.194786,329.7944444444444,6.010277777777778,10.0
1627314818.0,366975760.0,37.822991,-122.452226,10.238697,0.945583,0.325381,60.0,25.0,9.0,0.308205,1627314818.0,367008020.0,37.803227,-122.507786,6.138006,0.830792,0.556582,31.0,30.0,9.0,0.286622,1627314818.0,367145450.0,37.830622,-122.457818,8.865284,-0.891759,0.45251,60.0,16.0,9.0,0.192982,329.7888888888889,6.010555555555555,10.0
1627314819.0,366975760.0,37.823006,-122.45217,10.227326,0.945728,0.324958,60.0,25.0,9.0,0.306326,1627314819.0,367008020.0,37.803242,-122.507756,6.136146,0.830815,0.556549,31.0,30.0,9.0,0.284817,1627314819.0,367145450.0,37.830641,-122.457864,8.883784,-0.8913,0.453414,60.0,16.0,9.0,0.191187,329.78333333333336,6.010833333333333,10.0
1627314820.0,366975760.0,37.823022,-122.452113,10.216323,0.945873,0.324537,60.0,25.0,9.0,0.304449,1627314820.0,367008020.0,37.803258,-122.507726,6.13425,0.830842,0.556508,31.0,30.0,9.0,0.283012,1627314820.0,367145450.0,37.83066,-122.457911,8.902739,-0.890832,0.454332,60.0,16.0,9.0,0.189401,329.77777777777777,6.011111111111111,10.0
1627314821.0,366975760.0,37.823037,-122.452056,10.205689,0.946016,0.324119,60.0,25.0,9.0,0.302575,1627314821.0,367008020.0,37.803274,-122.507697,6.132318,0.830875,0.55646,31.0,30.0,9.0,0.281209,1627314821.0,367145450.0,37.830678,-122.457957,8.922151,-0.890356,0.455266,60.0,16.0,9.0,0.187625,329.77222222222224,6.011388888888889,10.0
1627314822.0,366975760.0,37.823052,-122.452,10.195423,0.946158,0.323704,60.0,25.0,9.0,0.300702,1627314822.0,367008020.0,37.80329,-122.507667,6.13035,0.830912,0.556404,31.0,30.0,9.0,0.279405,1627314822.0,367145450.0,37.830697,-122.458004,8.942019,-0.88987,0.456214,60.0,16.0,9.0,0.185859,329.76666666666665,6.011666666666667,10.0
1627314823.0,366975760.0,37.823068,-122.451943,10.185525,0.9463,0.323291,60.0,25.0,9.0,0.298831,1627314823.0,367008020.0,37.803306,-122.507637,6.128346,0.830954,0.556341,31.0,30.0,9.0,0.277603,1627314823.0,367145450.0,37.830716,-122.45805,8.962345,-0.889376,0.457176,60.0,16.0,9.0,0.184103,329.7611111111111,6.0119444444444445,10.0
1627314824.0,366975760.0,37.823083,-122.451887,10.175995,0.94644,0.322881,60.0,25.0,9.0,0.296961,1627314824.0,367008020.0,37.803321,-122.507607,6.126306,0.831001,0.55627,31.0,30.0,9.0,0.275801,1627314824.0,367145450.0,37.830735,-122.458097,8.983128,-0.888874,0.458151,60.0,16.0,9.0,0.182358,329.7555555555556,6.012222222222222,10.0
1627314825.0,366975760.0,37.823098,-122.451831,10.166834,0.946578,0.322474,60.0,25.0,9.0,0.295093,1627314825.0,367008020.0,37.803337,-122.507577,6.12423,0.831053,0.556193,31.0,30.0,9.0,0.273999,1627314825.0,367145450.0,37.830754,-122.458144,9.004369,-0.888364,0.459141,60.0,16.0,9.0,0.180624,329.75,6.0125,10.0
1627314826.0,366975760.0,37.823113,-122.451774,10.158041,0.946716,0.322069,60.0,25.0,9.0,0.293227,1627314826.0,367008020.0,37.803353,-122.507548,6.122118,0.831111,0.556107,31.0,30.0,9.0,0.272198,1627314826.0,367145450.0,37.830773,-122.458191,9.026069,-0.887845,0.460143,60.0,16.0,9.0,0.178902,329.74444444444447,6.012777777777778,10.0
1627314827.0,366975760.0,37.823128,-122.451718,10.149615,0.946853,0.321667,60.0,25.0,9.0,0.291362,1627314827.0,367008020.0,37.803369,-122.507518,6.11997,0.831173,0.556014,31.0,30.0,9.0,0.270398,1627314827.0,367145450.0,37.830792,-122.458237,9.048229,-0.887318,0.461159,60.0,16.0,9.0,0.177192,329.7388888888889,6.013055555555556,10.0
1627314828.0,366975760.0,37.823143,-122.451662,10.141558,0.946988,0.321268,60.0,25.0,9.0,0.289499,1627314828.0,367008020.0,37.803384,-122.507488,6.117786,0.83124,0.555914,31.0,30.0,9.0,0.268598,1627314828.0,367145450.0,37.830812,-122.458285,9.070848,-0.886782,0.462187,60.0,16.0,9.0,0.175495,329.7333333333333,6.013333333333334,10.0
1627314829.0,366975760.0,37.823159,-122.451605,10.133869,0.947122,0.320872,60.0,25.0,9.0,0.287637,1627314829.0,367008020.0,37.8034,-122.507458,6.115566,0.831312,0.555806,31.0,30.0,9.0,0.266799,1627314829.0,367145450.0,37.830831,-122.458332,9.093928,-0.886239,0.463228,60.0,16.0,9.0,0.173811,329.72777777777776,6.013611111111112,10.0
1627314830.0,366975760.0,37.823174,-122.451549,10.126547,0.947255,0.32048,60.0,25.0,9.0,0.285777,1627314830.0,367008020.0,37.803416,-122.507428,6.113311,0.831389,0.555691,31.0,30.0,9.0,0.265,1627314830.0,367145450.0,37.830851,-122.458379,9.117468,-0.885688,0.464281,60.0,16.0,9.0,0.172141,329.72222222222223,6.013888888888889,10.0
1627314831.0,366975760.0,37.823189,-122.451493,10.119594,0.947387,0.32009,60.0,25.0,9.0,0.283917,1627314831.0,367008020.0,37.803432,-122.507399,6.111019,0.831471,0.555568,31.0,30.0,9.0,0.263202,1627314831.0,367145450.0,37.83087,-122.458426,9.141471,-0.885129,0.465346,60.0,16.0,9.0,0.170486,329.71666666666664,6.014166666666667,10.0
1627314832.0,366975760.0,37.823204,-122.451437,10.113008,0.947518,0.319703,60.0,25.0,9.0,0.282059,1627314832.0,367008020.0,37.803447,-122.507369,6.108692,0.831558,0.555438,31.0,30.0,9.0,0.261405,1627314832.0,367145450.0,37.83089,-122.458474,9.165935,-0.884562,0.466422,60.0,16.0,9.0,0.168845,329.7111111111111,6.014444444444444,10.0
1627314833.0,366975760.0,37.823219,-122.451381,10.10679,0.947647,0.319319,60.0,25.0,9.0,0.280202,1627314833.0,367008020.0,37.803463,-122.507339,6.106329,0.83165,0.5553,31.0,30.0,9.0,0.259608,1627314833.0,367145450.0,37.83091,-122.458521,9.190863,-0.883988,0.46751,60.0,16.0,9.0,0.16722,329.7055555555556,6.014722222222222,10.0
1627314834.0,366975760.0,37.823233,-122.451325,10.10094,0.947775,0.318939,60.0,25.0,9.0,0.278346,1627314834.0,367008020.0,37.803479,-122.507309,6.10393,0.831747,0.555155,31.0,30.0,9.0,0.257812,1627314834.0,367145450.0,37.830929,-122.458569,9.216253,-0.883406,0.468609,60.0,16.0,9.0,0.165612,329.7,6.015,10.0
1627314835.0,366975760.0,37.823248,-122.451268,10.095457,0.947902,0.318562,60.0,25.0,9.0,0.276491,1627314835.0,367008020.0,37.803494,-122.50728,6.101495,0.831849,0.555002,31.0,30.0,9.0,0.256017,1627314835.0,367145450.0,37.830949,-122.458616,9.242107,-0.882816,0.469718,60.0,16.0,9.0,0.164021,329.69444444444446,6.0152777777777775,10.0
1627314836.0,366975760.0,37.823263,-122.451212,10.090342,0.948028,0.318188,60.0,25.0,9.0,0.274637,1627314836.0,367008020.0,37.80351,-122.50725,6.099032,0.831954,0.554844,31.0,30.0,9.0,0.254222,1627314836.0,367145450.0,37.83097,-122.458664,9.268426,-0.882219,0.470838,60.0,16.0,9.0,0.162447,329.68888888888887,6.015555555555555,10.0
1627314837.0,366975760.0,37.823278,-122.451156,10.085595,0.948152,0.317818,60.0,25.0,9.0,0.272784,1627314837.0,367008020.0,37.803526,-122.50722,6.096571,0.832056,0.554692,31.0,30.0,9.0,0.252428,1627314837.0,367145450.0,37.83099,-122.458712,9.29521,-0.881615,0.471969,60.0,16.0,9.0,0.160892,329.68333333333334,6.015833333333333,10.0
1627314838.0,366975760.0,37.823293,-122.4511,10.081216,0.948275,0.31745,60.0,25.0,9.0,0.270931,1627314838.0,367008020.0,37.803541,-122.507191,6.09412,0.832152,0.554547,31.0,30.0,9.0,0.250635,1627314838.0,367145450.0,37.83101,-122.45876,9.32178,-0.881021,0.473078,60.0,16.0,9.0,0.159356,329.6777777777778,6.016111111111111,10.0
1627314839.0,366975760.0,37.823308,-122.451044,10.077204,0.948397,0.317087,60.0,25.0,9.0,0.26908,1627314839.0,367008020.0,37.803557,-122.507161,6.091678,0.832243,0.554412,31.0,30.0,9.0,0.248842,1627314839.0,367145450.0,37.83103,-122.458808,9.345414,-0.880502,0.474042,60.0,16.0,9.0,0.157841,329.6722222222222,6.016388888888889,10.0
1627314840.0,366975760.0,37.823323,-122.450988,10.073559,0.948517,0.316727,60.0,25.0,9.0,0.267228,1627314840.0,367008020.0,37.803573,-122.507131,6.089245,0.832328,0.554284,31.0,30.0,9.0,0.24705,1627314840.0,367145450.0,37.831051,-122.458856,9.365428,-0.880075,0.474834,60.0,16.0,9.0,0.156347,329.6666666666667,6.016666666666667,10.0
1627314841.0,366975760.0,37.823337,-122.450932,10.070282,0.948636,0.31637,60.0,25.0,9.0,0.265378,1627314841.0,367008020.0,37.803588,-122.507102,6.086822,0.832407,0.554164,31.0,30.0,9.0,0.245259,1627314841.0,367145450.0,37.831071,-122.458905,9.381816,-0.87974,0.475456,60.0,16.0,9.0,0.154875,329.6611111111111,6.016944444444444,10.0
1627314842.0,366975760.0,37.823352,-122.450877,10.067372,0.948754,0.316017,60.0,25.0,9.0,0.263528,1627314842.0,367008020.0,37.803604,-122.507072,6.084408,0.832481,0.554053,31.0,30.0,9.0,0.243468,1627314842.0,367145450.0,37.831092,-122.458953,9.394575,-0.879495,0.475909,60.0,16.0,9.0,0.153427,329.6555555555556,6.017222222222222,10.0
1627314843.0,366975760.0,37.823367,-122.450821,10.064829,0.94887,0.315668,60.0,25.0,9.0,0.261678,1627314843.0,367008020.0,37.803619,-122.507042,6.082004,0.83255,0.55395,31.0,30.0,9.0,0.241678,1627314843.0,367145450.0,37.831113,-122.459001,9.403702,-0.87934,0.476194,60.0,16.0,9.0,0.152003,329.65,6.0175,10.0
1627314844.0,366975760.0,37.823381,-122.450765,10.062654,0.948985,0.315322,60.0,25.0,9.0,0.259829,1627314844.0,367008020.0,37.803635,-122.507013,6.079609,0.832613,0.553856,31.0,30.0,9.0,0.239888,1627314844.0,367145450.0,37.831134,-122.45905,9.409196,-0.879276,0.476313,60.0,16.0,9.0,0.150605,329.64444444444445,6.017777777777778,10.0
1627314845.0,366975760.0,37.823396,-122.450709,10.060846,0.949098,0.31498,60.0,25.0,9.0,0.25798,1627314845.0,367008020.0,37.803651,-122.506983,6.077223,0.83267,0.553769,31.0,30.0,9.0,0.2381,1627314845.0,367145450.0,37.831154,-122.459098,9.411055,-0.879301,0.476266,60.0,16.0,9.0,0.149233,329.6388888888889,6.018055555555556,10.0
1627314846.0,366975760.0,37.823411,-122.450653,10.059406,0.949211,0.314641,60.0,25.0,9.0,0.256132,1627314846.0,367008020.0,37.803666,-122.506953,6.074846,0.832722,0.553691,31.0,30.0,9.0,0.236312,1627314846.0,367145450.0,37.831175,-122.459147,9.40928,-0.879417,0.476053,60.0,16.0,9.0,0.147889,329.6333333333333,6.0183333333333335,10.0
1627314847.0,366975760.0,37.823425,-122.450597,10.058332,0.949321,0.314307,60.0,25.0,9.0,0.254283,1627314847.0,367008020.0,37.803682,-122.506924,6.072479,0.832769,0.553621,31.0,30.0,9.0,0.234524,1627314847.0,367145450.0,37.831196,-122.459195,9.403872,-0.879622,0.475673,60.0,16.0,9.0,0.146572,329.6277777777778,6.018611111111111,10.0
1627314848.0,366975760.0,37.82344,-122.450541,10.057626,0.949431,0.313976,60.0,25.0,9.0,0.252435,1627314848.0,367008020.0,37.803697,-122.506894,6.070121,0.83281,0.55356,31.0,30.0,9.0,0.232737,1627314848.0,367145450.0,37.831216,-122.459244,9.394834,-0.879918,0.475126,60.0,16.0,9.0,0.145285,329.6222222222222,6.018888888888889,10.0
1627314849.0,366975760.0,37.823455,-122.450485,10.057286,0.949539,0.313649,60.0,25.0,9.0,0.250587,1627314849.0,367008020.0,37.803713,-122.506864,6.067772,0.832845,0.553506,31.0,30.0,9.0,0.230951,1627314849.0,367145450.0,37.831237,-122.459292,9.382168,-0.880303,0.474411,60.0,16.0,9.0,0.144028,329.6166666666667,6.019166666666667,10.0
1627314850.0,366975760.0,37.823469,-122.450429,10.057314,0.949646,0.313326,60.0,25.0,9.0,0.248739,1627314850.0,367008020.0,37.803728,-122.506835,6.065433,0.832875,0.553462,31.0,30.0,9.0,0.229166,1627314850.0,367145450.0,37.831258,-122.45934,9.36588,-0.88078,0.473526,60.0,16.0,9.0,0.142802,329.6111111111111,6.019444444444445,10.0
1627314851.0,366975760.0,37.823484,-122.450373,10.057709,0.949751,0.313007,60.0,25.0,9.0,0.24689,1627314851.0,367008020.0,37.803744,-122.506805,6.063102,0.832899,0.553425,31.0,30.0,9.0,0.227381,1627314851.0,367145450.0,37.831278,-122.459389,9.345974,-0.881348,0.472468,60.0,16.0,9.0,0.141607,329.60555555555555,6.019722222222223,10.0
1627314852.0,366975760.0,37.823498,-122.450317,10.05847,0.949855,0.312692,60.0,25.0,9.0,0.245042,1627314852.0,367008020.0,37.803759,-122.506776,6.060781,0.832918,0.553397,31.0,30.0,9.0,0.225597,1627314852.0,367145450.0,37.831299,-122.459437,9.322458,-0.882008,0.471235,60.0,16.0,9.0,0.140444,329.6,6.02,10.0
1627314853.0,366975760.0,37.823513,-122.450261,10.059599,0.949957,0.312381,60.0,25.0,9.0,0.243193,1627314853.0,367008020.0,37.803775,-122.506746,6.058469,0.832931,0.553377,31.0,30.0,9.0,0.223814,1627314853.0,367145450.0,37.831319,-122.459485,9.295338,-0.88276,0.469824,60.0,16.0,9.0,0.139314,329.59444444444443,6.020277777777777,10.0
1627314854.0,366975760.0,37.823528,-122.450205,10.061094,0.950058,0.312074,60.0,25.0,9.0,0.241344,1627314854.0,367008020.0,37.80379,-122.506717,6.056166,0.832938,0.553366,31.0,30.0,9.0,0.222031,1627314854.0,367145450.0,37.831339,-122.459533,9.264624,-0.883606,0.46823,60.0,16.0,9.0,0.138218,329.5888888888889,6.020555555555555,10.0
1627314855.0,366975760.0,37.823542,-122.450149,10.062956,0.950157,0.311771,60.0,25.0,9.0,0.239495,1627314855.0,367008020.0,37.803806,-122.506687,6.053873,0.83294,0.553363,31.0,30.0,9.0,0.220249,1627314855.0,367145450.0,37.831359,-122.459581,9.230326,-0.884547,0.466451,60.0,16.0,9.0,0.137154,329.5833333333333,6.020833333333333,10.0
1627314856.0,366975760.0,37.823557,-122.450093,10.065185,0.950255,0.311472,60.0,25.0,9.0,0.237645,1627314856.0,367008020.0,37.803821,-122.506658,6.051588,0.832937,0.553368,31.0,30.0,9.0,0.218468,1627314856.0,367145450.0,37.831379,-122.459629,9.192455,-0.885583,0.464481,60.0,16.0,9.0,0.136125,329.5777777777778,6.021111111111111,10.0
1627314857.0,366975760.0,37.823571,-122.450037,10.067781,0.950352,0.311177,60.0,25.0,9.0,0.235795,1627314857.0,367008020.0,37.803837,-122.506628,6.049313,0.832928,0.553382,31.0,30.0,9.0,0.216687,1627314857.0,367145450.0,37.831399,-122.459677,9.151024,-0.886716,0.462315,60.0,16.0,9.0,0.135131,329.5722222222222,6.021388888888889,10.0
1627314858.0,366975760.0,37.823586,-122.449981,10.070743,0.950447,0.310887,60.0,25.0,9.0,0.233944,1627314858.0,367008020.0,37.803852,-122.506599,6.047047,0.832913,0.553404,31.0,30.0,9.0,0.214907,1627314858.0,367145450.0,37.831418,-122.459724,9.106046,-0.887947,0.459946,60.0,16.0,9.0,0.134171,329.56666666666666,6.0216666666666665,10.0
1627314859.0,366975760.0,37.8236,-122.449925,10.074072,0.950541,0.3106,60.0,25.0,9.0,0.232093,1627314859.0,367008020.0,37.803868,-122.506569,6.04479,0.832893,0.553435,31.0,30.0,9.0,0.213128,1627314859.0,367145450.0,37.831438,-122.459772,9.057539,-0.889277,0.457369,60.0,16.0,9.0,0.133246,329.5611111111112,6.021944444444444,10.0
1627314860.0,366975760.0,37.823615,-122.449869,10.077768,0.950633,0.310318,60.0,25.0,9.0,0.230241,1627314860.0,367008020.0,37.803883,-122.50654,6.042543,0.832867,0.553474,31.0,30.0,9.0,0.211349,1627314860.0,367145450.0,37.831457,-122.459819,9.005519,-0.890708,0.454576,60.0,16.0,9.0,0.132356,329.55555555555554,6.022222222222222,10.0
1627314861.0,366975760.0,37.823629,-122.449813,10.08183,0.950723,0.31004,60.0,25.0,9.0,0.228388,1627314861.0,367008020.0,37.803899,-122.50651,6.040305,0.832835,0.553521,31.0,30.0,9.0,0.209572,1627314861.0,367145450.0,37.831476,-122.459866,8.950004,-0.892241,0.451559,60.0,16.0,9.0,0.131501,329.55,6.0225,10.0
1627314862.0,366975760.0,37.823643,-122.449757,10.086259,0.950813,0.309766,60.0,25.0,9.0,0.226534,1627314862.0,367008020.0,37.803914,-122.506481,6.038075,0.832798,0.553577,31.0,30.0,9.0,0.207794,1627314862.0,367145450.0,37.831495,-122.459913,8.891017,-0.893878,0.448309,60.0,16.0,9.0,0.13068,329.5444444444444,6.022777777777778,10.0
1627314863.0,366975760.0,37.823658,-122.449701,10.091055,0.9509,0.309497,60.0,25.0,9.0,0.22468,1627314863.0,367008020.0,37.80393,-122.506451,6.035856,0.832755,0.553642,31.0,30.0,9.0,0.206018,1627314863.0,367145450.0,37.831513,-122.459959,8.82858,-0.895621,0.444817,60.0,16.0,9.0,0.129894,329.5388888888889,6.023055555555556,10.0
1627314864.0,366975760.0,37.823672,-122.449644,10.096216,0.950987,0.309232,60.0,25.0,9.0,0.222824,1627314864.0,367008020.0,37.803945,-122.506422,6.033645,0.832707,0.553715,31.0,30.0,9.0,0.204242,1627314864.0,367145450.0,37.831531,-122.460005,8.762717,-0.897472,0.441072,60.0,16.0,9.0,0.129143,329.53333333333336,6.023333333333333,10.0
1627314865.0,366975760.0,37.823687,-122.449588,10.101745,0.951071,0.308971,60.0,25.0,9.0,0.220968,1627314865.0,367008020.0,37.803961,-122.506392,6.031444,0.832652,0.553796,31.0,30.0,9.0,0.202467,1627314865.0,367145450.0,37.831549,-122.460051,8.693458,-0.899431,0.437062,60.0,16.0,9.0,0.128426,329.52777777777777,6.023611111111111,10.0
1627314866.0,366975760.0,37.823701,-122.449532,10.107639,0.951155,0.308715,60.0,25.0,9.0,0.21911,1627314866.0,367008020.0,37.803976,-122.506363,6.029251,0.832593,0.553886,31.0,30.0,9.0,0.200692,1627314866.0,367145450.0,37.831567,-122.460097,8.62083,-0.901502,0.432775,60.0,16.0,9.0,0.127742,329.52222222222224,6.023888888888889,10.0
1627314867.0,366975760.0,37.823716,-122.449476,10.1139,0.951236,0.308463,60.0,25.0,9.0,0.217252,1627314867.0,367008020.0,37.803992,-122.506334,6.027069,0.832527,0.553984,31.0,30.0,9.0,0.198918,1627314867.0,367145450.0,37.831584,-122.460143,8.544868,-0.903685,0.428197,60.0,16.0,9.0,0.127092,329.51666666666665,6.024166666666667,10.0
1627314868.0,366975760.0,37.82373,-122.449419,10.120527,0.951316,0.308216,60.0,25.0,9.0,0.215392,1627314868.0,367008020.0,37.804007,-122.506304,6.024895,0.832456,0.554091,31.0,30.0,9.0,0.197145,1627314868.0,367145450.0,37.831601,-122.460188,8.465606,-0.905983,0.423313,60.0,16.0,9.0,0.126474,329.5111111111111,6.024444444444445,10.0
1627314869.0,366975760.0,37.823745,-122.449363,10.127521,0.951395,0.307973,60.0,25.0,9.0,0.213531,1627314869.0,367008020.0,37.804022,-122.506275,6.022731,0.832379,0.554206,31.0,30.0,9.0,0.195373,1627314869.0,367145450.0,37.831617,-122.460233,8.383084,-0.908398,0.418107,60.0,16.0,9.0,0.125888,329.5055555555556,6.024722222222223,10.0
1627314870.0,366975760.0,37.823759,-122.449306,10.134881,0.951472,0.307734,60.0,25.0,9.0,0.211668,1627314870.0,367008020.0,37.804038,-122.506245,6.020576,0.832297,0.55433,31.0,30.0,9.0,0.193601,1627314870.0,367145450.0,37.831634,-122.460278,8.297345,-0.91093,0.41256,60.0,16.0,9.0,0.125333,329.5,6.025,10.0
1627314871.0,366975760.0,37.823773,-122.44925,10.142607,0.951548,0.3075,60.0,25.0,9.0,0.209804,1627314871.0,367008020.0,37.804053,-122.506216,6.018431,0.832209,0.554462,31.0,30.0,9.0,0.19183,1627314871.0,367145450.0,37.83165,-122.460322,8.208435,-0.913582,0.406654,60.0,16.0,9.0,0.124808,329.49444444444447,6.025277777777778,10.0
1627314872.0,366975760.0,37.823788,-122.449193,10.150699,0.951622,0.30727,60.0,25.0,9.0,0.207939,1627314872.0,367008020.0,37.804069,-122.506187,6.016295,0.832115,0.554603,31.0,30.0,9.0,0.190059,1627314872.0,367145450.0,37.831665,-122.460366,8.116404,-0.916355,0.400366,60.0,16.0,9.0,0.124312,329.4888888888889,6.025555555555556,10.0
1627314873.0,366975760.0,37.823802,-122.449137,10.159157,0.951695,0.307045,60.0,25.0,9.0,0.206072,1627314873.0,367008020.0,37.804084,-122.506157,6.014169,0.832015,0.554753,31.0,30.0,9.0,0.18829,1627314873.0,367145450.0,37.83168,-122.460409,8.021309,-0.91925,0.393675,60.0,16.0,9.0,0.123845,329.4833333333333,6.025833333333333,10.0
1627314874.0,366975760.0,37.823817,-122.44908,10.167982,0.951766,0.306824,60.0,25.0,9.0,0.204204,1627314874.0,367008020.0,37.8041,-122.506128,6.012052,0.83191,0.55491,31.0,30.0,9.0,0.186521,1627314874.0,367145450.0,37.831695,-122.460453,7.923211,-0.922267,0.386554,60.0,16.0,9.0,0.123404,329.47777777777776,6.026111111111111,10.0
1627314875.0,366975760.0,37.823831,-122.449024,10.177172,0.951836,0.306608,60.0,25.0,9.0,0.202334,1627314875.0,367008020.0,37.804115,-122.506099,6.009945,0.831799,0.555077,31.0,30.0,9.0,0.184752,1627314875.0,367145450.0,37.831709,-122.460495,7.822175,-0.925407,0.378976,60.0,16.0,9.0,0.12299,329.47222222222223,6.026388888888889,10.0
1627314876.0,366975760.0,37.823846,-122.448967,10.186729,0.951904,0.306397,60.0,25.0,9.0,0.200462,1627314876.0,367008020.0,37.804131,-122.50607,6.007847,0.831682,0.555252,31.0,30.0,9.0,0.182985,1627314876.0,367145450.0,37.831722,-122.460538,7.718276,-0.928669,0.370911,60.0,16.0,9.0,0.1226,329.46666666666664,6.026666666666666,10.0
1627314877.0,366975760.0,37.82386,-122.44891,10.19656,0.95197,0.30619,60.0,25.0,9.0,0.198588,1627314877.0,367008020.0,37.804146,-122.50604,6.005759,0.83156,0.555435,31.0,30.0,9.0,0.181218,1627314877.0,367145450.0,37.831736,-122.46058,7.611594,-0.932052,0.362325,60.0,16.0,9.0,0.122233,329.4611111111111,6.026944444444444,10.0
1627314878.0,366975760.0,37.823874,-122.448853,10.206303,0.952035,0.30599,60.0,25.0,9.0,0.196712,1627314878.0,367008020.0,37.804161,-122.506011,6.00368,0.831431,0.555627,31.0,30.0,9.0,0.179451,1627314878.0,367145450.0,37.831748,-122.460621,7.502216,-0.935554,0.353184,60.0,16.0,9.0,0.121888,329.4555555555556,6.027222222222222,10.0
1627314879.0,366975760.0,37.823889,-122.448796,10.215866,0.952097,0.305797,60.0,25.0,9.0,0.194835,1627314879.0,367008020.0,37.804177,-122.505982,6.001611,0.831297,0.555828,31.0,30.0,9.0,0.177686,1627314879.0,367145450.0,37.831761,-122.460662,7.39024,-0.939172,0.343447,60.0,16.0,9.0,0.121563,329.45,6.0275,10.0
1627314880.0,366975760.0,37.823903,-122.448739,10.225249,0.952156,0.305611,60.0,25.0,9.0,0.192956,1627314880.0,367008020.0,37.804192,-122.505953,5.999552,0.831157,0.556037,31.0,30.0,9.0,0.175921,1627314880.0,367145450.0,37.831772,-122.460703,7.275774,-0.942901,0.333073,60.0,16.0,9.0,0.121258,329.44444444444446,6.027777777777778,10.0
1627314881.0,366975760.0,37.823918,-122.448682,10.234452,0.952214,0.305432,60.0,25.0,9.0,0.191075,1627314881.0,367008020.0,37.804208,-122.505923,5.997503,0.831012,0.556255,31.0,30.0,9.0,0.174157,1627314881.0,367145450.0,37.831784,-122.460743,7.158935,-0.946735,0.322014,60.0,16.0,9.0,0.120969,329.43888888888887,6.028055555555556,10.0
1627314882.0,366975760.0,37.823932,-122.448625,10.243475,0.952269,0.30526,60.0,25.0,9.0,0.189192,1627314882.0,367008020.0,37.804223,-122.505894,5.995464,0.83086,0.556481,31.0,30.0,9.0,0.172393,1627314882.0,367145450.0,37.831794,-122.460783,7.039853,-0.950665,0.310219,60.0,16.0,9.0,0.120697,329.43333333333334,6.028333333333333,10.0
1627314883.0,366975760.0,37.823947,-122.448568,10.252317,0.952322,0.305095,60.0,25.0,9.0,0.187308,1627314883.0,367008020.0,37.804239,-122.505865,5.993434,0.830703,0.556716,31.0,30.0,9.0,0.17063,1627314883.0,367145450.0,37.831804,-122.460822,6.918673,-0.95468,0.297633,60.0,16.0,9.0,0.120438,329.4277777777778,6.028611111111111,10.0
1627314884.0,366975760.0,37.823961,-122.448511,10.26098,0.952373,0.304937,60.0,25.0,9.0,0.185422,1627314884.0,367008020.0,37.804254,-122.505836,5.991414,0.83054,0.55696,31.0,30.0,9.0,0.168868,1627314884.0,367145450.0,37.831814,-122.460861,6.795555,-0.958767,0.284194,60.0,16.0,9.0,0.120192,329.4222222222222,6.028888888888889,10.0
1627314885.0,366975760.0,37.823976,-122.448454,10.269463,0.952421,0.304785,60.0,25.0,9.0,0.183534,1627314885.0,367008020.0,37.804269,-122.505807,5.989405,0.83037,0.557212,31.0,30.0,9.0,0.167107,1627314885.0,367145450.0,37.831823,-122.460899,6.670675,-0.962906,0.269838,60.0,16.0,9.0,0.119957,329.4166666666667,6.029166666666667,10.0
1627314886.0,366975760.0,37.82399,-122.448396,10.277765,0.952467,0.304641,60.0,25.0,9.0,0.181645,1627314886.0,367008020.0,37.804285,-122.505778,5.987405,0.830196,0.557472,31.0,30.0,9.0,0.165346,1627314886.0,367145450.0,37.831831,-122.460937,6.544229,-0.967075,0.254491,60.0,16.0,9.0,0.11973,329.4111111111111,6.029444444444445,10.0
1627314887.0,366975760.0,37.824005,-122.448339,10.285888,0.952511,0.304503,60.0,25.0,9.0,0.179754,1627314887.0,367008020.0,37.8043,-122.505749,5.985415,0.830015,0.557741,31.0,30.0,9.0,0.163586,1627314887.0,367145450.0,37.831839,-122.460974,6.416437,-0.971246,0.238077,60.0,16.0,9.0,0.11951,329.4055555555556,6.029722222222222,10.0
1627314888.0,366975760.0,37.824019,-122.448282,10.29383,0.952553,0.304372,60.0,25.0,9.0,0.177861,1627314888.0,367008020.0,37.804316,-122.505719,5.983436,0.829828,0.558019,31.0,30.0,9.0,0.161827,1627314888.0,367145450.0,37.831846,-122.46101,6.287542,-0.975384,0.220511,60.0,16.0,9.0,0.119296,329.4,6.03,10.0
1627314889.0,366975760.0,37.824034,-122.448224,10.301591,0.952593,0.304248,60.0,25.0,9.0,0.175967,1627314889.0,367008020.0,37.804331,-122.50569,5.981467,0.829635,0.558305,31.0,30.0,9.0,0.160068,1627314889.0,367145450.0,37.831852,-122.461046,6.157813,-0.979447,0.201702,60.0,16.0,9.0,0.119085,329.39444444444445,6.030277777777778,10.0
1627314890.0,366975760.0,37.824048,-122.448167,10.309173,0.95263,0.304131,60.0,25.0,9.0,0.174072,1627314890.0,367008020.0,37.804347,-122.505661,5.979508,0.829437,0.5586,31.0,30.0,9.0,0.15831,1627314890.0,367145450.0,37.831858,-122.461081,6.027553,-0.983381,0.181554,60.0,16.0,9.0,0.118876,329.3888888888889,6.030555555555556,10.0
1627314891.0,366975760.0,37.824063,-122.448109,10.316574,0.952666,0.30402,60.0,25.0,9.0,0.172175,1627314891.0,367008020.0,37.804362,-122.505632,5.97756,0.829232,0.558904,31.0,30.0,9.0,0.156553,1627314891.0,367145450.0,37.831863,-122.461116,5.897098,-0.987123,0.159962,60.0,16.0,9.0,0.118667,329.3833333333333,6.030833333333334,10.0
1627314892.0,366975760.0,37.824077,-122.448052,10.323795,0.952699,0.303916,60.0,25.0,9.0,0.170277,1627314892.0,367008020.0,37.804378,-122.505603,5.975622,0.829022,0.559216,31.0,30.0,9.0,0.154796,1627314892.0,367145450.0,37.831868,-122.46115,5.766822,-0.990596,0.136818,60.0,16.0,9.0,0.118455,329.3777777777778,6.031111111111112,10.0
1627314893.0,366975760.0,37.824092,-122.447994,10.330835,0.95273,0.303819,60.0,25.0,9.0,0.168378,1627314893.0,367008020.0,37.804393,-122.505574,5.973694,0.828806,0.559537,31.0,30.0,9.0,0.15304,1627314893.0,367145450.0,37.831871,-122.461184,5.637146,-0.993707,0.112009,60.0,16.0,9.0,0.118239,329.3722222222222,6.0313888888888885,10.0
1627314894.0,366975760.0,37.824106,-122.447936,10.337695,0.952759,0.303728,60.0,25.0,9.0,0.166477,1627314894.0,367008020.0,37.804408,-122.505545,5.971777,0.828583,0.559866,31.0,30.0,9.0,0.151285,1627314894.0,367145450.0,37.831874,-122.461217,5.508536,-0.996345,0.085416,60.0,16.0,9.0,0.118018,329.3666666666667,6.031666666666666,10.0
1627314895.0,366975760.0,37.824121,-122.447879,10.344375,0.952786,0.303644,60.0,25.0,9.0,0.164575,1627314895.0,367008020.0,37.804424,-122.505516,5.969871,0.828355,0.560204,31.0,30.0,9.0,0.149531,1627314895.0,367145450.0,37.831876,-122.461249,5.381511,-0.998379,0.056924,60.0,16.0,9.0,0.117789,329.3611111111111,6.031944444444444,10.0
1627314896.0,366975760.0,37.824135,-122.447821,10.350874,0.95281,0.303567,60.0,25.0,9.0,0.162672,1627314896.0,367008020.0,37.804439,-122.505487,5.967975,0.828121,0.56055,31.0,30.0,9.0,0.147777,1627314896.0,367145450.0,37.831878,-122.46128,5.25665,-0.999651,0.026416,60.0,16.0,9.0,0.11755,329.35555555555555,6.032222222222222,10.0
1627314897.0,366975760.0,37.82415,-122.447763,10.357193,0.952833,0.303496,60.0,25.0,9.0,0.160767,1627314897.0,367008020.0,37.804455,-122.505458,5.96609,0.82788,0.560905,31.0,30.0,9.0,0.146024,1627314897.0,367145450.0,37.831878,-122.461311,5.134596,-0.999981,-0.006214,60.0,16.0,9.0,0.117299,329.35,6.0325,10.0
1627314898.0,366975760.0,37.824164,-122.447705,10.363331,0.952853,0.303432,60.0,25.0,9.0,0.158861,1627314898.0,367008020.0,37.80447,-122.505429,5.964216,0.827634,0.561268,31.0,30.0,9.0,0.144271,1627314898.0,367145450.0,37.831878,-122.461341,5.016059,-0.999157,-0.041061,60.0,16.0,9.0,0.117036,329.34444444444443,6.032777777777778,10.0
1627314899.0,366975760.0,37.824179,-122.447648,10.369289,0.952871,0.303375,60.0,25.0,9.0,0.156954,1627314899.0,367008020.0,37.804486,-122.505401,5.962353,0.827381,0.561641,31.0,30.0,9.0,0.14252,1627314899.0,367145450.0,37.831877,-122.46137,4.901821,-0.996938,-0.078199,60.0,16.0,9.0,0.116757,329.3388888888889,6.033055555555555,10.0
1627314900.0,366975760.0,37.824193,-122.44759,10.375067,0.952888,0.303324,60.0,25.0,9.0,0.155046,1627314900.0,367008020.0,37.804501,-122.505372,5.960501,0.827123,0.562021,31.0,30.0,9.0,0.140769,1627314900.0,367145450.0,37.831876,-122.461399,4.792739,-0.993053,-0.117671,60.0,16.0,9.0,0.116461,329.3333333333333,6.033333333333333,10.0
1627314901.0,366975760.0,37.824208,-122.447532,10.380664,0.952902,0.303279,60.0,25.0,9.0,0.153137,1627314901.0,367008020.0,37.804517,-122.505343,5.95866,0.826858,0.56241,31.0,30.0,9.0,0.139018,1627314901.0,367145450.0,37.831873,-122.461427,4.689744,-0.987202,-0.159476,60.0,16.0,9.0,0.116146,329.3277777777778,6.033611111111111,10.0
1627314902.0,366975760.0,37.824223,-122.447474,10.38608,0.952914,0.303242,60.0,25.0,9.0,0.151227,1627314902.0,367008020.0,37.804532,-122.505314,5.956831,0.826587,0.562808,31.0,30.0,9.0,0.137269,1627314902.0,367145450.0,37.831869,-122.461454,4.593841,-0.979062,-0.203562,60.0,16.0,9.0,0.115811,329.3222222222222,6.033888888888889,10.0
1627314903.0,366975760.0,37.824237,-122.447416,10.391316,0.952924,0.30321,60.0,25.0,9.0,0.149316,1627314903.0,367008020.0,37.804548,-122.505285,5.955012,0.826311,0.563215,31.0,30.0,9.0,0.13552,1627314903.0,367145450.0,37.831865,-122.46148,4.5061,-0.968296,-0.249807,60.0,16.0,9.0,0.115453,329.31666666666666,6.034166666666667,10.0
1627314904.0,366975760.0,37.824252,-122.447358,10.396371,0.952931,0.303186,60.0,25.0,9.0,0.147404,1627314904.0,367008020.0,37.804563,-122.505256,5.953205,0.826028,0.56363,31.0,30.0,9.0,0.133772,1627314904.0,367145450.0,37.83186,-122.461506,4.427646,-0.954564,-0.298007,60.0,16.0,9.0,0.115071,329.3111111111112,6.0344444444444445,10.0
1627314905.0,366975760.0,37.824266,-122.4473,10.401246,0.952937,0.303168,60.0,25.0,9.0,0.145491,1627314905.0,367008020.0,37.804579,-122.505228,5.95141,0.825738,0.564053,31.0,30.0,9.0,0.132024,1627314905.0,367145450.0,37.831854,-122.461531,4.359639,-0.937544,-0.347868,60.0,16.0,9.0,0.114663,329.30555555555554,6.034722222222222,10.0
1627314906.0,366975760.0,37.824281,-122.447242,10.40594,0.952941,0.303156,60.0,25.0,9.0,0.143577,1627314906.0,367008020.0,37.804594,-122.505199,5.949626,0.825443,0.564485,31.0,30.0,9.0,0.130277,1627314906.0,367145450.0,37.831847,-122.461555,4.303256,-0.916953,-0.398995,60.0,16.0,9.0,0.114227,329.3,6.035,10.0
1627314907.0,366975760.0,37.824295,-122.447184,10.410454,0.952943,0.303151,60.0,25.0,9.0,0.141663,1627314907.0,367008020.0,37.80461,-122.50517,5.947861,0.825143,0.564924,31.0,30.0,9.0,0.128531,1627314907.0,367145450.0,37.831839,-122.461578,4.259658,-0.892576,-0.450898,60.0,16.0,9.0,0.113761,329.2944444444444,6.035277777777778,10.0
1627314908.0,366975760.0,37.82431,-122.447126,10.414787,0.952942,0.303152,60.0,25.0,9.0,0.139747,1627314908.0,367008020.0,37.804626,-122.505141,5.946146,0.824845,0.565359,31.0,30.0,9.0,0.126786,1627314908.0,367145450.0,37.83183,-122.4616,4.230126,-0.864437,-0.502742,60.0,16.0,9.0,0.113265,329.2888888888889,6.035555555555556,10.0
1627314909.0,366975760.0,37.824325,-122.447067,10.41894,0.95294,0.30316,60.0,25.0,9.0,0.137831,1627314909.0,367008020.0,37.804641,-122.505113,5.944488,0.82455,0.565789,31.0,30.0,9.0,0.125041,1627314909.0,367145450.0,37.83182,-122.461621,4.21584,-0.833243,-0.552907,60.0,16.0,9.0,0.112736,329.28333333333336,6.035833333333334,10.0
1627314910.0,366975760.0,37.824339,-122.447009,10.422912,0.952935,0.303174,60.0,25.0,9.0,0.135913,1627314910.0,367008020.0,37.804657,-122.505084,5.942888,0.824259,0.566213,31.0,30.0,9.0,0.123297,1627314910.0,367145450.0,37.831809,-122.461642,4.216579,-0.799527,-0.60063,60.0,16.0,9.0,0.112174,329.27777777777777,6.036111111111111,10.0
1627314911.0,366975760.0,37.824354,-122.446951,10.426704,0.952929,0.303195,60.0,25.0,9.0,0.133996,1627314911.0,367008020.0,37.804672,-122.505055,5.941344,0.823971,0.566633,31.0,30.0,9.0,0.121553,1627314911.0,367145450.0,37.831798,-122.461662,4.23172,-0.763763,-0.645497,60.0,16.0,9.0,0.111578,329.27222222222224,6.036388888888889,10.0
1627314912.0,366975760.0,37.824369,-122.446893,10.430315,0.95292,0.303222,60.0,25.0,9.0,0.132077,1627314912.0,367008020.0,37.804688,-122.505026,5.939857,0.823686,0.567046,31.0,30.0,9.0,0.119811,1627314912.0,367145450.0,37.831785,-122.461681,4.260509,-0.726463,-0.687205,60.0,16.0,9.0,0.110949,329.26666666666665,6.036666666666667,10.0
1627314913.0,366975760.0,37.824383,-122.446835,10.433746,0.952909,0.303256,60.0,25.0,9.0,0.130158,1627314913.0,367008020.0,37.804703,-122.504998,5.938428,0.823404,0.567455,31.0,30.0,9.0,0.118068,1627314913.0,367145450.0,37.831771,-122.461699,4.302083,-0.688151,-0.725567,60.0,16.0,9.0,0.110285,329.2611111111111,6.036944444444444,10.0
1627314914.0,366975760.0,37.824398,-122.446776,10.436996,0.952896,0.303296,60.0,25.0,9.0,0.128238,1627314914.0,367008020.0,37.804719,-122.504969,5.937055,0.823127,0.567858,31.0,30.0,9.0,0.116327,1627314914.0,367145450.0,37.831757,-122.461716,4.355508,-0.649333,-0.760504,60.0,16.0,9.0,0.109587,329.2555555555556,6.037222222222222,10.0
1627314915.0,366975760.0,37.824412,-122.446718,10.440065,0.952882,0.303343,60.0,25.0,9.0,0.126317,1627314915.0,367008020.0,37.804735,-122.504941,5.935739,0.822852,0.568256,31.0,30.0,9.0,0.114586,1627314915.0,367145450.0,37.831742,-122.461733,4.419798,-0.610474,-0.792036,60.0,16.0,9.0,0.108854,329.25,6.0375,10.0
1627314916.0,366975760.0,37.824427,-122.44666,10.442954,0.952865,0.303396,60.0,25.0,9.0,0.124396,1627314916.0,367008020.0,37.80475,-122.504912,5.93448,0.822581,0.568648,31.0,30.0,9.0,0.112845,1627314916.0,367145450.0,37.831726,-122.461749,4.493952,-0.571987,-0.820262,60.0,16.0,9.0,0.108086,329.24444444444447,6.0377777777777775,10.0
1627314917.0,366975760.0,37.824442,-122.446602,10.445663,0.952846,0.303455,60.0,25.0,9.0,0.122475,1627314917.0,367008020.0,37.804766,-122.504883,5.933278,0.822313,0.569035,31.0,30.0,9.0,0.111105,1627314917.0,367145450.0,37.831708,-122.461764,4.57697,-0.534219,-0.845346,60.0,16.0,9.0,0.107284,329.2388888888889,6.038055555555555,10.0
1627314918.0,366975760.0,37.824456,-122.446543,10.448191,0.952825,0.303521,60.0,25.0,9.0,0.120553,1627314918.0,367008020.0,37.804781,-122.504855,5.932132,0.822049,0.569416,31.0,30.0,9.0,0.109366,1627314918.0,367145450.0,37.831691,-122.461778,4.66788,-0.497449,-0.867493,60.0,16.0,9.0,0.106448,329.2333333333333,6.038333333333333,10.0
1627314919.0,366975760.0,37.824471,-122.446485,10.450539,0.952802,0.303594,60.0,25.0,9.0,0.11863,1627314919.0,367008020.0,37.804797,-122.504826,5.931043,0.821789,0.569792,31.0,30.0,9.0,0.107627,1627314919.0,367145450.0,37.831672,-122.461792,4.765747,-0.461894,-0.886935,60.0,16.0,9.0,0.105577,329.22777777777776,6.038611111111111,10.0
1627314920.0,366975760.0,37.824486,-122.446427,10.452706,0.952776,0.303672,60.0,25.0,9.0,0.116708,1627314920.0,367008020.0,37.804813,-122.504798,5.930011,0.821532,0.570163,31.0,30.0,9.0,0.105888,1627314920.0,367145450.0,37.831652,-122.461804,4.869688,-0.427711,-0.903916,60.0,16.0,9.0,0.104671,329.22222222222223,6.038888888888889,10.0
1627314921.0,366975760.0,37.8245,-122.446368,10.454693,0.952749,0.303758,60.0,25.0,9.0,0.114784,1627314921.0,367008020.0,37.804828,-122.504769,5.929035,0.821278,0.570528,31.0,30.0,9.0,0.10415,1627314921.0,367145450.0,37.831632,-122.461817,4.978875,-0.395004,-0.918679,60.0,16.0,9.0,0.10373,329.21666666666664,6.039166666666667,10.0
1627314922.0,366975760.0,37.824515,-122.44631,10.4565,0.95272,0.303849,60.0,25.0,9.0,0.112861,1627314922.0,367008020.0,37.804844,-122.504741,5.928115,0.821028,0.570887,31.0,30.0,9.0,0.102413,1627314922.0,367145450.0,37.831611,-122.461828,5.092541,-0.363834,-0.931464,60.0,16.0,9.0,0.102756,329.2111111111111,6.039444444444444,10.0
1627314923.0,366975760.0,37.82453,-122.446252,10.458126,0.952689,0.303948,60.0,25.0,9.0,0.110937,1627314923.0,367008020.0,37.80486,-122.504712,5.927252,0.820782,0.571241,31.0,30.0,9.0,0.100675,1627314923.0,367145450.0,37.831589,-122.461839,5.209982,-0.334227,-0.942492,60.0,16.0,9.0,0.101747,329.2055555555556,6.039722222222222,10.0
1627314924.0,366975760.0,37.824545,-122.446193,10.459571,0.952655,0.304052,60.0,25.0,9.0,0.109013,1627314924.0,367008020.0,37.804875,-122.504684,5.926445,0.820539,0.57159,31.0,30.0,9.0,0.098939,1627314924.0,367145450.0,37.831566,-122.461849,5.330551,-0.306179,-0.951974,60.0,16.0,9.0,0.100704,329.2,6.04,10.0
1627314925.0,366975760.0,37.824559,-122.446135,10.460837,0.95262,0.304163,60.0,25.0,9.0,0.107088,1627314925.0,367008020.0,37.804891,-122.504655,5.925695,0.8203,0.571933,31.0,30.0,9.0,0.097202,1627314925.0,367145450.0,37.831543,-122.461859,5.453661,-0.279666,-0.960097,60.0,16.0,9.0,0.099628,329.19444444444446,6.040277777777778,10.0
1627314926.0,366975760.0,37.824574,-122.446077,10.461922,0.952582,0.304281,60.0,25.0,9.0,0.105164,1627314926.0,367008020.0,37.804907,-122.504627,5.925001,0.820065,0.572271,31.0,30.0,9.0,0.095466,1627314926.0,367145450.0,37.831518,-122.461868,5.578777,-0.254645,-0.967035,60.0,16.0,9.0,0.098518,329.18888888888887,6.040555555555556,10.0
1627314927.0,366975760.0,37.824589,-122.446018,10.462827,0.952543,0.304404,60.0,25.0,9.0,0.103239,1627314927.0,367008020.0,37.804922,-122.504598,5.924363,0.819833,0.572603,31.0,30.0,9.0,0.09373,1627314927.0,367145450.0,37.831493,-122.461876,5.705418,-0.231065,-0.972938,60.0,16.0,9.0,0.097375,329.18333333333334,6.0408333333333335,10.0
1627314928.0,366975760.0,37.824603,-122.44596,10.463551,0.952501,0.304535,60.0,25.0,9.0,0.101314,1627314928.0,367008020.0,37.804938,-122.50457,5.923781,0.819605,0.57293,31.0,30.0,9.0,0.091995,1627314928.0,367145450.0,37.831468,-122.461884,5.833149,-0.208866,-0.977944,60.0,16.0,9.0,0.0962,329.1777777777778,6.041111111111111,10.0
1627314929.0,366975760.0,37.824618,-122.445902,10.464096,0.952457,0.304672,60.0,25.0,9.0,0.099389,1627314929.0,367008020.0,37.804954,-122.504541,5.923255,0.81938,0.573251,31.0,30.0,9.0,0.09026,1627314929.0,367145450.0,37.831441,-122.461891,5.961575,-0.187984,-0.982172,60.0,16.0,9.0,0.094991,329.1722222222222,6.041388888888889,10.0
1627314930.0,366975760.0,37.824633,-122.445843,10.46446,0.952412,0.304815,60.0,25.0,9.0,0.097464,1627314930.0,367008020.0,37.804969,-122.504513,5.922786,0.819159,0.573566,31.0,30.0,9.0,0.088525,1627314930.0,367145450.0,37.831414,-122.461897,6.090344,-0.168352,-0.985727,60.0,16.0,9.0,0.093751,329.1666666666667,6.041666666666667,10.0
1627314931.0,366975760.0,37.824648,-122.445785,10.464644,0.952364,0.304965,60.0,25.0,9.0,0.095539,1627314931.0,367008020.0,37.804985,-122.504485,5.922372,0.818942,0.573876,31.0,30.0,9.0,0.086791,1627314931.0,367145450.0,37.831386,-122.461903,6.219137,-0.149905,-0.9887,60.0,16.0,9.0,0.092479,329.1611111111111,6.041944444444445,10.0
1627314932.0,366975760.0,37.824662,-122.445726,10.464648,0.952314,0.305121,60.0,25.0,9.0,0.093613,1627314932.0,367008020.0,37.805001,-122.504456,5.922015,0.818729,0.574181,31.0,30.0,9.0,0.085056,1627314932.0,367145450.0,37.831358,-122.461909,6.347666,-0.132575,-0.991173,60.0,16.0,9.0,0.091175,329.1555555555556,6.042222222222223,10.0
1627314933.0,366975760.0,37.824677,-122.445668,10.464472,0.952261,0.305284,60.0,25.0,9.0,0.091688,1627314933.0,367008020.0,37.805017,-122.504428,5.921713,0.818519,0.57448,31.0,30.0,9.0,0.083322,1627314933.0,367145450.0,37.831329,-122.461914,6.475673,-0.116299,-0.993214,60.0,16.0,9.0,0.089841,329.15,6.0425,10.0
1627314934.0,366975760.0,37.824692,-122.44561,10.464115,0.952207,0.305453,60.0,25.0,9.0,0.089763,1627314934.0,367008020.0,37.805032,-122.504399,5.921467,0.818313,0.574773,31.0,30.0,9.0,0.081589,1627314934.0,367145450.0,37.831299,-122.461918,6.602927,-0.101015,-0.994885,60.0,16.0,9.0,0.088476,329.14444444444445,6.042777777777777,10.0
1627314935.0,366975760.0,37.824707,-122.445551,10.463579,0.952151,0.305629,60.0,25.0,9.0,0.087838,1627314935.0,367008020.0,37.805048,-122.504371,5.921277,0.81811,0.575061,31.0,30.0,9.0,0.079855,1627314935.0,367145450.0,37.831269,-122.461922,6.729216,-0.086665,-0.996238,60.0,16.0,9.0,0.087081,329.1388888888889,6.043055555555555,10.0
1627314936.0,366975760.0,37.824722,-122.445493,10.462863,0.952092,0.305811,60.0,25.0,9.0,0.085913,1627314936.0,367008020.0,37.805064,-122.504343,5.921143,0.817912,0.575343,31.0,30.0,9.0,0.078122,1627314936.0,367145450.0,37.831238,-122.461926,6.854351,-0.073193,-0.997318,60.0,16.0,9.0,0.085656,329.1333333333333,6.043333333333333,10.0
1627314937.0,366975760.0,37.824736,-122.445435,10.461967,0.952032,0.305999,60.0,25.0,9.0,0.083989,1627314937.0,367008020.0,37.80508,-122.504314,5.921065,0.817717,0.57562,31.0,30.0,9.0,0.076388,1627314937.0,367145450.0,37.831206,-122.461928,6.978163,-0.060546,-0.998165,60.0,16.0,9.0,0.084202,329.1277777777778,6.043611111111111,10.0
1627314938.0,366975760.0,37.824751,-122.445376,10.46089,0.951969,0.306195,60.0,25.0,9.0,0.082064,1627314938.0,367008020.0,37.805095,-122.504286,5.921043,0.817526,0.575891,31.0,30.0,9.0,0.074655,1627314938.0,367145450.0,37.831174,-122.461931,7.100496,-0.048675,-0.998815,60.0,16.0,9.0,0.08272,329.1222222222222,6.043888888888889,10.0
1627314939.0,366975760.0,37.824766,-122.445318,10.459635,0.951904,0.306396,60.0,25.0,9.0,0.08014,1627314939.0,367008020.0,37.805111,-122.504258,5.921076,0.817339,0.576157,31.0,30.0,9.0,0.072922,1627314939.0,367145450.0,37.831141,-122.461933,7.221211,-0.037535,-0.999295,60.0,16.0,9.0,0.081209,329.1166666666667,6.0441666666666665,10.0
1627314940.0,366975760.0,37.824781,-122.44526,10.458199,0.951837,0.306605,60.0,25.0,9.0,0.078216,1627314940.0,367008020.0,37.805127,-122.504229,5.921164,0.817156,0.576417,31.0,30.0,9.0,0.071189,1627314940.0,367145450.0,37.831108,-122.461935,7.340182,-0.027082,-0.999633,60.0,16.0,9.0,0.07967,329.1111111111111,6.044444444444444,10.0
1627314941.0,366975760.0,37.824796,-122.445201,10.456583,0.951768,0.30682,60.0,25.0,9.0,0.076293,1627314941.0,367008020.0,37.805143,-122.504201,5.921309,0.816976,0.576672,31.0,30.0,9.0,0.069456,1627314941.0,367145450.0,37.831074,-122.461936,7.457295,-0.017277,-0.999851,60.0,16.0,9.0,0.078105,329.10555555555555,6.044722222222222,10.0
1627314942.0,366975760.0,37.824811,-122.445143,10.454788,0.951696,0.307041,60.0,25.0,9.0,0.074369,1627314942.0,367008020.0,37.805159,-122.504173,5.921509,0.8168,0.576921,31.0,30.0,9.0,0.067723,1627314942.0,367145450.0,37.831039,-122.461936,7.572445,-0.008081,-0.999967,60.0,16.0,9.0,0.076513,329.1,6.045,10.0
1627314943.0,366975760.0,37.824825,-122.445085,10.452813,0.951623,0.307269,60.0,25.0,9.0,0.072447,1627314943.0,367008020.0,37.805174,-122.504144,5.921764,0.816628,0.577164,31.0,30.0,9.0,0.065991,1627314943.0,367145450.0,37.831004,-122.461937,7.68554,0.000538,-1.0,60.0,16.0,9.0,0.074894,329.09444444444443,6.045277777777778,10.0
1627314944.0,366975760.0,37.82484,-122.445026,10.450659,0.951547,0.307504,60.0,25.0,9.0,0.070524,1627314944.0,367008020.0,37.80519,-122.504116,5.922075,0.81646,0.577402,31.0,30.0,9.0,0.064258,1627314944.0,367145450.0,37.830969,-122.461937,7.796493,0.008614,-0.999963,60.0,16.0,9.0,0.073251,329.0888888888889,6.045555555555556,10.0
1627314945.0,366975760.0,37.824855,-122.444968,10.448325,0.951469,0.307745,60.0,25.0,9.0,0.068602,1627314945.0,367008020.0,37.805206,-122.504088,5.922442,0.816296,0.577634,31.0,30.0,9.0,0.062525,1627314945.0,367145450.0,37.830933,-122.461936,7.905228,0.016175,-0.999869,60.0,16.0,9.0,0.071582,329.0833333333333,6.045833333333333,10.0
1627314946.0,366975760.0,37.82487,-122.44491,10.445811,0.951389,0.307993,60.0,25.0,9.0,0.066681,1627314946.0,367008020.0,37.805222,-122.504059,5.922864,0.816136,0.57786,31.0,30.0,9.0,0.060793,1627314946.0,367145450.0,37.830896,-122.461936,8.011673,0.02325,-0.99973,60.0,16.0,9.0,0.069889,329.0777777777778,6.046111111111111,10.0
1627314947.0,366975760.0,37.824885,-122.444852,10.443118,0.951306,0.308248,60.0,25.0,9.0,0.06476,1627314947.0,367008020.0,37.805238,-122.504031,5.923341,0.815979,0.578081,31.0,30.0,9.0,0.05906,1627314947.0,367145450.0,37.830859,-122.461935,8.115766,0.029864,-0.999554,60.0,16.0,9.0,0.068172,329.0722222222222,6.046388888888889,10.0
1627314948.0,366975760.0,37.8249,-122.444794,10.440246,0.951222,0.308509,60.0,25.0,9.0,0.062839,1627314948.0,367008020.0,37.805253,-122.504003,5.923874,0.815826,0.578297,31.0,30.0,9.0,0.057327,1627314948.0,367145450.0,37.830821,-122.461933,8.217448,0.036039,-0.99935,60.0,16.0,9.0,0.066432,329.06666666666666,6.046666666666667,10.0
1627314949.0,366975760.0,37.824915,-122.444735,10.437194,0.951135,0.308777,60.0,25.0,9.0,0.060919,1627314949.0,367008020.0,37.805269,-122.503974,5.924462,0.815678,0.578507,31.0,30.0,9.0,0.055594,1627314949.0,367145450.0,37.830783,-122.461931,8.316665,0.041798,-0.999126,60.0,16.0,9.0,0.064669,329.0611111111112,6.046944444444445,10.0
1627314950.0,366975760.0,37.82493,-122.444677,10.433964,0.951045,0.309051,60.0,25.0,9.0,0.059,1627314950.0,367008020.0,37.805285,-122.503946,5.925105,0.815533,0.578711,31.0,30.0,9.0,0.053861,1627314950.0,367145450.0,37.830745,-122.461929,8.41337,0.047162,-0.998887,60.0,16.0,9.0,0.062884,329.05555555555554,6.047222222222223,10.0
1627314951.0,366975760.0,37.824945,-122.444619,10.430553,0.950954,0.309333,60.0,25.0,9.0,0.057081,1627314951.0,367008020.0,37.805301,-122.503918,5.925804,0.815392,0.57891,31.0,30.0,9.0,0.052128,1627314951.0,367145450.0,37.830706,-122.461927,8.50752,0.052147,-0.998639,60.0,16.0,9.0,0.061077,329.05,6.0475,10.0
1627314952.0,366975760.0,37.824959,-122.444561,10.426964,0.95086,0.309621,60.0,25.0,9.0,0.055164,1627314952.0,367008020.0,37.805317,-122.50389,5.926558,0.815255,0.579103,31.0,30.0,9.0,0.050395,1627314952.0,367145450.0,37.830667,-122.461924,8.599075,0.056772,-0.998387,60.0,16.0,9.0,0.05925,329.0444444444444,6.047777777777778,10.0
1627314953.0,366975760.0,37.824974,-122.444503,10.423196,0.950764,0.309915,60.0,25.0,9.0,0.053246,1627314953.0,367008020.0,37.805333,-122.503861,5.927367,0.815121,0.57929,31.0,30.0,9.0,0.048662,1627314953.0,367145450.0,37.830627,-122.461922,8.687998,0.061052,-0.998135,60.0,16.0,9.0,0.057402,329.0388888888889,6.048055555555556,10.0
1627314954.0,366975760.0,37.824989,-122.444445,10.419249,0.950666,0.310217,60.0,25.0,9.0,0.05133,1627314954.0,367008020.0,37.805349,-122.503833,5.928231,0.814992,0.579472,31.0,30.0,9.0,0.046928,1627314954.0,367145450.0,37.830587,-122.461919,8.774258,0.065003,-0.997885,60.0,16.0,9.0,0.055535,329.03333333333336,6.048333333333333,10.0
1627314955.0,366975760.0,37.825004,-122.444387,10.415122,0.950565,0.310525,60.0,25.0,9.0,0.049414,1627314955.0,367008020.0,37.805365,-122.503805,5.92915,0.814867,0.579648,31.0,30.0,9.0,0.045195,1627314955.0,367145450.0,37.830546,-122.461915,8.857824,0.068636,-0.997642,60.0,16.0,9.0,0.053649,329.02777777777777,6.048611111111111,10.0
1627314956.0,366975760.0,37.825019,-122.444329,10.410817,0.950462,0.31084,60.0,25.0,9.0,0.0475,1627314956.0,367008020.0,37.80538,-122.503776,5.930125,0.814745,0.579819,31.0,30.0,9.0,0.043461,1627314956.0,367145450.0,37.830506,-122.461912,8.93867,0.071965,-0.997407,60.0,16.0,9.0,0.051744,329.02222222222224,6.0488888888888885,10.0
1627314957.0,366975760.0,37.825034,-122.444271,10.406334,0.950357,0.311163,60.0,25.0,9.0,0.045586,1627314957.0,367008020.0,37.805396,-122.503748,5.931154,0.814628,0.579984,31.0,30.0,9.0,0.041727,1627314957.0,367145450.0,37.830464,-122.461908,9.016773,0.075001,-0.997183,60.0,16.0,9.0,0.049822,329.01666666666665,6.049166666666666,10.0
1627314958.0,366975760.0,37.825049,-122.444213,10.401671,0.950249,0.311491,60.0,25.0,9.0,0.043673,1627314958.0,367008020.0,37.805412,-122.50372,5.932239,0.814514,0.580143,31.0,30.0,9.0,0.039993,1627314958.0,367145450.0,37.830423,-122.461904,9.092111,0.077755,-0.996972,60.0,16.0,9.0,0.047882,329.0111111111111,6.049444444444444,10.0
1627314959.0,366975760.0,37.825064,-122.444155,10.39683,0.950139,0.311827,60.0,25.0,9.0,0.041761,1627314959.0,367008020.0,37.805428,-122.503692,5.933379,0.814405,0.580297,31.0,30.0,9.0,0.038258,1627314959.0,367145450.0,37.830381,-122.4619,9.164664,0.080236,-0.996776,60.0,16.0,9.0,0.045926,329.0055555555556,6.049722222222222,10.0
1627314960.0,366975760.0,37.825079,-122.444097,10.39181,0.950026,0.31217,60.0,25.0,9.0,0.039849,1627314960.0,367008020.0,37.805444,-122.503663,5.934574,0.814299,0.580446,31.0,30.0,9.0,0.036524,1627314960.0,367145450.0,37.830339,-122.461895,9.234416,0.082453,-0.996595,60.0,16.0,9.0,0.043954,329.0,6.05,10.0
1627314961.0,366975760.0,37.825094,-122.444039,10.386612,0.949911,0.312519,60.0,25.0,9.0,0.037939,1627314961.0,367008020.0,37.80546,-122.503635,5.935824,0.814197,0.580588,31.0,30.0,9.0,0.034789,1627314961.0,367145450.0,37.830296,-122.461891,9.301352,0.084414,-0.996431,60.0,16.0,9.0,0.041967,328.99444444444447,6.050277777777778,10.0
1627314962.0,366975760.0,37.825109,-122.443982,10.381235,0.949794,0.312876,60.0,25.0,9.0,0.03603,1627314962.0,367008020.0,37.805476,-122.503607,5.937128,0.8141,0.580725,31.0,30.0,9.0,0.033053,1627314962.0,367145450.0,37.830253,-122.461886,9.365459,0.086126,-0.996284,60.0,16.0,9.0,0.039965,328.9888888888889,6.050555555555556,10.0
1627314963.0,366975760.0,37.825124,-122.443924,10.375681,0.949674,0.31324,60.0,25.0,9.0,0.034122,1627314963.0,367008020.0,37.805492,-122.503578,5.938488,0.814006,0.580857,31.0,30.0,9.0,0.031317,1627314963.0,367145450.0,37.83021,-122.461882,9.426725,0.087597,-0.996156,60.0,16.0,9.0,0.037949,328.9833333333333,6.050833333333333,10.0
1627314964.0,366975760.0,37.825139,-122.443866,10.369947,0.949552,0.31361,60.0,25.0,9.0,0.032215,1627314964.0,367008020.0,37.805508,-122.50355,5.939903,0.813916,0.580983,31.0,30.0,9.0,0.029581,1627314964.0,367145450.0,37.830166,-122.461877,9.485141,0.088831,-0.996047,60.0,16.0,9.0,0.03592,328.97777777777776,6.051111111111111,10.0
1627314965.0,366975760.0,37.825154,-122.443809,10.364036,0.949427,0.313988,60.0,25.0,9.0,0.030309,1627314965.0,367008020.0,37.805524,-122.503522,5.941373,0.81383,0.581103,31.0,30.0,9.0,0.027845,1627314965.0,367145450.0,37.830123,-122.461872,9.540699,0.089836,-0.995957,60.0,16.0,9.0,0.033878,328.97222222222223,6.051388888888889,10.0
1627314966.0,366975760.0,37.825169,-122.443751,10.357947,0.9493,0.314373,60.0,25.0,9.0,0.028405,1627314966.0,367008020.0,37.80554,-122.503493,5.942897,0.813748,0.581218,31.0,30.0,9.0,0.026108,1627314966.0,367145450.0,37.830079,-122.461867,9.593392,0.090615,-0.995886,60.0,16.0,9.0,0.031824,328.96666666666664,6.051666666666667,10.0
1627314967.0,366975760.0,37.825184,-122.443693,10.35168,0.94917,0.314764,60.0,25.0,9.0,0.026501,1627314967.0,367008020.0,37.805556,-122.503465,5.944477,0.81367,0.581327,31.0,30.0,9.0,0.024371,1627314967.0,367145450.0,37.830035,-122.461862,9.643216,0.091174,-0.995835,60.0,16.0,9.0,0.029758,328.9611111111111,6.051944444444445,10.0
1627314968.0,366975760.0,37.8252,-122.443636,10.345235,0.949037,0.315163,60.0,25.0,9.0,0.024599,1627314968.0,367008020.0,37.805572,-122.503437,5.946111,0.813596,0.581431,31.0,30.0,9.0,0.022634,1627314968.0,367145450.0,37.82999,-122.461857,9.690168,0.091515,-0.995804,60.0,16.0,9.0,0.027682,328.9555555555556,6.052222222222222,10.0
1627314969.0,366975760.0,37.825215,-122.443578,10.338612,0.948902,0.31557,60.0,25.0,9.0,0.022698,1627314969.0,367008020.0,37.805588,-122.503408,5.947801,0.813526,0.581529,31.0,30.0,9.0,0.020896,1627314969.0,367145450.0,37.829946,-122.461851,9.734244,0.091644,-0.995792,60.0,16.0,9.0,0.025595,328.95,6.0525,10.0
1627314970.0,366975760.0,37.82523,-122.443521,10.331812,0.948765,0.315983,60.0,25.0,9.0,0.020799,1627314970.0,367008020.0,37.805604,-122.50338,5.949545,0.81346,0.581621,31.0,30.0,9.0,0.019157,1627314970.0,367145450.0,37.829901,-122.461846,9.775444,0.091561,-0.995799,60.0,16.0,9.0,0.0235,328.94444444444446,6.052777777777778,10.0
1627314971.0,366975760.0,37.825245,-122.443463,10.324834,0.948625,0.316403,60.0,25.0,9.0,0.018901,1627314971.0,367008020.0,37.80562,-122.503352,5.951344,0.813397,0.581708,31.0,30.0,9.0,0.017418,1627314971.0,367145450.0,37.829856,-122.461841,9.813769,0.091271,-0.995826,60.0,16.0,9.0,0.021395,328.93888888888887,6.053055555555556,10.0
1627314972.0,366975760.0,37.82526,-122.443406,10.317678,0.948482,0.316831,60.0,25.0,9.0,0.017004,1627314972.0,367008020.0,37.805636,-122.503323,5.953198,0.813339,0.58179,31.0,30.0,9.0,0.015679,1627314972.0,367145450.0,37.82981,-122.461836,9.849221,0.090775,-0.995871,60.0,16.0,9.0,0.019282,328.93333333333334,6.053333333333334,10.0
1627314973.0,366975760.0,37.825275,-122.443349,10.310345,0.948336,0.317266,60.0,25.0,9.0,0.015108,1627314973.0,367008020.0,37.805652,-122.503295,5.955106,0.813285,0.581866,31.0,30.0,9.0,0.013939,1627314973.0,367145450.0,37.829765,-122.46183,9.881802,0.090076,-0.995935,60.0,16.0,9.0,0.017161,328.9277777777778,6.053611111111112,10.0
1627314974.0,366975760.0,37.82529,-122.443291,10.302835,0.948188,0.317709,60.0,25.0,9.0,0.013214,1627314974.0,367008020.0,37.805668,-122.503267,5.95707,0.813235,0.581936,31.0,30.0,9.0,0.012198,1627314974.0,367145450.0,37.82972,-122.461825,9.911516,0.089173,-0.996016,60.0,16.0,9.0,0.015034,328.9222222222222,6.053888888888889,10.0
1627314975.0,366975760.0,37.825305,-122.443234,10.295148,0.948037,0.318159,60.0,25.0,9.0,0.011322,1627314975.0,367008020.0,37.805684,-122.503238,5.959088,0.813188,0.582001,31.0,30.0,9.0,0.010457,1627314975.0,367145450.0,37.829674,-122.46182,9.93837,0.088069,-0.996114,60.0,16.0,9.0,0.0129,328.9166666666667,6.054166666666666,10.0
1627314976.0,366975760.0,37.82532,-122.443177,10.287284,0.947884,0.318616,60.0,25.0,9.0,0.009431,1627314976.0,367008020.0,37.8057,-122.50321,5.961139,0.813146,0.58206,31.0,30.0,9.0,0.008716,1627314976.0,367145450.0,37.829628,-122.461815,9.96237,0.086764,-0.996229,60.0,16.0,9.0,0.010761,328.9111111111111,6.054444444444444,10.0
1627314977.0,366975760.0,37.825336,-122.44312,10.279243,0.947728,0.319081,60.0,25.0,9.0,0.007542,1627314977.0,367008020.0,37.805716,-122.503182,5.963132,0.813105,0.582118,31.0,30.0,9.0,0.006974,1627314977.0,367145450.0,37.829582,-122.46181,9.983524,0.085259,-0.996359,60.0,16.0,9.0,0.008616,328.9055555555556,6.054722222222222,10.0
1627314978.0,366975760.0,37.825351,-122.443063,10.271025,0.947569,0.319553,60.0,25.0,9.0,0.005654,1627314978.0,367008020.0,37.805732,-122.503153,5.965046,0.813065,0.582173,31.0,30.0,9.0,0.005231,1627314978.0,367145450.0,37.829536,-122.461805,10.001842,0.083552,-0.996503,60.0,16.0,9.0,0.006467,328.9,6.055,10.0
1627314979.0,366975760.0,37.825366,-122.443006,10.26263,0.947407,0.320032,60.0,25.0,9.0,0.003767,1627314979.0,367008020.0,37.805748,-122.503125,5.96688,0.813027,0.582226,31.0,30.0,9.0,0.003488,1627314979.0,367145450.0,37.82949,-122.4618,10.017739,0.081684,-0.996658,60.0,16.0,9.0,0.004315,328.89444444444445,6.0552777777777775,10.0
1627314980.0,366975760.0,37.825381,-122.442949,10.254059,0.947242,0.32052,60.0,25.0,9.0,0.001883,1627314980.0,367008020.0,37.805764,-122.503096,5.968635,0.81299,0.582278,31.0,30.0,9.0,0.001744,1627314980.0,367145450.0,37.829444,-122.461795,10.032846,0.079811,-0.99681,60.0,16.0,9.0,0.002159,328.8888888888889,6.055555555555555,10.0
1627314981.0,366975760.0,37.825396,-122.442892,10.254059,0.947242,0.32052,60.0,25.0,9.0,0.0,1627314981.0,367008020.0,37.80578,-122.503068,5.968635,0.81299,0.582278,31.0,30.0,9.0,0.0,1627314981.0,367145450.0,37.829398,-122.461791,10.032846,0.079811,-0.99681,60.0,16.0,9.0,0.0,328.8833333333333,6.055833333333333,10.0
