Timestamp,MMSI,Latitude,Longitude,Speed,Course-sin,Course-cos,Length,Width,Vesseltype,Distance,Timestamp,MMSI,Latitude,Longitude,Speed,Course-sin,Course-cos,Length,Width,Vesseltype,Distance,Timestamp,MMSI,Latitude,Longitude,Speed,Course-sin,Course-cos,Length,Width,Vesseltype,Distance,WindDirection,WindSpeed,Visibility
1638784045.0,311000111.0,37.805562,-122.50408,11.463095,0.830241,0.557405,80.0,275.0,48.0,1.0,1638784045.0,367654260.0,37.848316,-122.455552,18.939446,-0.467138,-0.884185,60.0,16.0,4.0,1.0,1638784045.0,368196320.0,37.805265,-122.50463,10.929882,0.841056,0.540948,52.0,0.0,0.0,1.0,0.0,0.0,7.0
1638784046.0,311000111.0,37.805592,-122.504024,11.456576,0.830169,0.557511,80.0,275.0,48.0,0.997662,1638784046.0,367654260.0,37.848238,-122.455604,18.966278,-0.463513,-0.88609,60.0,16.0,4.0,0.997132,1638784046.0,368196320.0,37.805293,-122.504576,10.912606,0.840994,0.541045,52.0,0.0,0.0,0.997677,0.0,0.0,7.0
1638784047.0,311000111.0,37.805621,-122.503968,11.449686,0.830092,0.557626,80.0,275.0,48.0,0.995325,1638784047.0,367654260.0,37.848161,-122.455656,18.99302,-0.459934,-0.887953,60.0,16.0,4.0,0.994262,1638784047.0,368196320.0,37.80532,-122.504522,10.895817,0.840894,0.5412,52.0,0.0,0.0,0.995357,0.0,0.0,7.0
1638784048.0,311000111.0,37.805651,-122.503913,11.442423,0.83001,0.557749,80.0,275.0,48.0,0.99299,1638784048.0,367654260.0,37.848082,-122.455707,19.01966,-0.456402,-0.889774,60.0,16.0,4.0,0.991391,1638784048.0,368196320.0,37.805347,-122.504468,10.879513,0.840756,0.541415,52.0,0.0,0.0,0.993041,0.0,0.0,7.0
1638784049.0,311000111.0,37.80568,-122.503857,11.434788,0.829922,0.55788,80.0,275.0,48.0,0.990657,1638784049.0,367654260.0,37.848004,-122.455758,19.046184,-0.452917,-0.891553,60.0,16.0,4.0,0.988518,1638784049.0,368196320.0,37.805375,-122.504415,10.863697,0.840579,0.541688,52.0,0.0,0.0,0.990728,0.0,0.0,7.0
1638784050.0,311000111.0,37.80571,-122.503801,11.426781,0.829828,0.558019,80.0,275.0,48.0,0.988325,1638784050.0,367654260.0,37.847926,-122.455808,19.072581,-0.449478,-0.893292,60.0,16.0,4.0,0.985643,1638784050.0,368196320.0,37.805402,-122.504361,10.848368,0.840365,0.542021,52.0,0.0,0.0,0.988419,0.0,0.0,7.0
1638784051.0,311000111.0,37.805739,-122.503746,11.418402,0.829728,0.558167,80.0,275.0,48.0,0.985994,1638784051.0,367654260.0,37.847847,-122.455859,19.098839,-0.446085,-0.89499,60.0,16.0,4.0,0.982766,1638784051.0,368196320.0,37.805429,-122.504308,10.833528,0.840112,0.542413,52.0,0.0,0.0,0.986114,0.0,0.0,7.0
1638784052.0,311000111.0,37.805769,-122.50369,11.409651,0.829623,0.558324,80.0,275.0,48.0,0.983666,1638784052.0,367654260.0,37.847768,-122.455908,19.124946,-0.442739,-0.89665,60.0,16.0,4.0,0.979888,1638784052.0,368196320.0,37.805456,-122.504255,10.819178,0.83982,0.542865,52.0,0.0,0.0,0.983811,0.0,0.0,7.0
1638784053.0,311000111.0,37.805798,-122.503635,11.400528,0.829512,0.558488,80.0,275.0,48.0,0.981339,1638784053.0,367654260.0,37.847688,-122.455958,19.15089,-0.43944,-0.898272,60.0,16.0,4.0,0.977008,1638784053.0,368196320.0,37.805483,-122.504202,10.805318,0.839489,0.543376,52.0,0.0,0.0,0.981512,0.0,0.0,7.0
1638784054.0,311000111.0,37.805828,-122.50358,11.391033,0.829396,0.558662,80.0,275.0,48.0,0.979015,1638784054.0,367654260.0,37.847609,-122.456007,19.17666,-0.436187,-0.899856,60.0,16.0,4.0,0.974126,1638784054.0,368196320.0,37.805511,-122.504148,10.791951,0.839119,0.543947,52.0,0.0,0.0,0.979216,0.0,0.0,7.0
1638784055.0,311000111.0,37.805857,-122.503524,11.381166,0.829273,0.558843,80.0,275.0,48.0,0.976692,1638784055.0,367654260.0,37.847529,-122.456056,19.202246,-0.432981,-0.901403,60.0,16.0,4.0,0.971243,1638784055.0,368196320.0,37.805538,-122.504095,10.779078,0.83871,0.544578,52.0,0.0,0.0,0.976924,0.0,0.0,7.0
1638784056.0,311000111.0,37.805887,-122.503469,11.370927,0.829145,0.559034,80.0,275.0,48.0,0.974372,1638784056.0,367654260.0,37.847449,-122.456105,19.227636,-0.429821,-0.902914,60.0,16.0,4.0,0.968358,1638784056.0,368196320.0,37.805565,-122.504042,10.7667,0.838261,0.545269,52.0,0.0,0.0,0.974634,0.0,0.0,7.0
1638784057.0,311000111.0,37.805916,-122.503414,11.360317,0.829011,0.559232,80.0,275.0,48.0,0.972053,1638784057.0,367654260.0,37.847369,-122.456154,19.252819,-0.426707,-0.90439,60.0,16.0,4.0,0.965472,1638784057.0,368196320.0,37.805592,-122.50399,10.75482,0.837772,0.54602,52.0,0.0,0.0,0.972347,0.0,0.0,7.0
1638784058.0,311000111.0,37.805946,-122.503359,11.349336,0.828871,0.55944,80.0,275.0,48.0,0.969737,1638784058.0,367654260.0,37.847288,-122.456202,19.277786,-0.42364,-0.905831,60.0,16.0,4.0,0.962585,1638784058.0,368196320.0,37.805619,-122.503937,10.74344,0.837244,0.54683,52.0,0.0,0.0,0.970064,0.0,0.0,7.0
1638784059.0,311000111.0,37.805975,-122.503304,11.337982,0.828725,0.559656,80.0,275.0,48.0,0.967424,1638784059.0,367654260.0,37.847207,-122.45625,19.302526,-0.420619,-0.907237,60.0,16.0,4.0,0.959696,1638784059.0,368196320.0,37.805646,-122.503884,10.732561,0.836675,0.5477,52.0,0.0,0.0,0.967783,0.0,0.0,7.0
1638784060.0,311000111.0,37.806004,-122.503249,11.326258,0.828573,0.559881,80.0,275.0,48.0,0.965112,1638784060.0,367654260.0,37.847126,-122.456297,19.327029,-0.417644,-0.908611,60.0,16.0,4.0,0.956805,1638784060.0,368196320.0,37.805674,-122.503832,10.722186,0.836065,0.54863,52.0,0.0,0.0,0.965505,0.0,0.0,7.0
1638784061.0,311000111.0,37.806034,-122.503194,11.314162,0.828415,0.560114,80.0,275.0,48.0,0.962804,1638784061.0,367654260.0,37.847045,-122.456344,19.351285,-0.414716,-0.909951,60.0,16.0,4.0,0.953913,1638784061.0,368196320.0,37.805701,-122.503779,10.712318,0.835415,0.54962,52.0,0.0,0.0,0.963229,0.0,0.0,7.0
1638784062.0,311000111.0,37.806063,-122.503139,11.301695,0.828251,0.560357,80.0,275.0,48.0,0.960497,1638784062.0,367654260.0,37.846963,-122.456391,19.375284,-0.411834,-0.911259,60.0,16.0,4.0,0.95102,1638784062.0,368196320.0,37.805728,-122.503727,10.702959,0.834724,0.550669,52.0,0.0,0.0,0.960956,0.0,0.0,7.0
1638784063.0,311000111.0,37.806092,-122.503084,11.288857,0.828081,0.560608,80.0,275.0,48.0,0.958194,1638784063.0,367654260.0,37.846882,-122.456438,19.399018,-0.408997,-0.912536,60.0,16.0,4.0,0.948126,1638784063.0,368196320.0,37.805755,-122.503674,10.694113,0.833991,0.551778,52.0,0.0,0.0,0.958686,0.0,0.0,7.0
1638784064.0,311000111.0,37.806122,-122.503029,11.275648,0.827905,0.560868,80.0,275.0,48.0,0.955893,1638784064.0,367654260.0,37.8468,-122.456485,19.422476,-0.406207,-0.913781,60.0,16.0,4.0,0.94523,1638784064.0,368196320.0,37.805783,-122.503622,10.685781,0.833217,0.552946,52.0,0.0,0.0,0.956418,0.0,0.0,7.0
1638784065.0,311000111.0,37.806151,-122.502975,11.262068,0.827723,0.561137,80.0,275.0,48.0,0.953595,1638784065.0,367654260.0,37.846718,-122.456531,19.445651,-0.403462,-0.914996,60.0,16.0,4.0,0.942334,1638784065.0,368196320.0,37.80581,-122.50357,10.677816,0.832411,0.554158,52.0,0.0,0.0,0.954152,0.0,0.0,7.0
1638784066.0,311000111.0,37.80618,-122.50292,11.248228,0.827536,0.561413,80.0,275.0,48.0,0.9513,1638784066.0,367654260.0,37.846635,-122.456577,19.468532,-0.400763,-0.916182,60.0,16.0,4.0,0.939436,1638784066.0,368196320.0,37.805837,-122.503518,10.669608,0.831612,0.555357,52.0,0.0,0.0,0.951889,0.0,0.0,7.0
1638784067.0,311000111.0,37.806209,-122.502865,11.234568,0.82735,0.561687,80.0,275.0,48.0,0.949008,1638784067.0,367654260.0,37.846553,-122.456623,19.491112,-0.398109,-0.917338,60.0,16.0,4.0,0.936537,1638784067.0,368196320.0,37.805865,-122.503466,10.661002,0.830829,0.556528,52.0,0.0,0.0,0.949628,0.0,0.0,7.0
1638784068.0,311000111.0,37.806238,-122.502811,11.2212,0.827167,0.561957,80.0,275.0,48.0,0.946719,1638784068.0,367654260.0,37.84647,-122.456668,19.513382,-0.395501,-0.918465,60.0,16.0,4.0,0.933637,1638784068.0,368196320.0,37.805892,-122.503414,10.651997,0.830062,0.55767,52.0,0.0,0.0,0.947369,0.0,0.0,7.0
1638784069.0,311000111.0,37.806268,-122.502757,11.208122,0.826986,0.562223,80.0,275.0,48.0,0.944433,1638784069.0,367654260.0,37.846387,-122.456713,19.535334,-0.392939,-0.919565,60.0,16.0,4.0,0.930735,1638784069.0,368196320.0,37.80592,-122.503362,10.642592,0.829312,0.558785,52.0,0.0,0.0,0.945113,0.0,0.0,7.0
1638784070.0,311000111.0,37.806297,-122.502702,11.195336,0.826808,0.562485,80.0,275.0,48.0,0.94215,1638784070.0,367654260.0,37.846304,-122.456758,19.556959,-0.390422,-0.920636,60.0,16.0,4.0,0.927833,1638784070.0,368196320.0,37.805947,-122.503311,10.632786,0.828579,0.559873,52.0,0.0,0.0,0.94286,0.0,0.0,7.0
1638784071.0,311000111.0,37.806326,-122.502648,11.18284,0.826632,0.562743,80.0,275.0,48.0,0.939869,1638784071.0,367654260.0,37.846221,-122.456803,19.57825,-0.387949,-0.921681,60.0,16.0,4.0,0.92493,1638784071.0,368196320.0,37.805975,-122.503259,10.622576,0.827861,0.560933,52.0,0.0,0.0,0.940609,0.0,0.0,7.0
1638784072.0,311000111.0,37.806355,-122.502594,11.170635,0.826459,0.562997,80.0,275.0,48.0,0.937591,1638784072.0,367654260.0,37.846137,-122.456847,19.599199,-0.385522,-0.922699,60.0,16.0,4.0,0.922026,1638784072.0,368196320.0,37.806002,-122.503208,10.611962,0.827161,0.561965,52.0,0.0,0.0,0.938361,0.0,0.0,7.0
1638784073.0,311000111.0,37.806384,-122.50254,11.158721,0.826289,0.563246,80.0,275.0,48.0,0.935316,1638784073.0,367654260.0,37.846054,-122.456892,19.619799,-0.38314,-0.92369,60.0,16.0,4.0,0.919121,1638784073.0,368196320.0,37.80603,-122.503156,10.600942,0.826477,0.562971,52.0,0.0,0.0,0.936116,0.0,0.0,7.0
1638784074.0,311000111.0,37.806413,-122.502486,11.147098,0.826122,0.563492,80.0,275.0,48.0,0.933043,1638784074.0,367654260.0,37.84597,-122.456936,19.640041,-0.380802,-0.924656,60.0,16.0,4.0,0.916215,1638784074.0,368196320.0,37.806058,-122.503105,10.589516,0.82581,0.563949,52.0,0.0,0.0,0.933874,0.0,0.0,7.0
1638784075.0,311000111.0,37.806442,-122.502432,11.135765,0.825957,0.563733,80.0,275.0,48.0,0.930773,1638784075.0,367654260.0,37.845886,-122.45698,19.65992,-0.378509,-0.925597,60.0,16.0,4.0,0.913309,1638784075.0,368196320.0,37.806085,-122.503054,10.57768,0.82516,0.564899,52.0,0.0,0.0,0.931635,0.0,0.0,7.0
1638784076.0,311000111.0,37.806471,-122.502378,11.124723,0.825795,0.56397,80.0,275.0,48.0,0.928505,1638784076.0,367654260.0,37.845802,-122.457023,19.679427,-0.376261,-0.926514,60.0,16.0,4.0,0.910401,1638784076.0,368196320.0,37.806113,-122.503003,10.565436,0.824526,0.565823,52.0,0.0,0.0,0.929398,0.0,0.0,7.0
1638784077.0,311000111.0,37.8065,-122.502324,11.113972,0.825636,0.564203,80.0,275.0,48.0,0.92624,1638784077.0,367654260.0,37.845717,-122.457067,19.698557,-0.374057,-0.927406,60.0,16.0,4.0,0.907493,1638784077.0,368196320.0,37.80614,-122.502952,10.552781,0.82391,0.56672,52.0,0.0,0.0,0.927165,0.0,0.0,7.0
1638784078.0,311000111.0,37.806529,-122.502271,11.10351,0.82548,0.564432,80.0,275.0,48.0,0.923977,1638784078.0,367654260.0,37.845633,-122.45711,19.717301,-0.371897,-0.928274,60.0,16.0,4.0,0.904584,1638784078.0,368196320.0,37.806168,-122.502901,10.539714,0.823311,0.56759,52.0,0.0,0.0,0.924935,0.0,0.0,7.0
1638784079.0,311000111.0,37.806558,-122.502217,11.09334,0.825326,0.564656,80.0,275.0,48.0,0.921716,1638784079.0,367654260.0,37.845548,-122.457153,19.735654,-0.369782,-0.929119,60.0,16.0,4.0,0.901675,1638784079.0,368196320.0,37.806196,-122.50285,10.526234,0.822729,0.568434,52.0,0.0,0.0,0.922708,0.0,0.0,7.0
1638784080.0,311000111.0,37.806587,-122.502163,11.08346,0.825176,0.564876,80.0,275.0,48.0,0.919457,1638784080.0,367654260.0,37.845463,-122.457195,19.75361,-0.36771,-0.929941,60.0,16.0,4.0,0.898765,1638784080.0,368196320.0,37.806224,-122.502799,10.51234,0.822164,0.56925,52.0,0.0,0.0,0.920485,0.0,0.0,7.0
1638784081.0,311000111.0,37.806616,-122.50211,11.07387,0.825028,0.565091,80.0,275.0,48.0,0.917201,1638784081.0,367654260.0,37.845378,-122.457238,19.771162,-0.365682,-0.93074,60.0,16.0,4.0,0.895854,1638784081.0,368196320.0,37.806251,-122.502749,10.498032,0.821617,0.57004,52.0,0.0,0.0,0.918265,0.0,0.0,7.0
1638784082.0,311000111.0,37.806645,-122.502056,11.06457,0.824884,0.565302,80.0,275.0,48.0,0.914946,1638784082.0,367654260.0,37.845293,-122.45728,19.788303,-0.363698,-0.931517,60.0,16.0,4.0,0.892943,1638784082.0,368196320.0,37.806279,-122.502698,10.483307,0.821087,0.570803,52.0,0.0,0.0,0.916048,0.0,0.0,7.0
1638784083.0,311000111.0,37.806674,-122.502003,11.055561,0.824742,0.565509,80.0,275.0,48.0,0.912694,1638784083.0,367654260.0,37.845208,-122.457322,19.805029,-0.361758,-0.932272,60.0,16.0,4.0,0.890032,1638784083.0,368196320.0,37.806307,-122.502648,10.468165,0.820574,0.57154,52.0,0.0,0.0,0.913835,0.0,0.0,7.0
1638784084.0,311000111.0,37.806703,-122.50195,11.046842,0.824603,0.565711,80.0,275.0,48.0,0.910443,1638784084.0,367654260.0,37.845122,-122.457364,19.821333,-0.359861,-0.933006,60.0,16.0,4.0,0.88712,1638784084.0,368196320.0,37.806334,-122.502597,10.452605,0.82008,0.57225,52.0,0.0,0.0,0.911626,0.0,0.0,7.0
1638784085.0,311000111.0,37.806732,-122.501896,11.038413,0.824468,0.565909,80.0,275.0,48.0,0.908195,1638784085.0,367654260.0,37.845037,-122.457406,19.83721,-0.358007,-0.933719,60.0,16.0,4.0,0.884207,1638784085.0,368196320.0,37.806362,-122.502547,10.436627,0.819602,0.572933,52.0,0.0,0.0,0.90942,0.0,0.0,7.0
1638784086.0,311000111.0,37.806761,-122.501843,11.030274,0.824335,0.566102,80.0,275.0,48.0,0.905948,1638784086.0,367654260.0,37.844951,-122.457448,19.852654,-0.356196,-0.934411,60.0,16.0,4.0,0.881295,1638784086.0,368196320.0,37.80639,-122.502497,10.420228,0.819143,0.57359,52.0,0.0,0.0,0.907218,0.0,0.0,7.0
1638784087.0,311000111.0,37.80679,-122.50179,11.022426,0.824205,0.566291,80.0,275.0,48.0,0.903703,1638784087.0,367654260.0,37.844865,-122.457489,19.867659,-0.354429,-0.935083,60.0,16.0,4.0,0.878382,1638784087.0,368196320.0,37.806417,-122.502447,10.40341,0.818701,0.57422,52.0,0.0,0.0,0.90502,0.0,0.0,7.0
1638784088.0,311000111.0,37.806819,-122.501736,11.014867,0.824079,0.566475,80.0,275.0,48.0,0.90146,1638784088.0,367654260.0,37.844779,-122.457531,19.882222,-0.352705,-0.935735,60.0,16.0,4.0,0.875468,1638784088.0,368196320.0,37.806445,-122.502397,10.38617,0.818278,0.574823,52.0,0.0,0.0,0.902826,0.0,0.0,7.0
1638784089.0,311000111.0,37.806848,-122.501683,11.007598,0.823955,0.566655,80.0,275.0,48.0,0.899218,1638784089.0,367654260.0,37.844693,-122.457572,19.896336,-0.351023,-0.936367,60.0,16.0,4.0,0.872555,1638784089.0,368196320.0,37.806472,-122.502347,10.368507,0.817872,0.5754,52.0,0.0,0.0,0.900635,0.0,0.0,7.0
1638784090.0,311000111.0,37.806876,-122.50163,11.00062,0.823835,0.56683,80.0,275.0,48.0,0.896978,1638784090.0,367654260.0,37.844607,-122.457613,19.909997,-0.349385,-0.936979,60.0,16.0,4.0,0.869641,1638784090.0,368196320.0,37.8065,-122.502298,10.350422,0.817485,0.57595,52.0,0.0,0.0,0.898449,0.0,0.0,7.0
1638784091.0,311000111.0,37.806905,-122.501577,10.993931,0.823717,0.567001,80.0,275.0,48.0,0.894739,1638784091.0,367654260.0,37.844521,-122.457653,19.9232,-0.347788,-0.937573,60.0,16.0,4.0,0.866727,1638784091.0,368196320.0,37.806528,-122.502248,10.331914,0.817116,0.576474,52.0,0.0,0.0,0.896267,0.0,0.0,7.0
1638784092.0,311000111.0,37.806934,-122.501524,10.987532,0.823603,0.567166,80.0,275.0,48.0,0.892502,1638784092.0,367654260.0,37.844434,-122.457694,19.935941,-0.346235,-0.938148,60.0,16.0,4.0,0.863813,1638784092.0,368196320.0,37.806555,-122.502199,10.312981,0.816765,0.576971,52.0,0.0,0.0,0.89409,0.0,0.0,7.0
1638784093.0,311000111.0,37.806963,-122.501471,10.981423,0.823492,0.567328,80.0,275.0,48.0,0.890266,1638784093.0,367654260.0,37.844348,-122.457734,19.948214,-0.344724,-0.938704,60.0,16.0,4.0,0.860899,1638784093.0,368196320.0,37.806583,-122.502149,10.293624,0.816433,0.577441,52.0,0.0,0.0,0.891916,0.0,0.0,7.0
1638784094.0,311000111.0,37.806992,-122.501418,10.975604,0.823384,0.567484,80.0,275.0,48.0,0.888032,1638784094.0,367654260.0,37.844261,-122.457775,19.960016,-0.343255,-0.939242,60.0,16.0,4.0,0.857985,1638784094.0,368196320.0,37.80661,-122.5021,10.273841,0.816119,0.577884,52.0,0.0,0.0,0.889747,0.0,0.0,7.0
1638784095.0,311000111.0,37.807021,-122.501365,10.970074,0.82328,0.567636,80.0,275.0,48.0,0.885799,1638784095.0,367654260.0,37.844175,-122.457815,19.971343,-0.341828,-0.939763,60.0,16.0,4.0,0.855072,1638784095.0,368196320.0,37.806638,-122.502051,10.253632,0.815824,0.5783,52.0,0.0,0.0,0.887582,0.0,0.0,7.0
1638784096.0,311000111.0,37.807049,-122.501312,10.964834,0.823178,0.567783,80.0,275.0,48.0,0.883567,1638784096.0,367654260.0,37.844088,-122.457855,19.98219,-0.340443,-0.940265,60.0,16.0,4.0,0.852158,1638784096.0,368196320.0,37.806665,-122.502002,10.232997,0.815548,0.57869,52.0,0.0,0.0,0.885422,0.0,0.0,7.0
1638784097.0,311000111.0,37.807078,-122.50126,10.959884,0.82308,0.567926,80.0,275.0,48.0,0.881336,1638784097.0,367654260.0,37.844001,-122.457895,19.992553,-0.3391,-0.94075,60.0,16.0,4.0,0.849244,1638784097.0,368196320.0,37.806693,-122.501953,10.211934,0.815291,0.579052,52.0,0.0,0.0,0.883266,0.0,0.0,7.0
1638784098.0,311000111.0,37.807107,-122.501207,10.955224,0.822985,0.568064,80.0,275.0,48.0,0.879107,1638784098.0,367654260.0,37.843914,-122.457934,20.002429,-0.337799,-0.941218,60.0,16.0,4.0,0.84633,1638784098.0,368196320.0,37.80672,-122.501905,10.190444,0.815052,0.579387,52.0,0.0,0.0,0.881115,0.0,0.0,7.0
1638784099.0,311000111.0,37.807136,-122.501154,10.950853,0.822893,0.568197,80.0,275.0,48.0,0.876878,1638784099.0,367654260.0,37.843827,-122.457974,20.011813,-0.33654,-0.941669,60.0,16.0,4.0,0.843417,1638784099.0,368196320.0,37.806747,-122.501856,10.168527,0.814833,0.579695,52.0,0.0,0.0,0.878969,0.0,0.0,7.0
1638784100.0,311000111.0,37.807165,-122.501101,10.946772,0.822804,0.568325,80.0,275.0,48.0,0.87465,1638784100.0,367654260.0,37.843739,-122.458013,20.020703,-0.335323,-0.942103,60.0,16.0,4.0,0.840504,1638784100.0,368196320.0,37.806775,-122.501807,10.14618,0.814634,0.579976,52.0,0.0,0.0,0.876828,0.0,0.0,7.0
1638784101.0,311000111.0,37.807193,-122.501048,10.94298,0.822719,0.568448,80.0,275.0,48.0,0.872423,1638784101.0,367654260.0,37.843652,-122.458053,20.029095,-0.334147,-0.942521,60.0,16.0,4.0,0.837591,1638784101.0,368196320.0,37.806802,-122.501759,10.123406,0.814454,0.580229,52.0,0.0,0.0,0.874691,0.0,0.0,7.0
1638784102.0,311000111.0,37.807222,-122.500996,10.939478,0.822637,0.568567,80.0,275.0,48.0,0.870198,1638784102.0,367654260.0,37.843565,-122.458092,20.036985,-0.333013,-0.942922,60.0,16.0,4.0,0.834678,1638784102.0,368196320.0,37.806829,-122.501711,10.100202,0.814293,0.580454,52.0,0.0,0.0,0.872559,0.0,0.0,7.0
1638784103.0,311000111.0,37.807251,-122.500943,10.936266,0.822558,0.568681,80.0,275.0,48.0,0.867972,1638784103.0,367654260.0,37.843477,-122.458131,20.044371,-0.33192,-0.943308,60.0,16.0,4.0,0.831766,1638784103.0,368196320.0,37.806856,-122.501663,10.076569,0.814152,0.580652,52.0,0.0,0.0,0.870433,0.0,0.0,7.0
1638784104.0,311000111.0,37.80728,-122.50089,10.933342,0.822483,0.56879,80.0,275.0,48.0,0.865748,1638784104.0,367654260.0,37.84339,-122.45817,20.051249,-0.330869,-0.943677,60.0,16.0,4.0,0.828854,1638784104.0,368196320.0,37.806883,-122.501614,10.052507,0.814031,0.580821,52.0,0.0,0.0,0.868311,0.0,0.0,7.0
1638784105.0,311000111.0,37.807308,-122.500838,10.930709,0.82241,0.568895,80.0,275.0,48.0,0.863524,1638784105.0,367654260.0,37.843302,-122.458209,20.057617,-0.329858,-0.94403,60.0,16.0,4.0,0.825943,1638784105.0,368196320.0,37.80691,-122.501567,10.028014,0.81393,0.580963,52.0,0.0,0.0,0.866195,0.0,0.0,7.0
1638784106.0,311000111.0,37.807337,-122.500785,10.928365,0.822342,0.568994,80.0,275.0,48.0,0.861301,1638784106.0,367654260.0,37.843215,-122.458248,20.063471,-0.328889,-0.944368,60.0,16.0,4.0,0.823032,1638784106.0,368196320.0,37.806937,-122.501519,10.003092,0.813849,0.581076,52.0,0.0,0.0,0.864084,0.0,0.0,7.0
1638784107.0,311000111.0,37.807366,-122.500732,10.92631,0.822276,0.569089,80.0,275.0,48.0,0.859078,1638784107.0,367654260.0,37.843127,-122.458286,20.068809,-0.327962,-0.944691,60.0,16.0,4.0,0.820121,1638784107.0,368196320.0,37.806964,-122.501471,9.97774,0.813789,0.581161,52.0,0.0,0.0,0.861978,0.0,0.0,7.0
1638784108.0,311000111.0,37.807395,-122.50068,10.924544,0.822214,0.569178,80.0,275.0,48.0,0.856856,1638784108.0,367654260.0,37.843039,-122.458325,20.073628,-0.327075,-0.944998,60.0,16.0,4.0,0.817212,1638784108.0,368196320.0,37.806991,-122.501424,9.951957,0.813749,0.581217,52.0,0.0,0.0,0.859878,0.0,0.0,7.0
1638784109.0,311000111.0,37.807423,-122.500627,10.923068,0.822155,0.569263,80.0,275.0,48.0,0.854634,1638784109.0,367654260.0,37.842952,-122.458363,20.077926,-0.326229,-0.945291,60.0,16.0,4.0,0.814302,1638784109.0,368196320.0,37.807018,-122.501376,9.925745,0.813729,0.581244,52.0,0.0,0.0,0.857783,0.0,0.0,7.0
1638784110.0,311000111.0,37.807452,-122.500575,10.921882,0.8221,0.569343,80.0,275.0,48.0,0.852413,1638784110.0,367654260.0,37.842864,-122.458402,20.081701,-0.325424,-0.945568,60.0,16.0,4.0,0.811394,1638784110.0,368196320.0,37.807044,-122.501329,9.899102,0.81373,0.581243,52.0,0.0,0.0,0.855693,0.0,0.0,7.0
1638784111.0,311000111.0,37.807481,-122.500522,10.920984,0.822048,0.569419,80.0,275.0,48.0,0.850192,1638784111.0,367654260.0,37.842776,-122.45844,20.08495,-0.32466,-0.945831,60.0,16.0,4.0,0.808486,1638784111.0,368196320.0,37.807071,-122.501282,9.872028,0.813753,0.581211,52.0,0.0,0.0,0.853609,0.0,0.0,7.0
1638784112.0,311000111.0,37.80751,-122.500469,10.920376,0.821999,0.569489,80.0,275.0,48.0,0.847971,1638784112.0,367654260.0,37.842688,-122.458478,20.087671,-0.323937,-0.946079,60.0,16.0,4.0,0.805579,1638784112.0,368196320.0,37.807097,-122.501235,9.844525,0.813796,0.581151,52.0,0.0,0.0,0.851531,0.0,0.0,7.0
1638784113.0,311000111.0,37.807539,-122.500417,10.920057,0.821954,0.569554,80.0,275.0,48.0,0.84575,1638784113.0,367654260.0,37.8426,-122.458516,20.089862,-0.323255,-0.946312,60.0,16.0,4.0,0.802672,1638784113.0,368196320.0,37.807124,-122.501188,9.816591,0.813861,0.58106,52.0,0.0,0.0,0.849459,0.0,0.0,7.0
1638784114.0,311000111.0,37.807567,-122.500364,10.920028,0.821912,0.569615,80.0,275.0,48.0,0.84353,1638784114.0,367654260.0,37.842512,-122.458554,20.091521,-0.322614,-0.946531,60.0,16.0,4.0,0.799767,1638784114.0,368196320.0,37.80715,-122.501141,9.788227,0.813947,0.580939,52.0,0.0,0.0,0.847393,0.0,0.0,7.0
1638784115.0,311000111.0,37.807596,-122.500312,10.920288,0.821873,0.569671,80.0,275.0,48.0,0.841309,1638784115.0,367654260.0,37.842424,-122.458592,20.092647,-0.322013,-0.946735,60.0,16.0,4.0,0.796862,1638784115.0,368196320.0,37.807177,-122.501094,9.759434,0.814055,0.580788,52.0,0.0,0.0,0.845332,0.0,0.0,7.0
1638784116.0,311000111.0,37.807625,-122.500259,10.920837,0.821838,0.569721,80.0,275.0,48.0,0.839088,1638784116.0,367654260.0,37.842336,-122.45863,20.093238,-0.321453,-0.946925,60.0,16.0,4.0,0.793958,1638784116.0,368196320.0,37.807203,-122.501048,9.73021,0.814185,0.580606,52.0,0.0,0.0,0.843277,0.0,0.0,7.0
1638784117.0,311000111.0,37.807654,-122.500207,10.921675,0.821806,0.569767,80.0,275.0,48.0,0.836868,1638784117.0,367654260.0,37.842248,-122.458668,20.093293,-0.320934,-0.947101,60.0,16.0,4.0,0.791055,1638784117.0,368196320.0,37.807229,-122.501001,9.700558,0.814336,0.580393,52.0,0.0,0.0,0.841229,0.0,0.0,7.0
1638784118.0,311000111.0,37.807682,-122.500154,10.922802,0.821778,0.569808,80.0,275.0,48.0,0.834647,1638784118.0,367654260.0,37.84216,-122.458706,20.092809,-0.320456,-0.947263,60.0,16.0,4.0,0.788153,1638784118.0,368196320.0,37.807255,-122.500955,9.670476,0.81451,0.580149,52.0,0.0,0.0,0.839186,0.0,0.0,7.0
1638784119.0,311000111.0,37.807711,-122.500102,10.924219,0.821753,0.569844,80.0,275.0,48.0,0.832426,1638784119.0,367654260.0,37.842072,-122.458744,20.091786,-0.320018,-0.947411,60.0,16.0,4.0,0.785252,1638784119.0,368196320.0,37.807281,-122.500909,9.639965,0.814707,0.579873,52.0,0.0,0.0,0.83715,0.0,0.0,7.0
1638784120.0,311000111.0,37.80774,-122.500049,10.925925,0.821731,0.569875,80.0,275.0,48.0,0.830204,1638784120.0,367654260.0,37.841984,-122.458781,20.090222,-0.319621,-0.947545,60.0,16.0,4.0,0.782352,1638784120.0,368196320.0,37.807307,-122.500863,9.609026,0.814926,0.579565,52.0,0.0,0.0,0.83512,0.0,0.0,7.0
1638784121.0,311000111.0,37.807769,-122.499996,10.92792,0.821713,0.569902,80.0,275.0,48.0,0.827983,1638784121.0,367654260.0,37.841896,-122.458819,20.088116,-0.319264,-0.947666,60.0,16.0,4.0,0.779453,1638784121.0,368196320.0,37.807333,-122.500817,9.577658,0.815168,0.579224,52.0,0.0,0.0,0.833096,0.0,0.0,7.0
1638784122.0,311000111.0,37.807798,-122.499944,10.930204,0.821698,0.569923,80.0,275.0,48.0,0.825761,1638784122.0,367654260.0,37.841808,-122.458856,20.085468,-0.318949,-0.947772,60.0,16.0,4.0,0.776555,1638784122.0,368196320.0,37.807358,-122.500771,9.545864,0.815433,0.578851,52.0,0.0,0.0,0.831079,0.0,0.0,7.0
1638784123.0,311000111.0,37.807826,-122.499891,10.932777,0.821687,0.569939,80.0,275.0,48.0,0.823538,1638784123.0,367654260.0,37.84172,-122.458894,20.082277,-0.318674,-0.947865,60.0,16.0,4.0,0.773658,1638784123.0,368196320.0,37.807384,-122.500726,9.513642,0.815722,0.578444,52.0,0.0,0.0,0.829068,0.0,0.0,7.0
1638784124.0,311000111.0,37.807855,-122.499839,10.93564,0.821679,0.569951,80.0,275.0,48.0,0.821315,1638784124.0,367654260.0,37.841632,-122.458931,20.078541,-0.318439,-0.947943,60.0,16.0,4.0,0.770763,1638784124.0,368196320.0,37.807409,-122.50068,9.480993,0.816034,0.578004,52.0,0.0,0.0,0.827064,0.0,0.0,7.0
1638784125.0,311000111.0,37.807884,-122.499786,10.938792,0.821674,0.569958,80.0,275.0,48.0,0.819092,1638784125.0,367654260.0,37.841544,-122.458969,20.07426,-0.318245,-0.948008,60.0,16.0,4.0,0.767869,1638784125.0,368196320.0,37.807435,-122.500635,9.447919,0.81637,0.57753,52.0,0.0,0.0,0.825067,0.0,0.0,7.0
1638784126.0,311000111.0,37.807913,-122.499733,10.942233,0.821673,0.569959,80.0,275.0,48.0,0.816867,1638784126.0,367654260.0,37.841456,-122.459006,20.069434,-0.318092,-0.94806,60.0,16.0,4.0,0.764975,1638784126.0,368196320.0,37.80746,-122.50059,9.41442,0.81673,0.577021,52.0,0.0,0.0,0.823076,0.0,0.0,7.0
1638784127.0,311000111.0,37.807942,-122.499681,10.945963,0.821675,0.569956,80.0,275.0,48.0,0.814642,1638784127.0,367654260.0,37.841368,-122.459044,20.064062,-0.31798,-0.948097,60.0,16.0,4.0,0.762084,1638784127.0,368196320.0,37.807485,-122.500545,9.380495,0.817114,0.576476,52.0,0.0,0.0,0.821092,0.0,0.0,7.0
1638784128.0,311000111.0,37.807971,-122.499628,10.949982,0.82168,0.569948,80.0,275.0,48.0,0.812417,1638784128.0,367654260.0,37.84128,-122.459081,20.058144,-0.317908,-0.948121,60.0,16.0,4.0,0.759193,1638784128.0,368196320.0,37.80751,-122.5005,9.346416,0.817517,0.575904,52.0,0.0,0.0,0.819115,0.0,0.0,7.0
1638784129.0,311000111.0,37.808,-122.499575,10.954291,0.821689,0.569936,80.0,275.0,48.0,0.81019,1638784129.0,367654260.0,37.841192,-122.459118,20.05168,-0.317878,-0.948132,60.0,16.0,4.0,0.756304,1638784129.0,368196320.0,37.807535,-122.500455,9.313252,0.817919,0.575334,52.0,0.0,0.0,0.817144,0.0,0.0,7.0
1638784130.0,311000111.0,37.808028,-122.499523,10.958888,0.821702,0.569918,80.0,275.0,48.0,0.807963,1638784130.0,367654260.0,37.841104,-122.459156,20.044669,-0.317888,-0.948128,60.0,16.0,4.0,0.753416,1638784130.0,368196320.0,37.80756,-122.500411,9.281272,0.818314,0.574772,52.0,0.0,0.0,0.815181,0.0,0.0,7.0
1638784131.0,311000111.0,37.808057,-122.49947,10.963775,0.821717,0.569895,80.0,275.0,48.0,0.805735,1638784131.0,367654260.0,37.841016,-122.459193,20.037111,-0.317939,-0.948111,60.0,16.0,4.0,0.75053,1638784131.0,368196320.0,37.807584,-122.500366,9.250475,0.818701,0.57422,52.0,0.0,0.0,0.813224,0.0,0.0,7.0
1638784132.0,311000111.0,37.808086,-122.499417,10.968951,0.821736,0.569868,80.0,275.0,48.0,0.803505,1638784132.0,367654260.0,37.840928,-122.45923,20.029008,-0.318031,-0.94808,60.0,16.0,4.0,0.747645,1638784132.0,368196320.0,37.807609,-122.500322,9.220861,0.819081,0.573678,52.0,0.0,0.0,0.811273,0.0,0.0,7.0
1638784133.0,311000111.0,37.808115,-122.499364,10.974416,0.821759,0.569836,80.0,275.0,48.0,0.801275,1638784133.0,367654260.0,37.84084,-122.459268,20.020358,-0.318163,-0.948036,60.0,16.0,4.0,0.744761,1638784133.0,368196320.0,37.807633,-122.500278,9.192431,0.819453,0.573146,52.0,0.0,0.0,0.809328,0.0,0.0,7.0
1638784134.0,311000111.0,37.808144,-122.499312,10.980171,0.821784,0.569798,80.0,275.0,48.0,0.799043,1638784134.0,367654260.0,37.840752,-122.459305,20.011163,-0.318337,-0.947978,60.0,16.0,4.0,0.741879,1638784134.0,368196320.0,37.807658,-122.500233,9.165183,0.819817,0.572625,52.0,0.0,0.0,0.807388,0.0,0.0,7.0
1638784135.0,311000111.0,37.808173,-122.499259,10.986214,0.821814,0.569757,80.0,275.0,48.0,0.796811,1638784135.0,367654260.0,37.840664,-122.459342,20.001423,-0.318552,-0.947905,60.0,16.0,4.0,0.738999,1638784135.0,368196320.0,37.807682,-122.500189,9.139117,0.820174,0.572115,52.0,0.0,0.0,0.805455,0.0,0.0,7.0
1638784136.0,311000111.0,37.808202,-122.499206,10.992547,0.821846,0.56971,80.0,275.0,48.0,0.794577,1638784136.0,367654260.0,37.840577,-122.45938,19.991138,-0.318808,-0.947819,60.0,16.0,4.0,0.73612,1638784136.0,368196320.0,37.807706,-122.500146,9.114234,0.820522,0.571615,52.0,0.0,0.0,0.803526,0.0,0.0,7.0
1638784137.0,311000111.0,37.808231,-122.499153,10.999169,0.821882,0.569658,80.0,275.0,48.0,0.792341,1638784137.0,367654260.0,37.840489,-122.459417,19.980309,-0.319106,-0.947719,60.0,16.0,4.0,0.733243,1638784137.0,368196320.0,37.80773,-122.500102,9.090532,0.820861,0.571127,52.0,0.0,0.0,0.801602,0.0,0.0,7.0
1638784138.0,311000111.0,37.80826,-122.4991,11.005977,0.82192,0.569603,80.0,275.0,48.0,0.790105,1638784138.0,367654260.0,37.840402,-122.459454,19.968937,-0.319445,-0.947605,60.0,16.0,4.0,0.730367,1638784138.0,368196320.0,37.807754,-122.500058,9.068012,0.821192,0.570651,52.0,0.0,0.0,0.799684,0.0,0.0,7.0
1638784139.0,311000111.0,37.808289,-122.499047,11.012553,0.821959,0.569547,80.0,275.0,48.0,0.787867,1638784139.0,367654260.0,37.840314,-122.459492,19.957023,-0.319825,-0.947477,60.0,16.0,4.0,0.727493,1638784139.0,368196320.0,37.807778,-122.500015,9.046674,0.821515,0.570187,52.0,0.0,0.0,0.797769,0.0,0.0,7.0
1638784140.0,311000111.0,37.808318,-122.498994,11.018795,0.821997,0.569491,80.0,275.0,48.0,0.785627,1638784140.0,367654260.0,37.840226,-122.459529,19.944568,-0.320246,-0.947334,60.0,16.0,4.0,0.724621,1638784140.0,368196320.0,37.807802,-122.499971,9.026516,0.821828,0.569736,52.0,0.0,0.0,0.795859,0.0,0.0,7.0
1638784141.0,311000111.0,37.808347,-122.498941,11.024703,0.822035,0.569436,80.0,275.0,48.0,0.783386,1638784141.0,367654260.0,37.840139,-122.459567,19.931573,-0.320709,-0.947178,60.0,16.0,4.0,0.721751,1638784141.0,368196320.0,37.807826,-122.499928,9.007539,0.822132,0.569296,52.0,0.0,0.0,0.793953,0.0,0.0,7.0
1638784142.0,311000111.0,37.808376,-122.498888,11.030276,0.822073,0.569382,80.0,275.0,48.0,0.781144,1638784142.0,367654260.0,37.840052,-122.459604,19.918039,-0.321214,-0.947007,60.0,16.0,4.0,0.718882,1638784142.0,368196320.0,37.80785,-122.499884,8.989743,0.822427,0.56887,52.0,0.0,0.0,0.792051,0.0,0.0,7.0
1638784143.0,311000111.0,37.808405,-122.498835,11.035514,0.822111,0.569327,80.0,275.0,48.0,0.778901,1638784143.0,367654260.0,37.839964,-122.459642,19.903968,-0.321761,-0.946821,60.0,16.0,4.0,0.716015,1638784143.0,368196320.0,37.807873,-122.499841,8.973127,0.822713,0.568457,52.0,0.0,0.0,0.790153,0.0,0.0,7.0
1638784144.0,311000111.0,37.808434,-122.498782,11.040417,0.822148,0.569274,80.0,275.0,48.0,0.776657,1638784144.0,367654260.0,37.839877,-122.459679,19.889362,-0.322349,-0.946621,60.0,16.0,4.0,0.71315,1638784144.0,368196320.0,37.807897,-122.499798,8.957692,0.822989,0.568057,52.0,0.0,0.0,0.788257,0.0,0.0,7.0
1638784145.0,311000111.0,37.808463,-122.498729,11.044986,0.822185,0.56922,80.0,275.0,48.0,0.774412,1638784145.0,367654260.0,37.83979,-122.459717,19.874221,-0.32298,-0.946406,60.0,16.0,4.0,0.710286,1638784145.0,368196320.0,37.807921,-122.499754,8.943436,0.823255,0.567671,52.0,0.0,0.0,0.786365,0.0,0.0,7.0
1638784146.0,311000111.0,37.808492,-122.498675,11.04922,0.822222,0.569167,80.0,275.0,48.0,0.772166,1638784146.0,367654260.0,37.839703,-122.459754,19.858548,-0.323653,-0.946176,60.0,16.0,4.0,0.707425,1638784146.0,368196320.0,37.807944,-122.499711,8.93036,0.823512,0.567299,52.0,0.0,0.0,0.784476,0.0,0.0,7.0
1638784147.0,311000111.0,37.808521,-122.498622,11.05312,0.822258,0.569114,80.0,275.0,48.0,0.769918,1638784147.0,367654260.0,37.839616,-122.459792,19.842345,-0.324368,-0.945931,60.0,16.0,4.0,0.704565,1638784147.0,368196320.0,37.807967,-122.499668,8.918463,0.823758,0.566941,52.0,0.0,0.0,0.782589,0.0,0.0,7.0
1638784148.0,311000111.0,37.808551,-122.498569,11.056685,0.822294,0.569062,80.0,275.0,48.0,0.76767,1638784148.0,367654260.0,37.839529,-122.45983,19.825613,-0.325125,-0.945671,60.0,16.0,4.0,0.701707,1638784148.0,368196320.0,37.807991,-122.499625,8.907746,0.823995,0.566597,52.0,0.0,0.0,0.780704,0.0,0.0,7.0
1638784149.0,311000111.0,37.80858,-122.498516,11.059915,0.82233,0.56901,80.0,275.0,48.0,0.765422,1638784149.0,367654260.0,37.839443,-122.459867,19.808354,-0.325925,-0.945396,60.0,16.0,4.0,0.698852,1638784149.0,368196320.0,37.808014,-122.499582,8.898207,0.824221,0.566268,52.0,0.0,0.0,0.778822,0.0,0.0,7.0
1638784150.0,311000111.0,37.808609,-122.498462,11.062811,0.822366,0.568959,80.0,275.0,48.0,0.763172,1638784150.0,367654260.0,37.839356,-122.459905,19.790572,-0.326767,-0.945105,60.0,16.0,4.0,0.695998,1638784150.0,368196320.0,37.808037,-122.499539,8.889848,0.824438,0.565953,52.0,0.0,0.0,0.776941,0.0,0.0,7.0
1638784151.0,311000111.0,37.808638,-122.498409,11.065372,0.822401,0.568908,80.0,275.0,48.0,0.760922,1638784151.0,367654260.0,37.839269,-122.459943,19.772268,-0.327652,-0.944798,60.0,16.0,4.0,0.693146,1638784151.0,368196320.0,37.808061,-122.499496,8.882667,0.824643,0.565653,52.0,0.0,0.0,0.775062,0.0,0.0,7.0
1638784152.0,311000111.0,37.808667,-122.498356,11.067598,0.822437,0.568857,80.0,275.0,48.0,0.758672,1638784152.0,367654260.0,37.839183,-122.459981,19.753444,-0.328581,-0.944476,60.0,16.0,4.0,0.690296,1638784152.0,368196320.0,37.808084,-122.499454,8.876664,0.824839,0.565368,52.0,0.0,0.0,0.773185,0.0,0.0,7.0
1638784153.0,311000111.0,37.808696,-122.498303,11.06949,0.822471,0.568806,80.0,275.0,48.0,0.756421,1638784153.0,367654260.0,37.839097,-122.460019,19.734104,-0.329552,-0.944137,60.0,16.0,4.0,0.687448,1638784153.0,368196320.0,37.808107,-122.499411,8.87184,0.825023,0.565099,52.0,0.0,0.0,0.771308,0.0,0.0,7.0
1638784154.0,311000111.0,37.808725,-122.498249,11.071047,0.822506,0.568756,80.0,275.0,48.0,0.754169,1638784154.0,367654260.0,37.839011,-122.460057,19.71425,-0.330567,-0.943783,60.0,16.0,4.0,0.684602,1638784154.0,368196320.0,37.80813,-122.499368,8.868194,0.825197,0.564844,52.0,0.0,0.0,0.769433,0.0,0.0,7.0
1638784155.0,311000111.0,37.808754,-122.498196,11.07227,0.82254,0.568707,80.0,275.0,48.0,0.751917,1638784155.0,367654260.0,37.838924,-122.460095,19.693885,-0.331624,-0.943411,60.0,16.0,4.0,0.681759,1638784155.0,368196320.0,37.808154,-122.499325,8.865726,0.825361,0.564606,52.0,0.0,0.0,0.767558,0.0,0.0,7.0
1638784156.0,311000111.0,37.808784,-122.498143,11.073157,0.822575,0.568657,80.0,275.0,48.0,0.749665,1638784156.0,367654260.0,37.838838,-122.460134,19.673013,-0.332726,-0.943024,60.0,16.0,4.0,0.678917,1638784156.0,368196320.0,37.808177,-122.499282,8.864436,0.825514,0.564382,52.0,0.0,0.0,0.765683,0.0,0.0,7.0
1638784157.0,311000111.0,37.808813,-122.498089,11.073711,0.822609,0.568608,80.0,275.0,48.0,0.747413,1638784157.0,367654260.0,37.838753,-122.460172,19.651635,-0.333871,-0.942619,60.0,16.0,4.0,0.676078,1638784157.0,368196320.0,37.8082,-122.499239,8.864323,0.825655,0.564175,52.0,0.0,0.0,0.763809,0.0,0.0,7.0
1638784158.0,311000111.0,37.808842,-122.498036,11.073929,0.822642,0.568559,80.0,275.0,48.0,0.745161,1638784158.0,367654260.0,37.838667,-122.46021,19.629755,-0.335061,-0.942197,60.0,16.0,4.0,0.67324,1638784158.0,368196320.0,37.808223,-122.499196,8.865388,0.825786,0.563983,52.0,0.0,0.0,0.761935,0.0,0.0,7.0
1638784159.0,311000111.0,37.808871,-122.497983,11.073813,0.822676,0.568511,80.0,275.0,48.0,0.742908,1638784159.0,367654260.0,37.838581,-122.460249,19.607378,-0.336294,-0.941757,60.0,16.0,4.0,0.670405,1638784159.0,368196320.0,37.808246,-122.499154,8.867631,0.825907,0.563807,52.0,0.0,0.0,0.76006,0.0,0.0,7.0
1638784160.0,311000111.0,37.8089,-122.497929,11.073362,0.822709,0.568463,80.0,275.0,48.0,0.740656,1638784160.0,367654260.0,37.838496,-122.460288,19.584505,-0.337571,-0.9413,60.0,16.0,4.0,0.667572,1638784160.0,368196320.0,37.808269,-122.499111,8.871051,0.826016,0.563647,52.0,0.0,0.0,0.758185,0.0,0.0,7.0
1638784161.0,311000111.0,37.808929,-122.497876,11.072577,0.822742,0.568415,80.0,275.0,48.0,0.738403,1638784161.0,367654260.0,37.838411,-122.460326,19.561142,-0.338894,-0.940825,60.0,16.0,4.0,0.664741,1638784161.0,368196320.0,37.808292,-122.499068,8.875648,0.826114,0.563503,52.0,0.0,0.0,0.756309,0.0,0.0,7.0
1638784162.0,311000111.0,37.808958,-122.497823,11.071457,0.822775,0.568368,80.0,275.0,48.0,0.736151,1638784162.0,367654260.0,37.838326,-122.460365,19.537292,-0.34026,-0.940331,60.0,16.0,4.0,0.661912,1638784162.0,368196320.0,37.808316,-122.499025,8.881422,0.826202,0.563375,52.0,0.0,0.0,0.754431,0.0,0.0,7.0
1638784163.0,311000111.0,37.808987,-122.497769,11.070002,0.822807,0.568321,80.0,275.0,48.0,0.733899,1638784163.0,367654260.0,37.838241,-122.460404,19.512959,-0.341672,-0.939819,60.0,16.0,4.0,0.659086,1638784163.0,368196320.0,37.808339,-122.498982,8.888373,0.826278,0.563263,52.0,0.0,0.0,0.752553,0.0,0.0,7.0
1638784164.0,311000111.0,37.809017,-122.497716,11.068213,0.822839,0.568274,80.0,275.0,48.0,0.731647,1638784164.0,367654260.0,37.838156,-122.460443,19.488146,-0.343129,-0.939288,60.0,16.0,4.0,0.656262,1638784164.0,368196320.0,37.808362,-122.498939,8.896502,0.826343,0.563167,52.0,0.0,0.0,0.750673,0.0,0.0,7.0
1638784165.0,311000111.0,37.809046,-122.497663,11.066089,0.822872,0.568227,80.0,275.0,48.0,0.729396,1638784165.0,367654260.0,37.838071,-122.460482,19.462859,-0.344631,-0.938738,60.0,16.0,4.0,0.65344,1638784165.0,368196320.0,37.808385,-122.498896,8.905807,0.826398,0.563087,52.0,0.0,0.0,0.748791,0.0,0.0,7.0
1638784166.0,311000111.0,37.809075,-122.497609,11.06363,0.822903,0.568181,80.0,275.0,48.0,0.727144,1638784166.0,367654260.0,37.837986,-122.460522,19.437101,-0.346178,-0.938169,60.0,16.0,4.0,0.65062,1638784166.0,368196320.0,37.808408,-122.498853,8.916289,0.826441,0.563023,52.0,0.0,0.0,0.746908,0.0,0.0,7.0
1638784167.0,311000111.0,37.809104,-122.497556,11.060837,0.822935,0.568135,80.0,275.0,48.0,0.724894,1638784167.0,367654260.0,37.837902,-122.460561,19.410878,-0.347771,-0.937579,60.0,16.0,4.0,0.647802,1638784167.0,368196320.0,37.808432,-122.49881,8.927948,0.826474,0.562975,52.0,0.0,0.0,0.745022,0.0,0.0,7.0
1638784168.0,311000111.0,37.809133,-122.497503,11.057709,0.822967,0.56809,80.0,275.0,48.0,0.722644,1638784168.0,367654260.0,37.837818,-122.460601,19.384194,-0.34941,-0.93697,60.0,16.0,4.0,0.644987,1638784168.0,368196320.0,37.808455,-122.498766,8.940784,0.826496,0.562943,52.0,0.0,0.0,0.743133,0.0,0.0,7.0
1638784169.0,311000111.0,37.809162,-122.497449,11.054246,0.822998,0.568044,80.0,275.0,48.0,0.720394,1638784169.0,367654260.0,37.837734,-122.46064,19.357053,-0.351095,-0.93634,60.0,16.0,4.0,0.642174,1638784169.0,368196320.0,37.808478,-122.498723,8.954796,0.826507,0.562927,52.0,0.0,0.0,0.741242,0.0,0.0,7.0
1638784170.0,311000111.0,37.809191,-122.497396,11.050449,0.823029,0.567999,80.0,275.0,48.0,0.718146,1638784170.0,367654260.0,37.83765,-122.46068,19.329686,-0.352814,-0.935693,60.0,16.0,4.0,0.639364,1638784170.0,368196320.0,37.808501,-122.49868,8.969986,0.826507,0.562926,52.0,0.0,0.0,0.739348,0.0,0.0,7.0
1638784171.0,311000111.0,37.80922,-122.497343,11.046317,0.82306,0.567955,80.0,275.0,48.0,0.715897,1638784171.0,367654260.0,37.837566,-122.46072,19.302996,-0.354515,-0.93505,60.0,16.0,4.0,0.636556,1638784171.0,368196320.0,37.808525,-122.498636,8.986352,0.826497,0.562942,52.0,0.0,0.0,0.737451,0.0,0.0,7.0
1638784172.0,311000111.0,37.809249,-122.49729,11.04185,0.82309,0.56791,80.0,275.0,48.0,0.71365,1638784172.0,367654260.0,37.837483,-122.46076,19.277204,-0.356184,-0.934416,60.0,16.0,4.0,0.63375,1638784172.0,368196320.0,37.808548,-122.498593,9.003895,0.826475,0.562973,52.0,0.0,0.0,0.73555,0.0,0.0,7.0
1638784173.0,311000111.0,37.809278,-122.497236,11.037049,0.823121,0.567866,80.0,275.0,48.0,0.711404,1638784173.0,367654260.0,37.837399,-122.4608,19.252308,-0.357823,-0.93379,60.0,16.0,4.0,0.630946,1638784173.0,368196320.0,37.808572,-122.498549,9.022614,0.826444,0.563019,52.0,0.0,0.0,0.733646,0.0,0.0,7.0
1638784174.0,311000111.0,37.809307,-122.497183,11.031913,0.823151,0.567822,80.0,275.0,48.0,0.709159,1638784174.0,367654260.0,37.837316,-122.460841,19.228302,-0.359429,-0.933172,60.0,16.0,4.0,0.628145,1638784174.0,368196320.0,37.808595,-122.498506,9.042511,0.826401,0.563082,52.0,0.0,0.0,0.731737,0.0,0.0,7.0
1638784175.0,311000111.0,37.809336,-122.49713,11.026443,0.823181,0.567778,80.0,275.0,48.0,0.706914,1638784175.0,367654260.0,37.837233,-122.460881,19.205185,-0.361004,-0.932564,60.0,16.0,4.0,0.625345,1638784175.0,368196320.0,37.808619,-122.498462,9.063584,0.826349,0.563159,52.0,0.0,0.0,0.729825,0.0,0.0,7.0
1638784176.0,311000111.0,37.809365,-122.497077,11.020638,0.823211,0.567735,80.0,275.0,48.0,0.704671,1638784176.0,367654260.0,37.83715,-122.460922,19.182951,-0.362546,-0.931966,60.0,16.0,4.0,0.622547,1638784176.0,368196320.0,37.808642,-122.498418,9.085835,0.826285,0.563252,52.0,0.0,0.0,0.727907,0.0,0.0,7.0
1638784177.0,311000111.0,37.809394,-122.497024,11.014498,0.823241,0.567692,80.0,275.0,48.0,0.702429,1638784177.0,367654260.0,37.837068,-122.460962,19.161599,-0.364057,-0.931377,60.0,16.0,4.0,0.619751,1638784177.0,368196320.0,37.808666,-122.498374,9.109262,0.826212,0.563359,52.0,0.0,0.0,0.725986,0.0,0.0,7.0
1638784178.0,311000111.0,37.809423,-122.496971,11.008024,0.823271,0.567649,80.0,275.0,48.0,0.700188,1638784178.0,367654260.0,37.836985,-122.461003,19.141125,-0.365534,-0.930798,60.0,16.0,4.0,0.616957,1638784178.0,368196320.0,37.80869,-122.49833,9.133866,0.826129,0.563482,52.0,0.0,0.0,0.724059,0.0,0.0,7.0
1638784179.0,311000111.0,37.809452,-122.496917,11.001214,0.8233,0.567606,80.0,275.0,48.0,0.697948,1638784179.0,367654260.0,37.836903,-122.461044,19.121525,-0.366978,-0.930229,60.0,16.0,4.0,0.614164,1638784179.0,368196320.0,37.808713,-122.498286,9.159648,0.826035,0.563619,52.0,0.0,0.0,0.722127,0.0,0.0,7.0
1638784180.0,311000111.0,37.809481,-122.496864,10.994071,0.823329,0.567564,80.0,275.0,48.0,0.69571,1638784180.0,367654260.0,37.83682,-122.461085,19.102797,-0.36839,-0.929672,60.0,16.0,4.0,0.611373,1638784180.0,368196320.0,37.808737,-122.498241,9.186606,0.825932,0.56377,52.0,0.0,0.0,0.72019,0.0,0.0,7.0
1638784181.0,311000111.0,37.80951,-122.496811,10.986592,0.823358,0.567522,80.0,275.0,48.0,0.693473,1638784181.0,367654260.0,37.836738,-122.461127,19.084936,-0.369767,-0.929124,60.0,16.0,4.0,0.608583,1638784181.0,368196320.0,37.808761,-122.498197,9.214742,0.825818,0.563936,52.0,0.0,0.0,0.718248,0.0,0.0,7.0
1638784182.0,311000111.0,37.809538,-122.496758,10.978779,0.823387,0.56748,80.0,275.0,48.0,0.691238,1638784182.0,367654260.0,37.836656,-122.461168,19.067941,-0.371111,-0.928588,60.0,16.0,4.0,0.605795,1638784182.0,368196320.0,37.808785,-122.498152,9.244056,0.825695,0.564116,52.0,0.0,0.0,0.716299,0.0,0.0,7.0
1638784183.0,311000111.0,37.809567,-122.496706,10.970631,0.823416,0.567438,80.0,275.0,48.0,0.689004,1638784183.0,367654260.0,37.836574,-122.461209,19.051807,-0.372422,-0.928064,60.0,16.0,4.0,0.603008,1638784183.0,368196320.0,37.80881,-122.498108,9.274547,0.825563,0.56431,52.0,0.0,0.0,0.714344,0.0,0.0,7.0
1638784184.0,311000111.0,37.809596,-122.496653,10.962149,0.823444,0.567397,80.0,275.0,48.0,0.686772,1638784184.0,367654260.0,37.836493,-122.461251,19.036532,-0.373698,-0.92755,60.0,16.0,4.0,0.600222,1638784184.0,368196320.0,37.808834,-122.498063,9.306215,0.825421,0.564518,52.0,0.0,0.0,0.712383,0.0,0.0,7.0
1638784185.0,311000111.0,37.809625,-122.4966,10.953332,0.823473,0.567356,80.0,275.0,48.0,0.684542,1638784185.0,367654260.0,37.836411,-122.461293,19.022114,-0.37494,-0.927049,60.0,16.0,4.0,0.597438,1638784185.0,368196320.0,37.808858,-122.498018,9.339061,0.825269,0.564739,52.0,0.0,0.0,0.710416,0.0,0.0,7.0
1638784186.0,311000111.0,37.809654,-122.496547,10.94418,0.823501,0.567315,80.0,275.0,48.0,0.682313,1638784186.0,367654260.0,37.836329,-122.461334,19.008548,-0.376148,-0.92656,60.0,16.0,4.0,0.594654,1638784186.0,368196320.0,37.808882,-122.497973,9.373085,0.825109,0.564973,52.0,0.0,0.0,0.708441,0.0,0.0,7.0
1638784187.0,311000111.0,37.809682,-122.496494,10.934694,0.823529,0.567274,80.0,275.0,48.0,0.680086,1638784187.0,367654260.0,37.836248,-122.461376,18.995833,-0.37732,-0.926083,60.0,16.0,4.0,0.591871,1638784187.0,368196320.0,37.808907,-122.497927,9.408287,0.82494,0.565221,52.0,0.0,0.0,0.70646,0.0,0.0,7.0
1638784188.0,311000111.0,37.809711,-122.496441,10.924873,0.823557,0.567234,80.0,275.0,48.0,0.677861,1638784188.0,367654260.0,37.836166,-122.461418,18.983966,-0.378459,-0.925618,60.0,16.0,4.0,0.589089,1638784188.0,368196320.0,37.808932,-122.497882,9.444667,0.824761,0.565481,52.0,0.0,0.0,0.704471,0.0,0.0,7.0
1638784189.0,311000111.0,37.80974,-122.496389,10.914717,0.823585,0.567193,80.0,275.0,48.0,0.675638,1638784189.0,367654260.0,37.836085,-122.46146,18.972943,-0.379562,-0.925166,60.0,16.0,4.0,0.586308,1638784189.0,368196320.0,37.808956,-122.497836,9.482225,0.824574,0.565753,52.0,0.0,0.0,0.702474,0.0,0.0,7.0
1638784190.0,311000111.0,37.809768,-122.496336,10.904227,0.823612,0.567153,80.0,275.0,48.0,0.673417,1638784190.0,367654260.0,37.836004,-122.461503,18.962763,-0.38063,-0.924728,60.0,16.0,4.0,0.583528,1638784190.0,368196320.0,37.808981,-122.497791,9.520962,0.824379,0.566038,52.0,0.0,0.0,0.70047,0.0,0.0,7.0
1638784191.0,311000111.0,37.809797,-122.496283,10.893402,0.82364,0.567114,80.0,275.0,48.0,0.671199,1638784191.0,367654260.0,37.835923,-122.461545,18.953423,-0.381662,-0.924302,60.0,16.0,4.0,0.580748,1638784191.0,368196320.0,37.809006,-122.497745,9.560877,0.824175,0.566335,52.0,0.0,0.0,0.698458,0.0,0.0,7.0
1638784192.0,311000111.0,37.809826,-122.496231,10.882243,0.823667,0.567074,80.0,275.0,48.0,0.668982,1638784192.0,367654260.0,37.835842,-122.461587,18.94492,-0.38266,-0.923889,60.0,16.0,4.0,0.577969,1638784192.0,368196320.0,37.809031,-122.497699,9.601971,0.823963,0.566643,52.0,0.0,0.0,0.696437,0.0,0.0,7.0
1638784193.0,311000111.0,37.809854,-122.496178,10.870748,0.823694,0.567034,80.0,275.0,48.0,0.666768,1638784193.0,367654260.0,37.835761,-122.46163,18.937253,-0.383622,-0.92349,60.0,16.0,4.0,0.57519,1638784193.0,368196320.0,37.809056,-122.497652,9.644244,0.823743,0.566963,52.0,0.0,0.0,0.694408,0.0,0.0,7.0
1638784194.0,311000111.0,37.809883,-122.496126,10.858919,0.823721,0.566995,80.0,275.0,48.0,0.664556,1638784194.0,367654260.0,37.83568,-122.461672,18.930418,-0.384548,-0.923105,60.0,16.0,4.0,0.572411,1638784194.0,368196320.0,37.809082,-122.497606,9.687697,0.823515,0.567294,52.0,0.0,0.0,0.69237,0.0,0.0,7.0
1638784195.0,311000111.0,37.809911,-122.496074,10.846756,0.823748,0.566956,80.0,275.0,48.0,0.662346,1638784195.0,367654260.0,37.835599,-122.461715,18.924414,-0.385438,-0.922734,60.0,16.0,4.0,0.569633,1638784195.0,368196320.0,37.809107,-122.497559,9.732328,0.823279,0.567636,52.0,0.0,0.0,0.690323,0.0,0.0,7.0
1638784196.0,311000111.0,37.80994,-122.496021,10.834258,0.823775,0.566917,80.0,275.0,48.0,0.660139,1638784196.0,367654260.0,37.835518,-122.461758,18.919238,-0.386292,-0.922376,60.0,16.0,4.0,0.566855,1638784196.0,368196320.0,37.809132,-122.497512,9.778139,0.823036,0.567989,52.0,0.0,0.0,0.688267,0.0,0.0,7.0
1638784197.0,311000111.0,37.809968,-122.495969,10.821425,0.823801,0.566879,80.0,275.0,48.0,0.657934,1638784197.0,367654260.0,37.835437,-122.4618,18.914889,-0.387111,-0.922033,60.0,16.0,4.0,0.564077,1638784197.0,368196320.0,37.809158,-122.497465,9.825129,0.822786,0.568352,52.0,0.0,0.0,0.686202,0.0,0.0,7.0
1638784198.0,311000111.0,37.809996,-122.495917,10.808257,0.823828,0.56684,80.0,275.0,48.0,0.655732,1638784198.0,367654260.0,37.835357,-122.461843,18.911365,-0.387893,-0.921704,60.0,16.0,4.0,0.561299,1638784198.0,368196320.0,37.809184,-122.497418,9.873299,0.822528,0.568725,52.0,0.0,0.0,0.684126,0.0,0.0,7.0
1638784199.0,311000111.0,37.810025,-122.495865,10.794755,0.823854,0.566802,80.0,275.0,48.0,0.653533,1638784199.0,367654260.0,37.835276,-122.461886,18.908663,-0.388639,-0.92139,60.0,16.0,4.0,0.558522,1638784199.0,368196320.0,37.80921,-122.49737,9.922289,0.822266,0.569103,52.0,0.0,0.0,0.682041,0.0,0.0,7.0
1638784200.0,311000111.0,37.810053,-122.495813,10.780918,0.82388,0.566764,80.0,275.0,48.0,0.651336,1638784200.0,367654260.0,37.835195,-122.461929,18.906782,-0.389349,-0.92109,60.0,16.0,4.0,0.555744,1638784200.0,368196320.0,37.809236,-122.497322,9.970656,0.822012,0.569471,52.0,0.0,0.0,0.679945,0.0,0.0,7.0
1638784201.0,311000111.0,37.810081,-122.495761,10.766747,0.823906,0.566726,80.0,275.0,48.0,0.649142,1638784201.0,367654260.0,37.835115,-122.461973,18.90572,-0.390023,-0.920805,60.0,16.0,4.0,0.552965,1638784201.0,368196320.0,37.809262,-122.497274,10.01804,0.821767,0.569824,52.0,0.0,0.0,0.67784,0.0,0.0,7.0
1638784202.0,311000111.0,37.810109,-122.495709,10.752241,0.823932,0.566689,80.0,275.0,48.0,0.646951,1638784202.0,367654260.0,37.835034,-122.462016,18.905476,-0.39066,-0.920535,60.0,16.0,4.0,0.550187,1638784202.0,368196320.0,37.809289,-122.497226,10.064441,0.821531,0.570163,52.0,0.0,0.0,0.675725,0.0,0.0,7.0
1638784203.0,311000111.0,37.810138,-122.495657,10.7374,0.823958,0.566651,80.0,275.0,48.0,0.644763,1638784203.0,367654260.0,37.834954,-122.462059,18.906047,-0.391261,-0.92028,60.0,16.0,4.0,0.547408,1638784203.0,368196320.0,37.809315,-122.497178,10.109858,0.821305,0.570489,52.0,0.0,0.0,0.6736,0.0,0.0,7.0
1638784204.0,311000111.0,37.810166,-122.495605,10.722224,0.823984,0.566614,80.0,275.0,48.0,0.642578,1638784204.0,367654260.0,37.834873,-122.462102,18.907433,-0.391825,-0.92004,60.0,16.0,4.0,0.544629,1638784204.0,368196320.0,37.809342,-122.497129,10.154292,0.821089,0.5708,52.0,0.0,0.0,0.671466,0.0,0.0,7.0
1638784205.0,311000111.0,37.810194,-122.495553,10.706714,0.824009,0.566577,80.0,275.0,48.0,0.640396,1638784205.0,367654260.0,37.834793,-122.462146,18.909632,-0.392353,-0.919815,60.0,16.0,4.0,0.541849,1638784205.0,368196320.0,37.809369,-122.49708,10.197741,0.820881,0.571099,52.0,0.0,0.0,0.669322,0.0,0.0,7.0
1638784206.0,311000111.0,37.810222,-122.495502,10.69087,0.824035,0.56654,80.0,275.0,48.0,0.638217,1638784206.0,367654260.0,37.834712,-122.462189,18.912643,-0.392844,-0.919605,60.0,16.0,4.0,0.539069,1638784206.0,368196320.0,37.809396,-122.497031,10.240207,0.820683,0.571384,52.0,0.0,0.0,0.66717,0.0,0.0,7.0
1638784207.0,311000111.0,37.81025,-122.49545,10.674823,0.824059,0.566503,80.0,275.0,48.0,0.636041,1638784207.0,367654260.0,37.834632,-122.462233,18.916465,-0.393299,-0.919411,60.0,16.0,4.0,0.536288,1638784207.0,368196320.0,37.809423,-122.496982,10.281689,0.820493,0.571657,52.0,0.0,0.0,0.665008,0.0,0.0,7.0
1638784208.0,311000111.0,37.810278,-122.495398,10.659108,0.824082,0.566471,80.0,275.0,48.0,0.633869,1638784208.0,367654260.0,37.834551,-122.462276,18.921096,-0.393717,-0.919232,60.0,16.0,4.0,0.533506,1638784208.0,368196320.0,37.80945,-122.496933,10.322186,0.820311,0.571917,52.0,0.0,0.0,0.662839,0.0,0.0,7.0
1638784209.0,311000111.0,37.810306,-122.495347,10.643858,0.824101,0.566443,80.0,275.0,48.0,0.6317,1638784209.0,367654260.0,37.834471,-122.46232,18.926536,-0.394099,-0.919068,60.0,16.0,4.0,0.530724,1638784209.0,368196320.0,37.809477,-122.496883,10.361698,0.820138,0.572165,52.0,0.0,0.0,0.66066,0.0,0.0,7.0
1638784210.0,311000111.0,37.810334,-122.495296,10.629072,0.824117,0.566419,80.0,275.0,48.0,0.629533,1638784210.0,367654260.0,37.834391,-122.462364,18.932783,-0.394444,-0.91892,60.0,16.0,4.0,0.527941,1638784210.0,368196320.0,37.809505,-122.496833,10.400227,0.819974,0.572401,52.0,0.0,0.0,0.658474,0.0,0.0,7.0
1638784211.0,311000111.0,37.810362,-122.495244,10.614751,0.824131,0.566399,80.0,275.0,48.0,0.62737,1638784211.0,367654260.0,37.83431,-122.462407,18.939837,-0.394753,-0.918787,60.0,16.0,4.0,0.525156,1638784211.0,368196320.0,37.809532,-122.496783,10.43777,0.819817,0.572625,52.0,0.0,0.0,0.656279,0.0,0.0,7.0
1638784212.0,311000111.0,37.810389,-122.495193,10.600895,0.824141,0.566384,80.0,275.0,48.0,0.62521,1638784212.0,367654260.0,37.83423,-122.462451,18.947697,-0.395024,-0.918671,60.0,16.0,4.0,0.522371,1638784212.0,368196320.0,37.80956,-122.496733,10.474329,0.819669,0.572838,52.0,0.0,0.0,0.654077,0.0,0.0,7.0
1638784213.0,311000111.0,37.810417,-122.495142,10.587503,0.824149,0.566374,80.0,275.0,48.0,0.623053,1638784213.0,367654260.0,37.834149,-122.462495,18.956362,-0.39526,-0.918569,60.0,16.0,4.0,0.519585,1638784213.0,368196320.0,37.809588,-122.496683,10.509902,0.819529,0.573038,52.0,0.0,0.0,0.651867,0.0,0.0,7.0
1638784214.0,311000111.0,37.810445,-122.495091,10.574575,0.824153,0.566367,80.0,275.0,48.0,0.620898,1638784214.0,367654260.0,37.834068,-122.462539,18.965832,-0.395459,-0.918484,60.0,16.0,4.0,0.516797,1638784214.0,368196320.0,37.809616,-122.496632,10.544491,0.819396,0.573228,52.0,0.0,0.0,0.64965,0.0,0.0,7.0
1638784215.0,311000111.0,37.810473,-122.49504,10.562112,0.824154,0.566366,80.0,275.0,48.0,0.618746,1638784215.0,367654260.0,37.833988,-122.462583,18.976107,-0.395621,-0.918414,60.0,16.0,4.0,0.514008,1638784215.0,368196320.0,37.809644,-122.496582,10.578094,0.819271,0.573406,52.0,0.0,0.0,0.647426,0.0,0.0,7.0
1638784216.0,311000111.0,37.8105,-122.494989,10.550114,0.824152,0.566368,80.0,275.0,48.0,0.616596,1638784216.0,367654260.0,37.833907,-122.462627,18.987185,-0.395747,-0.918359,60.0,16.0,4.0,0.511218,1638784216.0,368196320.0,37.809672,-122.496531,10.610713,0.819154,0.573574,52.0,0.0,0.0,0.645195,0.0,0.0,7.0
1638784217.0,311000111.0,37.810528,-122.494938,10.53858,0.824147,0.566375,80.0,275.0,48.0,0.614449,1638784217.0,367654260.0,37.833827,-122.462671,18.999066,-0.395837,-0.918321,60.0,16.0,4.0,0.508427,1638784217.0,368196320.0,37.8097,-122.49648,10.642346,0.819044,0.57373,52.0,0.0,0.0,0.642956,0.0,0.0,7.0
1638784218.0,311000111.0,37.810556,-122.494887,10.527511,0.824139,0.566387,80.0,275.0,48.0,0.612304,1638784218.0,367654260.0,37.833746,-122.462715,19.011751,-0.39589,-0.918298,60.0,16.0,4.0,0.505634,1638784218.0,368196320.0,37.809728,-122.496429,10.672994,0.818942,0.573876,52.0,0.0,0.0,0.640712,0.0,0.0,7.0
1638784219.0,311000111.0,37.810583,-122.494836,10.516906,0.824128,0.566403,80.0,275.0,48.0,0.610162,1638784219.0,367654260.0,37.833665,-122.462759,19.025239,-0.395908,-0.91829,60.0,16.0,4.0,0.502839,1638784219.0,368196320.0,37.809756,-122.496378,10.702656,0.818847,0.574011,52.0,0.0,0.0,0.638461,0.0,0.0,7.0
1638784220.0,311000111.0,37.810611,-122.494786,10.506766,0.824114,0.566424,80.0,275.0,48.0,0.608021,1638784220.0,367654260.0,37.833584,-122.462803,19.039531,-0.395889,-0.918298,60.0,16.0,4.0,0.500044,1638784220.0,368196320.0,37.809785,-122.496327,10.731333,0.81876,0.574136,52.0,0.0,0.0,0.636203,0.0,0.0,7.0
1638784221.0,311000111.0,37.810638,-122.494735,10.49709,0.824097,0.566449,80.0,275.0,48.0,0.605883,1638784221.0,367654260.0,37.833503,-122.462847,19.054625,-0.395834,-0.918322,60.0,16.0,4.0,0.497246,1638784221.0,368196320.0,37.809813,-122.496275,10.759024,0.818679,0.574251,52.0,0.0,0.0,0.63394,0.0,0.0,7.0
1638784222.0,311000111.0,37.810666,-122.494684,10.487879,0.824076,0.566479,80.0,275.0,48.0,0.603747,1638784222.0,367654260.0,37.833422,-122.462891,19.070523,-0.395743,-0.918361,60.0,16.0,4.0,0.494447,1638784222.0,368196320.0,37.809842,-122.496224,10.78573,0.818606,0.574356,52.0,0.0,0.0,0.631671,0.0,0.0,7.0
1638784223.0,311000111.0,37.810693,-122.494634,10.479132,0.824053,0.566513,80.0,275.0,48.0,0.601612,1638784223.0,367654260.0,37.833341,-122.462936,19.087224,-0.395616,-0.918416,60.0,16.0,4.0,0.491645,1638784223.0,368196320.0,37.809871,-122.496172,10.81145,0.81854,0.57445,52.0,0.0,0.0,0.629397,0.0,0.0,7.0
1638784224.0,311000111.0,37.810721,-122.494583,10.47085,0.824026,0.566552,80.0,275.0,48.0,0.59948,1638784224.0,367654260.0,37.83326,-122.46298,19.104729,-0.395453,-0.918486,60.0,16.0,4.0,0.488843,1638784224.0,368196320.0,37.809899,-122.49612,10.836184,0.81848,0.574534,52.0,0.0,0.0,0.627117,0.0,0.0,7.0
1638784225.0,311000111.0,37.810748,-122.494532,10.463033,0.823997,0.566595,80.0,275.0,48.0,0.597349,1638784225.0,367654260.0,37.833179,-122.463024,19.123038,-0.395255,-0.918571,60.0,16.0,4.0,0.486038,1638784225.0,368196320.0,37.809928,-122.496068,10.859932,0.818428,0.574609,52.0,0.0,0.0,0.624832,0.0,0.0,7.0
1638784226.0,311000111.0,37.810776,-122.494482,10.45568,0.823964,0.566643,80.0,275.0,48.0,0.59522,1638784226.0,367654260.0,37.833098,-122.463068,19.142153,-0.395021,-0.918672,60.0,16.0,4.0,0.483231,1638784226.0,368196320.0,37.809957,-122.496016,10.882695,0.818383,0.574674,52.0,0.0,0.0,0.622542,0.0,0.0,7.0
1638784227.0,311000111.0,37.810803,-122.494432,10.448792,0.823928,0.566695,80.0,275.0,48.0,0.593092,1638784227.0,367654260.0,37.833016,-122.463113,19.162072,-0.394752,-0.918788,60.0,16.0,4.0,0.480422,1638784227.0,368196320.0,37.809986,-122.495964,10.904472,0.818344,0.574729,52.0,0.0,0.0,0.620247,0.0,0.0,7.0
1638784228.0,311000111.0,37.81083,-122.494381,10.442368,0.823888,0.566752,80.0,275.0,48.0,0.590965,1638784228.0,367654260.0,37.832935,-122.463157,19.182797,-0.394448,-0.918918,60.0,16.0,4.0,0.477611,1638784228.0,368196320.0,37.810015,-122.495912,10.925263,0.818312,0.574774,52.0,0.0,0.0,0.617948,0.0,0.0,7.0
1638784229.0,311000111.0,37.810858,-122.494331,10.436409,0.823846,0.566814,80.0,275.0,48.0,0.58884,1638784229.0,367654260.0,37.832853,-122.463201,19.204329,-0.394108,-0.919064,60.0,16.0,4.0,0.474798,1638784229.0,368196320.0,37.810044,-122.495859,10.945069,0.818287,0.57481,52.0,0.0,0.0,0.615644,0.0,0.0,7.0
1638784230.0,311000111.0,37.810885,-122.49428,10.430915,0.823801,0.56688,80.0,275.0,48.0,0.586717,1638784230.0,367654260.0,37.832772,-122.463246,19.226669,-0.393733,-0.919225,60.0,16.0,4.0,0.471983,1638784230.0,368196320.0,37.810073,-122.495807,10.963888,0.818269,0.574836,52.0,0.0,0.0,0.613336,0.0,0.0,7.0
1638784231.0,311000111.0,37.810913,-122.49423,10.425885,0.823752,0.56695,80.0,275.0,48.0,0.584594,1638784231.0,367654260.0,37.83269,-122.46329,19.249508,-0.39334,-0.919393,60.0,16.0,4.0,0.469165,1638784231.0,368196320.0,37.810102,-122.495754,10.981722,0.818257,0.574853,52.0,0.0,0.0,0.611025,0.0,0.0,7.0
1638784232.0,311000111.0,37.81094,-122.49418,10.42132,0.8237,0.567026,80.0,275.0,48.0,0.582473,1638784232.0,367654260.0,37.832608,-122.463334,19.271612,-0.392992,-0.919542,60.0,16.0,4.0,0.466345,1638784232.0,368196320.0,37.810131,-122.495702,10.99857,0.818252,0.57486,52.0,0.0,0.0,0.608709,0.0,0.0,7.0
1638784233.0,311000111.0,37.810967,-122.494129,10.41722,0.823645,0.567105,80.0,275.0,48.0,0.580352,1638784233.0,367654260.0,37.832526,-122.463379,19.292671,-0.392705,-0.919665,60.0,16.0,4.0,0.463523,1638784233.0,368196320.0,37.810161,-122.495649,11.014431,0.818253,0.574858,52.0,0.0,0.0,0.60639,0.0,0.0,7.0
1638784234.0,311000111.0,37.810995,-122.494079,10.413584,0.823587,0.56719,80.0,275.0,48.0,0.578232,1638784234.0,367654260.0,37.832444,-122.463423,19.312684,-0.392478,-0.919761,60.0,16.0,4.0,0.460699,1638784234.0,368196320.0,37.81019,-122.495596,11.029307,0.818261,0.574847,52.0,0.0,0.0,0.604068,0.0,0.0,7.0
1638784235.0,311000111.0,37.811022,-122.494029,10.410414,0.823526,0.567278,80.0,275.0,48.0,0.576114,1638784235.0,367654260.0,37.832362,-122.463467,19.33165,-0.392313,-0.919832,60.0,16.0,4.0,0.457873,1638784235.0,368196320.0,37.810219,-122.495543,11.043197,0.818275,0.574827,52.0,0.0,0.0,0.601742,0.0,0.0,7.0
1638784236.0,311000111.0,37.811049,-122.493979,10.407707,0.823462,0.567372,80.0,275.0,48.0,0.573995,1638784236.0,367654260.0,37.83228,-122.463512,19.349567,-0.392208,-0.919876,60.0,16.0,4.0,0.455045,1638784236.0,368196320.0,37.810249,-122.49549,11.056102,0.818296,0.574797,52.0,0.0,0.0,0.599414,0.0,0.0,7.0
1638784237.0,311000111.0,37.811077,-122.493929,10.405466,0.823394,0.56747,80.0,275.0,48.0,0.571878,1638784237.0,367654260.0,37.832197,-122.463556,19.366436,-0.392164,-0.919895,60.0,16.0,4.0,0.452215,1638784237.0,368196320.0,37.810278,-122.495437,11.06802,0.818324,0.574758,52.0,0.0,0.0,0.597082,0.0,0.0,7.0
1638784238.0,311000111.0,37.811104,-122.493878,10.403689,0.823324,0.567572,80.0,275.0,48.0,0.569761,1638784238.0,367654260.0,37.832115,-122.463601,19.382257,-0.39218,-0.919889,60.0,16.0,4.0,0.449383,1638784238.0,368196320.0,37.810308,-122.495384,11.078953,0.818357,0.57471,52.0,0.0,0.0,0.594749,0.0,0.0,7.0
1638784239.0,311000111.0,37.811131,-122.493828,10.402377,0.82325,0.567679,80.0,275.0,48.0,0.567644,1638784239.0,367654260.0,37.832032,-122.463645,19.397029,-0.392256,-0.919856,60.0,16.0,4.0,0.446549,1638784239.0,368196320.0,37.810337,-122.495331,11.088899,0.818398,0.574652,52.0,0.0,0.0,0.592413,0.0,0.0,7.0
1638784240.0,311000111.0,37.811159,-122.493778,10.40153,0.823173,0.56779,80.0,275.0,48.0,0.565528,1638784240.0,367654260.0,37.83195,-122.46369,19.410753,-0.392391,-0.919798,60.0,16.0,4.0,0.443714,1638784240.0,368196320.0,37.810366,-122.495278,11.09786,0.818445,0.574586,52.0,0.0,0.0,0.590074,0.0,0.0,7.0
1638784241.0,311000111.0,37.811186,-122.493728,10.401148,0.823093,0.567906,80.0,275.0,48.0,0.563412,1638784241.0,367654260.0,37.831867,-122.463735,19.42343,-0.392587,-0.919715,60.0,16.0,4.0,0.440878,1638784241.0,368196320.0,37.810396,-122.495225,11.105836,0.818498,0.57451,52.0,0.0,0.0,0.587734,0.0,0.0,7.0
1638784242.0,311000111.0,37.811213,-122.493678,10.40123,0.82301,0.568026,80.0,275.0,48.0,0.561296,1638784242.0,367654260.0,37.831785,-122.463779,19.43506,-0.392842,-0.919606,60.0,16.0,4.0,0.43804,1638784242.0,368196320.0,37.810425,-122.495172,11.112825,0.818557,0.574425,52.0,0.0,0.0,0.585393,0.0,0.0,7.0
1638784243.0,311000111.0,37.81124,-122.493628,10.401778,0.822924,0.568151,80.0,275.0,48.0,0.55918,1638784243.0,367654260.0,37.831702,-122.463824,19.445644,-0.393157,-0.919471,60.0,16.0,4.0,0.4352,1638784243.0,368196320.0,37.810455,-122.495119,11.118829,0.818623,0.574331,52.0,0.0,0.0,0.583049,0.0,0.0,7.0
1638784244.0,311000111.0,37.811268,-122.493578,10.40279,0.822835,0.56828,80.0,275.0,48.0,0.557064,1638784244.0,367654260.0,37.831619,-122.463869,19.455183,-0.393532,-0.919311,60.0,16.0,4.0,0.43236,1638784244.0,368196320.0,37.810485,-122.495065,11.123847,0.818696,0.574227,52.0,0.0,0.0,0.580704,0.0,0.0,7.0
1638784245.0,311000111.0,37.811295,-122.493527,10.404267,0.822743,0.568413,80.0,275.0,48.0,0.554948,1638784245.0,367654260.0,37.831536,-122.463914,19.46368,-0.393966,-0.919125,60.0,16.0,4.0,0.429518,1638784245.0,368196320.0,37.810514,-122.495012,11.12788,0.818775,0.574114,52.0,0.0,0.0,0.578359,0.0,0.0,7.0
1638784246.0,311000111.0,37.811323,-122.493477,10.40621,0.822648,0.568551,80.0,275.0,48.0,0.552831,1638784246.0,367654260.0,37.831454,-122.463959,19.471136,-0.394459,-0.918913,60.0,16.0,4.0,0.426675,1638784246.0,368196320.0,37.810544,-122.494959,11.130927,0.81886,0.573993,52.0,0.0,0.0,0.576012,0.0,0.0,7.0
1638784247.0,311000111.0,37.81135,-122.493427,10.408617,0.82255,0.568693,80.0,275.0,48.0,0.550715,1638784247.0,367654260.0,37.831371,-122.464004,19.477552,-0.395012,-0.918676,60.0,16.0,4.0,0.423831,1638784247.0,368196320.0,37.810573,-122.494905,11.132989,0.818952,0.573861,52.0,0.0,0.0,0.573665,0.0,0.0,7.0
1638784248.0,311000111.0,37.811377,-122.493377,10.411489,0.822448,0.56884,80.0,275.0,48.0,0.548598,1638784248.0,367654260.0,37.831288,-122.464049,19.482932,-0.395624,-0.918412,60.0,16.0,4.0,0.420987,1638784248.0,368196320.0,37.810603,-122.494852,11.134065,0.819051,0.573721,52.0,0.0,0.0,0.571317,0.0,0.0,7.0
1638784249.0,311000111.0,37.811405,-122.493327,10.414826,0.822344,0.568991,80.0,275.0,48.0,0.54648,1638784249.0,367654260.0,37.831205,-122.464094,19.487278,-0.396296,-0.918123,60.0,16.0,4.0,0.418141,1638784249.0,368196320.0,37.810632,-122.494798,11.134156,0.819156,0.573571,52.0,0.0,0.0,0.568968,0.0,0.0,7.0
1638784250.0,311000111.0,37.811432,-122.493277,10.418629,0.822237,0.569146,80.0,275.0,48.0,0.544362,1638784250.0,367654260.0,37.831122,-122.464139,19.490592,-0.397027,-0.917807,60.0,16.0,4.0,0.415295,1638784250.0,368196320.0,37.810662,-122.494745,11.133262,0.819267,0.573412,52.0,0.0,0.0,0.56662,0.0,0.0,7.0
1638784251.0,311000111.0,37.81146,-122.493227,10.422896,0.822126,0.569305,80.0,275.0,48.0,0.542243,1638784251.0,367654260.0,37.83104,-122.464184,19.492878,-0.397818,-0.917465,60.0,16.0,4.0,0.412448,1638784251.0,368196320.0,37.810691,-122.494692,11.131382,0.819385,0.573243,52.0,0.0,0.0,0.564272,0.0,0.0,7.0
1638784252.0,311000111.0,37.811487,-122.493176,10.427629,0.822013,0.569469,80.0,275.0,48.0,0.540124,1638784252.0,367654260.0,37.830957,-122.46423,19.494138,-0.398667,-0.917096,60.0,16.0,4.0,0.4096,1638784252.0,368196320.0,37.810721,-122.494638,11.128517,0.81951,0.573065,52.0,0.0,0.0,0.561924,0.0,0.0,7.0
1638784253.0,311000111.0,37.811514,-122.493126,10.432827,0.821897,0.569636,80.0,275.0,48.0,0.538003,1638784253.0,367654260.0,37.830874,-122.464275,19.494377,-0.399577,-0.9167,60.0,16.0,4.0,0.406752,1638784253.0,368196320.0,37.81075,-122.494585,11.124668,0.819641,0.572877,52.0,0.0,0.0,0.559576,0.0,0.0,7.0
1638784254.0,311000111.0,37.811542,-122.493076,10.43849,0.821778,0.569808,80.0,275.0,48.0,0.535882,1638784254.0,367654260.0,37.830792,-122.464321,19.493598,-0.400546,-0.916277,60.0,16.0,4.0,0.403904,1638784254.0,368196320.0,37.81078,-122.494531,11.119833,0.819779,0.57268,52.0,0.0,0.0,0.557229,0.0,0.0,7.0
1638784255.0,311000111.0,37.811569,-122.493026,10.444618,0.821656,0.569984,80.0,275.0,48.0,0.533759,1638784255.0,367654260.0,37.830709,-122.464367,19.491806,-0.401575,-0.915826,60.0,16.0,4.0,0.401055,1638784255.0,368196320.0,37.810809,-122.494478,11.114014,0.819924,0.572473,52.0,0.0,0.0,0.554884,0.0,0.0,7.0
1638784256.0,311000111.0,37.811597,-122.492976,10.451211,0.821531,0.570164,80.0,275.0,48.0,0.531636,1638784256.0,367654260.0,37.830626,-122.464412,19.489004,-0.402663,-0.915348,60.0,16.0,4.0,0.398206,1638784256.0,368196320.0,37.810839,-122.494425,11.10721,0.820075,0.572256,52.0,0.0,0.0,0.552539,0.0,0.0,7.0
1638784257.0,311000111.0,37.811625,-122.492925,10.45827,0.821403,0.570348,80.0,275.0,48.0,0.529511,1638784257.0,367654260.0,37.830544,-122.464458,19.485197,-0.403812,-0.914842,60.0,16.0,4.0,0.395356,1638784257.0,368196320.0,37.810868,-122.494371,11.099421,0.820233,0.57203,52.0,0.0,0.0,0.550195,0.0,0.0,7.0
1638784258.0,311000111.0,37.811652,-122.492875,10.465794,0.821272,0.570537,80.0,275.0,48.0,0.527384,1638784258.0,367654260.0,37.830461,-122.464505,19.48039,-0.40502,-0.914308,60.0,16.0,4.0,0.392506,1638784258.0,368196320.0,37.810898,-122.494318,11.090647,0.820398,0.571793,52.0,0.0,0.0,0.547853,0.0,0.0,7.0
1638784259.0,311000111.0,37.81168,-122.492825,10.473783,0.821139,0.570729,80.0,275.0,48.0,0.525257,1638784259.0,367654260.0,37.830379,-122.464551,19.474589,-0.406288,-0.913745,60.0,16.0,4.0,0.389657,1638784259.0,368196320.0,37.810927,-122.494265,11.08089,0.82057,0.571546,52.0,0.0,0.0,0.545513,0.0,0.0,7.0
1638784260.0,311000111.0,37.811707,-122.492774,10.482238,0.821002,0.570925,80.0,275.0,48.0,0.523128,1638784260.0,367654260.0,37.830297,-122.464597,19.467797,-0.407617,-0.913153,60.0,16.0,4.0,0.386807,1638784260.0,368196320.0,37.810956,-122.494211,11.070148,0.820748,0.57129,52.0,0.0,0.0,0.543175,0.0,0.0,7.0
1638784261.0,311000111.0,37.811735,-122.492724,10.491158,0.820863,0.571125,80.0,275.0,48.0,0.520997,1638784261.0,367654260.0,37.830214,-122.464644,19.460022,-0.409006,-0.912532,60.0,16.0,4.0,0.383957,1638784261.0,368196320.0,37.810985,-122.494158,11.058421,0.820934,0.571023,52.0,0.0,0.0,0.540838,0.0,0.0,7.0
1638784262.0,311000111.0,37.811763,-122.492673,10.500544,0.820721,0.571329,80.0,275.0,48.0,0.518865,1638784262.0,367654260.0,37.830132,-122.46469,19.451269,-0.410455,-0.911881,60.0,16.0,4.0,0.381108,1638784262.0,368196320.0,37.811015,-122.494105,11.045711,0.821127,0.570745,52.0,0.0,0.0,0.538504,0.0,0.0,7.0
1638784263.0,311000111.0,37.811791,-122.492623,10.510396,0.820577,0.571536,80.0,275.0,48.0,0.51673,1638784263.0,367654260.0,37.83005,-122.464737,19.441544,-0.411965,-0.9112,60.0,16.0,4.0,0.378259,1638784263.0,368196320.0,37.811044,-122.494052,11.032017,0.821327,0.570458,52.0,0.0,0.0,0.536173,0.0,0.0,7.0
1638784264.0,311000111.0,37.811818,-122.492572,10.520712,0.820429,0.571748,80.0,275.0,48.0,0.514594,1638784264.0,367654260.0,37.829968,-122.464784,19.430854,-0.413536,-0.910488,60.0,16.0,4.0,0.375409,1638784264.0,368196320.0,37.811073,-122.493999,11.017339,0.821534,0.570159,52.0,0.0,0.0,0.533844,0.0,0.0,7.0
1638784265.0,311000111.0,37.811846,-122.492522,10.531495,0.820279,0.571963,80.0,275.0,48.0,0.512456,1638784265.0,367654260.0,37.829886,-122.464831,19.419205,-0.415168,-0.909745,60.0,16.0,4.0,0.372561,1638784265.0,368196320.0,37.811102,-122.493946,11.001678,0.821748,0.56985,52.0,0.0,0.0,0.531518,0.0,0.0,7.0
1638784266.0,311000111.0,37.811874,-122.492471,10.542743,0.820127,0.572182,80.0,275.0,48.0,0.510316,1638784266.0,367654260.0,37.829805,-122.464878,19.406605,-0.416862,-0.90897,60.0,16.0,4.0,0.369712,1638784266.0,368196320.0,37.811131,-122.493893,10.985033,0.82197,0.569531,52.0,0.0,0.0,0.529196,0.0,0.0,7.0
1638784267.0,311000111.0,37.811902,-122.492421,10.554457,0.819971,0.572405,80.0,275.0,48.0,0.508174,1638784267.0,367654260.0,37.829723,-122.464926,19.39306,-0.418617,-0.908163,60.0,16.0,4.0,0.366864,1638784267.0,368196320.0,37.81116,-122.49384,10.96762,0.822196,0.569204,52.0,0.0,0.0,0.526876,0.0,0.0,7.0
1638784268.0,311000111.0,37.81193,-122.49237,10.56652,0.819814,0.57263,80.0,275.0,48.0,0.506029,1638784268.0,367654260.0,37.829642,-122.464973,19.37858,-0.420433,-0.907324,60.0,16.0,4.0,0.364016,1638784268.0,368196320.0,37.811189,-122.493787,10.950302,0.822414,0.56889,52.0,0.0,0.0,0.52456,0.0,0.0,7.0
1638784269.0,311000111.0,37.811958,-122.492319,10.578465,0.819659,0.572852,80.0,275.0,48.0,0.503882,1638784269.0,367654260.0,37.82956,-122.465021,19.36317,-0.422312,-0.906451,60.0,16.0,4.0,0.361169,1638784269.0,368196320.0,37.811218,-122.493734,10.933293,0.82262,0.568591,52.0,0.0,0.0,0.522248,0.0,0.0,7.0
1638784270.0,311000111.0,37.811986,-122.492268,10.590176,0.819507,0.573069,80.0,275.0,48.0,0.501733,1638784270.0,367654260.0,37.829479,-122.465069,19.346841,-0.424252,-0.905544,60.0,16.0,4.0,0.358323,1638784270.0,368196320.0,37.811246,-122.493682,10.916594,0.822815,0.568309,52.0,0.0,0.0,0.519939,0.0,0.0,7.0
1638784271.0,311000111.0,37.812014,-122.492218,10.601653,0.819358,0.573283,80.0,275.0,48.0,0.499582,1638784271.0,367654260.0,37.829398,-122.465117,19.3296,-0.426255,-0.904603,60.0,16.0,4.0,0.355477,1638784271.0,368196320.0,37.811275,-122.493629,10.900205,0.822998,0.568044,52.0,0.0,0.0,0.517633,0.0,0.0,7.0
1638784272.0,311000111.0,37.812042,-122.492167,10.612895,0.819211,0.573492,80.0,275.0,48.0,0.497428,1638784272.0,367654260.0,37.829317,-122.465165,19.311456,-0.428321,-0.903627,60.0,16.0,4.0,0.352632,1638784272.0,368196320.0,37.811304,-122.493577,10.884124,0.82317,0.567795,52.0,0.0,0.0,0.515331,0.0,0.0,7.0
1638784273.0,311000111.0,37.81207,-122.492116,10.623903,0.819068,0.573697,80.0,275.0,48.0,0.495272,1638784273.0,367654260.0,37.829236,-122.465214,19.292419,-0.430449,-0.902615,60.0,16.0,4.0,0.349788,1638784273.0,368196320.0,37.811332,-122.493524,10.868352,0.82333,0.567563,52.0,0.0,0.0,0.513032,0.0,0.0,7.0
1638784274.0,311000111.0,37.812099,-122.492065,10.634677,0.818927,0.573898,80.0,275.0,48.0,0.493114,1638784274.0,367654260.0,37.829156,-122.465262,19.272498,-0.432641,-0.901566,60.0,16.0,4.0,0.346944,1638784274.0,368196320.0,37.811361,-122.493472,10.852889,0.823478,0.567348,52.0,0.0,0.0,0.510736,0.0,0.0,7.0
1638784275.0,311000111.0,37.812127,-122.492014,10.645217,0.818789,0.574095,80.0,275.0,48.0,0.490954,1638784275.0,367654260.0,37.829075,-122.465311,19.251703,-0.434896,-0.90048,60.0,16.0,4.0,0.344101,1638784275.0,368196320.0,37.811389,-122.493419,10.837735,0.823615,0.567149,52.0,0.0,0.0,0.508443,0.0,0.0,7.0
1638784276.0,311000111.0,37.812155,-122.491963,10.655522,0.818654,0.574287,80.0,275.0,48.0,0.488793,1638784276.0,367654260.0,37.828995,-122.46536,19.230044,-0.437215,-0.899357,60.0,16.0,4.0,0.341259,1638784276.0,368196320.0,37.811418,-122.493367,10.822888,0.82374,0.566968,52.0,0.0,0.0,0.506153,0.0,0.0,7.0
1638784277.0,311000111.0,37.812183,-122.491912,10.665592,0.818522,0.574476,80.0,275.0,48.0,0.486629,1638784277.0,367654260.0,37.828915,-122.465409,19.207533,-0.439598,-0.898194,60.0,16.0,4.0,0.338418,1638784277.0,368196320.0,37.811446,-122.493315,10.80835,0.823853,0.566804,52.0,0.0,0.0,0.503867,0.0,0.0,7.0
1638784278.0,311000111.0,37.812212,-122.491861,10.675428,0.818392,0.57466,80.0,275.0,48.0,0.484463,1638784278.0,367654260.0,37.828835,-122.465459,19.184179,-0.442046,-0.896993,60.0,16.0,4.0,0.335578,1638784278.0,368196320.0,37.811475,-122.493263,10.79412,0.823954,0.566657,52.0,0.0,0.0,0.501583,0.0,0.0,7.0
1638784279.0,311000111.0,37.81224,-122.49181,10.685029,0.818265,0.574841,80.0,275.0,48.0,0.482295,1638784279.0,367654260.0,37.828756,-122.465508,19.159994,-0.444558,-0.89575,60.0,16.0,4.0,0.332739,1638784279.0,368196320.0,37.811503,-122.493211,10.780198,0.824043,0.566527,52.0,0.0,0.0,0.499302,0.0,0.0,7.0
1638784280.0,311000111.0,37.812269,-122.491758,10.694396,0.818141,0.575017,80.0,275.0,48.0,0.480125,1638784280.0,367654260.0,37.828676,-122.465558,19.13499,-0.447135,-0.894467,60.0,16.0,4.0,0.329901,1638784280.0,368196320.0,37.811531,-122.493159,10.766584,0.82412,0.566415,52.0,0.0,0.0,0.497024,0.0,0.0,7.0
1638784281.0,311000111.0,37.812297,-122.491707,10.703528,0.81802,0.57519,80.0,275.0,48.0,0.477954,1638784281.0,367654260.0,37.828597,-122.465608,19.109179,-0.449777,-0.893141,60.0,16.0,4.0,0.327064,1638784281.0,368196320.0,37.811559,-122.493107,10.753277,0.824185,0.56632,52.0,0.0,0.0,0.494749,0.0,0.0,7.0
1638784282.0,311000111.0,37.812325,-122.491656,10.712426,0.817902,0.575358,80.0,275.0,48.0,0.475781,1638784282.0,367654260.0,37.828518,-122.465659,19.082574,-0.452484,-0.891772,60.0,16.0,4.0,0.324228,1638784282.0,368196320.0,37.811588,-122.493055,10.740278,0.824238,0.566243,52.0,0.0,0.0,0.492477,0.0,0.0,7.0
1638784283.0,311000111.0,37.812354,-122.491604,10.721089,0.817786,0.575523,80.0,275.0,48.0,0.473606,1638784283.0,367654260.0,37.828439,-122.465709,19.055187,-0.455257,-0.89036,60.0,16.0,4.0,0.321394,1638784283.0,368196320.0,37.811616,-122.493003,10.727587,0.824279,0.566184,52.0,0.0,0.0,0.490207,0.0,0.0,7.0
1638784284.0,311000111.0,37.812383,-122.491553,10.729517,0.817673,0.575683,80.0,275.0,48.0,0.47143,1638784284.0,367654260.0,37.828361,-122.46576,19.027031,-0.458097,-0.888902,60.0,16.0,4.0,0.31856,1638784284.0,368196320.0,37.811644,-122.492951,10.715203,0.824308,0.566142,52.0,0.0,0.0,0.48794,0.0,0.0,7.0
1638784285.0,311000111.0,37.812411,-122.491502,10.73771,0.817562,0.57584,80.0,275.0,48.0,0.469252,1638784285.0,367654260.0,37.828283,-122.465811,18.998121,-0.461003,-0.887399,60.0,16.0,4.0,0.315728,1638784285.0,368196320.0,37.811672,-122.4929,10.703126,0.824325,0.566118,52.0,0.0,0.0,0.485676,0.0,0.0,7.0
1638784286.0,311000111.0,37.81244,-122.49145,10.745669,0.817455,0.575993,80.0,275.0,48.0,0.467072,1638784286.0,367654260.0,37.828205,-122.465863,18.96847,-0.463976,-0.885848,60.0,16.0,4.0,0.312897,1638784286.0,368196320.0,37.8117,-122.492848,10.691357,0.824329,0.566111,52.0,0.0,0.0,0.483414,0.0,0.0,7.0
1638784287.0,311000111.0,37.812468,-122.491399,10.753392,0.81735,0.576142,80.0,275.0,48.0,0.464891,1638784287.0,367654260.0,37.828127,-122.465914,18.938093,-0.467015,-0.884249,60.0,16.0,4.0,0.310067,1638784287.0,368196320.0,37.811728,-122.492796,10.679896,0.824321,0.566123,52.0,0.0,0.0,0.481155,0.0,0.0,7.0
1638784288.0,311000111.0,37.812497,-122.491347,10.760881,0.817247,0.576287,80.0,275.0,48.0,0.462708,1638784288.0,367654260.0,37.828049,-122.465966,18.907005,-0.470122,-0.882601,60.0,16.0,4.0,0.307239,1638784288.0,368196320.0,37.811756,-122.492745,10.668742,0.824301,0.566152,52.0,0.0,0.0,0.478898,0.0,0.0,7.0
1638784289.0,311000111.0,37.812526,-122.491296,10.768136,0.817147,0.576429,80.0,275.0,48.0,0.460524,1638784289.0,367654260.0,37.827972,-122.466018,18.875221,-0.473297,-0.880903,60.0,16.0,4.0,0.304412,1638784289.0,368196320.0,37.811784,-122.492693,10.657895,0.824268,0.5662,52.0,0.0,0.0,0.476643,0.0,0.0,7.0
1638784290.0,311000111.0,37.812554,-122.491244,10.775155,0.81705,0.576566,80.0,275.0,48.0,0.458339,1638784290.0,367654260.0,37.827895,-122.46607,18.842757,-0.47654,-0.879153,60.0,16.0,4.0,0.301586,1638784290.0,368196320.0,37.811812,-122.492642,10.647356,0.824223,0.566265,52.0,0.0,0.0,0.474391,0.0,0.0,7.0
1638784291.0,311000111.0,37.812583,-122.491193,10.781939,0.816956,0.5767,80.0,275.0,48.0,0.456152,1638784291.0,367654260.0,37.827819,-122.466123,18.80963,-0.479851,-0.87735,60.0,16.0,4.0,0.298761,1638784291.0,368196320.0,37.81184,-122.49259,10.637125,0.824166,0.566349,52.0,0.0,0.0,0.472141,0.0,0.0,7.0
1638784292.0,311000111.0,37.812612,-122.491141,10.788489,0.816864,0.57683,80.0,275.0,48.0,0.453964,1638784292.0,367654260.0,37.827742,-122.466176,18.775856,-0.48323,-0.875493,60.0,16.0,4.0,0.295938,1638784292.0,368196320.0,37.811867,-122.492539,10.627201,0.824096,0.566451,52.0,0.0,0.0,0.469894,0.0,0.0,7.0
1638784293.0,311000111.0,37.812641,-122.49109,10.794803,0.816775,0.576957,80.0,275.0,48.0,0.451774,1638784293.0,367654260.0,37.827666,-122.466229,18.741453,-0.486678,-0.873581,60.0,16.0,4.0,0.293117,1638784293.0,368196320.0,37.811895,-122.492488,10.617585,0.824013,0.566571,52.0,0.0,0.0,0.467648,0.0,0.0,7.0
1638784294.0,311000111.0,37.81267,-122.491038,10.800883,0.816688,0.577079,80.0,275.0,48.0,0.449584,1638784294.0,367654260.0,37.827591,-122.466282,18.706438,-0.490195,-0.871613,60.0,16.0,4.0,0.290297,1638784294.0,368196320.0,37.811923,-122.492436,10.608276,0.823918,0.566709,52.0,0.0,0.0,0.465405,0.0,0.0,7.0
1638784295.0,311000111.0,37.812698,-122.490986,10.806727,0.816604,0.577198,80.0,275.0,48.0,0.447392,1638784295.0,367654260.0,37.827515,-122.466336,18.670829,-0.493782,-0.869586,60.0,16.0,4.0,0.287478,1638784295.0,368196320.0,37.811951,-122.492385,10.599276,0.823811,0.566865,52.0,0.0,0.0,0.463163,0.0,0.0,7.0
1638784296.0,311000111.0,37.812727,-122.490935,10.812337,0.816523,0.577313,80.0,275.0,48.0,0.4452,1638784296.0,367654260.0,37.82744,-122.46639,18.634311,-0.497414,-0.867513,60.0,16.0,4.0,0.284661,1638784296.0,368196320.0,37.811979,-122.492334,10.590584,0.823691,0.567039,52.0,0.0,0.0,0.460924,0.0,0.0,7.0
1638784297.0,311000111.0,37.812756,-122.490883,10.817711,0.816444,0.577425,80.0,275.0,48.0,0.443006,1638784297.0,367654260.0,37.827365,-122.466444,18.595549,-0.500999,-0.865448,60.0,16.0,4.0,0.281845,1638784297.0,368196320.0,37.812007,-122.492283,10.5822,0.823558,0.567232,52.0,0.0,0.0,0.458686,0.0,0.0,7.0
1638784298.0,311000111.0,37.812785,-122.490831,10.822851,0.816368,0.577533,80.0,275.0,48.0,0.440811,1638784298.0,367654260.0,37.827291,-122.466499,18.55419,-0.504513,-0.863404,60.0,16.0,4.0,0.279031,1638784298.0,368196320.0,37.812034,-122.492232,10.574125,0.823412,0.567443,52.0,0.0,0.0,0.456451,0.0,0.0,7.0
1638784299.0,311000111.0,37.812814,-122.49078,10.827755,0.816294,0.577637,80.0,275.0,48.0,0.438615,1638784299.0,367654260.0,37.827217,-122.466554,18.510218,-0.507958,-0.861382,60.0,16.0,4.0,0.27622,1638784299.0,368196320.0,37.812062,-122.492181,10.566358,0.823254,0.567673,52.0,0.0,0.0,0.454217,0.0,0.0,7.0
1638784300.0,311000111.0,37.812843,-122.490728,10.832424,0.816223,0.577737,80.0,275.0,48.0,0.436418,1638784300.0,367654260.0,37.827143,-122.466609,18.463613,-0.511336,-0.859381,60.0,16.0,4.0,0.273412,1638784300.0,368196320.0,37.81209,-122.49213,10.558899,0.823083,0.567921,52.0,0.0,0.0,0.451985,0.0,0.0,7.0
1638784301.0,311000111.0,37.812872,-122.490676,10.836859,0.816154,0.577834,80.0,275.0,48.0,0.434221,1638784301.0,367654260.0,37.827069,-122.466664,18.41436,-0.514649,-0.857401,60.0,16.0,4.0,0.270607,1638784301.0,368196320.0,37.812118,-122.492079,10.55175,0.8229,0.568187,52.0,0.0,0.0,0.449755,0.0,0.0,7.0
1638784302.0,311000111.0,37.812901,-122.490624,10.841058,0.816088,0.577928,80.0,275.0,48.0,0.432023,1638784302.0,367654260.0,37.826996,-122.46672,18.362442,-0.517897,-0.855443,60.0,16.0,4.0,0.267806,1638784302.0,368196320.0,37.812145,-122.492028,10.54491,0.822703,0.568471,52.0,0.0,0.0,0.447526,0.0,0.0,7.0
1638784303.0,311000111.0,37.81293,-122.490572,10.845022,0.816025,0.578017,80.0,275.0,48.0,0.429823,1638784303.0,367654260.0,37.826924,-122.466775,18.307843,-0.521082,-0.853507,60.0,16.0,4.0,0.265009,1638784303.0,368196320.0,37.812173,-122.491978,10.53838,0.822494,0.568774,52.0,0.0,0.0,0.4453,0.0,0.0,7.0
1638784304.0,311000111.0,37.812959,-122.490521,10.848751,0.815964,0.578103,80.0,275.0,48.0,0.427623,1638784304.0,367654260.0,37.826851,-122.466831,18.250547,-0.524205,-0.851592,60.0,16.0,4.0,0.262218,1638784304.0,368196320.0,37.812201,-122.491927,10.532159,0.822272,0.569095,52.0,0.0,0.0,0.443074,0.0,0.0,7.0
1638784305.0,311000111.0,37.812988,-122.490469,10.852244,0.815905,0.578186,80.0,275.0,48.0,0.425423,1638784305.0,367654260.0,37.82678,-122.466887,18.190539,-0.527267,-0.849699,60.0,16.0,4.0,0.259432,1638784305.0,368196320.0,37.812229,-122.491876,10.526248,0.822037,0.569434,52.0,0.0,0.0,0.44085,0.0,0.0,7.0
1638784306.0,311000111.0,37.813017,-122.490417,10.855503,0.815849,0.578265,80.0,275.0,48.0,0.423222,1638784306.0,367654260.0,37.826708,-122.466943,18.127805,-0.530271,-0.847829,60.0,16.0,4.0,0.256652,1638784306.0,368196320.0,37.812256,-122.491825,10.520648,0.821789,0.569792,52.0,0.0,0.0,0.438628,0.0,0.0,7.0
1638784307.0,311000111.0,37.813046,-122.490365,10.858526,0.815796,0.57834,80.0,275.0,48.0,0.42102,1638784307.0,367654260.0,37.826637,-122.467,18.06233,-0.533215,-0.84598,60.0,16.0,4.0,0.253878,1638784307.0,368196320.0,37.812284,-122.491775,10.515358,0.821528,0.570168,52.0,0.0,0.0,0.436407,0.0,0.0,7.0
1638784308.0,311000111.0,37.813075,-122.490313,10.861314,0.815745,0.578412,80.0,275.0,48.0,0.418817,1638784308.0,367654260.0,37.826566,-122.467056,17.9941,-0.536103,-0.844152,60.0,16.0,4.0,0.251112,1638784308.0,368196320.0,37.812312,-122.491724,10.510379,0.821255,0.570562,52.0,0.0,0.0,0.434188,0.0,0.0,7.0
1638784309.0,311000111.0,37.813104,-122.490261,10.863867,0.815696,0.57848,80.0,275.0,48.0,0.416614,1638784309.0,367654260.0,37.826496,-122.467113,17.923103,-0.538935,-0.842347,60.0,16.0,4.0,0.248353,1638784309.0,368196320.0,37.812339,-122.491674,10.505711,0.820968,0.570974,52.0,0.0,0.0,0.431969,0.0,0.0,7.0
1638784310.0,311000111.0,37.813133,-122.490209,10.866184,0.815651,0.578545,80.0,275.0,48.0,0.414411,1638784310.0,367654260.0,37.826426,-122.467169,17.849325,-0.541712,-0.840564,60.0,16.0,4.0,0.245602,1638784310.0,368196320.0,37.812367,-122.491623,10.501355,0.820668,0.571405,52.0,0.0,0.0,0.429752,0.0,0.0,7.0
1638784311.0,311000111.0,37.813162,-122.490157,10.868267,0.815607,0.578606,80.0,275.0,48.0,0.412207,1638784311.0,367654260.0,37.826357,-122.467226,17.772753,-0.544434,-0.838803,60.0,16.0,4.0,0.24286,1638784311.0,368196320.0,37.812395,-122.491573,10.49731,0.820356,0.571853,52.0,0.0,0.0,0.427536,0.0,0.0,7.0
1638784312.0,311000111.0,37.813191,-122.490106,10.870114,0.815566,0.578664,80.0,275.0,48.0,0.410003,1638784312.0,367654260.0,37.826288,-122.467282,17.693376,-0.547104,-0.837064,60.0,16.0,4.0,0.240126,1638784312.0,368196320.0,37.812423,-122.491522,10.493578,0.82003,0.57232,52.0,0.0,0.0,0.425322,0.0,0.0,7.0
1638784313.0,311000111.0,37.81322,-122.490054,10.871726,0.815528,0.578718,80.0,275.0,48.0,0.407798,1638784313.0,367654260.0,37.826219,-122.467339,17.611181,-0.549722,-0.835348,60.0,16.0,4.0,0.237402,1638784313.0,368196320.0,37.812451,-122.491472,10.490159,0.819692,0.572805,52.0,0.0,0.0,0.423108,0.0,0.0,7.0
1638784314.0,311000111.0,37.813249,-122.490002,10.873102,0.815492,0.578768,80.0,275.0,48.0,0.405594,1638784314.0,367654260.0,37.826151,-122.467396,17.526157,-0.552289,-0.833653,60.0,16.0,4.0,0.234689,1638784314.0,368196320.0,37.812478,-122.491421,10.487053,0.81934,0.573308,52.0,0.0,0.0,0.420895,0.0,0.0,7.0
1638784315.0,311000111.0,37.813279,-122.48995,10.874244,0.815459,0.578815,80.0,275.0,48.0,0.403389,1638784315.0,367654260.0,37.826084,-122.467453,17.438292,-0.554805,-0.831981,60.0,16.0,4.0,0.231985,1638784315.0,368196320.0,37.812506,-122.491371,10.48426,0.818975,0.573829,52.0,0.0,0.0,0.418684,0.0,0.0,7.0
1638784316.0,311000111.0,37.813308,-122.489898,10.87515,0.815428,0.578859,80.0,275.0,48.0,0.401183,1638784316.0,367654260.0,37.826016,-122.467509,17.347575,-0.557271,-0.83033,60.0,16.0,4.0,0.229293,1638784316.0,368196320.0,37.812534,-122.491321,10.481782,0.818598,0.574367,52.0,0.0,0.0,0.416473,0.0,0.0,7.0
1638784317.0,311000111.0,37.813337,-122.489846,10.875821,0.815399,0.578899,80.0,275.0,48.0,0.398978,1638784317.0,367654260.0,37.82595,-122.467566,17.253997,-0.559689,-0.828702,60.0,16.0,4.0,0.226613,1638784317.0,368196320.0,37.812562,-122.491271,10.479618,0.818207,0.574924,52.0,0.0,0.0,0.414263,0.0,0.0,7.0
1638784318.0,311000111.0,37.813366,-122.489794,10.876256,0.815373,0.578936,80.0,275.0,48.0,0.396773,1638784318.0,367654260.0,37.825884,-122.467622,17.157546,-0.562059,-0.827097,60.0,16.0,4.0,0.223945,1638784318.0,368196320.0,37.81259,-122.49122,10.477768,0.817803,0.575498,52.0,0.0,0.0,0.412054,0.0,0.0,7.0
1638784319.0,311000111.0,37.813395,-122.489742,10.876456,0.81535,0.578969,80.0,275.0,48.0,0.394567,1638784319.0,367654260.0,37.825818,-122.467679,17.058212,-0.564382,-0.825514,60.0,16.0,4.0,0.221289,1638784319.0,368196320.0,37.812618,-122.49117,10.476235,0.817386,0.576091,52.0,0.0,0.0,0.409846,0.0,0.0,7.0
1638784320.0,311000111.0,37.813424,-122.48969,10.876421,0.815329,0.578998,80.0,275.0,48.0,0.392362,1638784320.0,367654260.0,37.825753,-122.467735,16.955986,-0.566658,-0.823953,60.0,16.0,4.0,0.218646,1638784320.0,368196320.0,37.812646,-122.49112,10.475017,0.816956,0.5767,52.0,0.0,0.0,0.407639,0.0,0.0,7.0
1638784321.0,311000111.0,37.813453,-122.489638,10.876151,0.81531,0.579024,80.0,275.0,48.0,0.390156,1638784321.0,367654260.0,37.825688,-122.467792,16.850858,-0.568889,-0.822414,60.0,16.0,4.0,0.216018,1638784321.0,368196320.0,37.812673,-122.49107,10.474115,0.816513,0.577328,52.0,0.0,0.0,0.405432,0.0,0.0,7.0
1638784322.0,311000111.0,37.813482,-122.489586,10.875645,0.815294,0.579047,80.0,275.0,48.0,0.387951,1638784322.0,367654260.0,37.825624,-122.467848,16.742819,-0.571074,-0.820899,60.0,16.0,4.0,0.213403,1638784322.0,368196320.0,37.812701,-122.49102,10.473531,0.816056,0.577972,52.0,0.0,0.0,0.403226,0.0,0.0,7.0
1638784323.0,311000111.0,37.813512,-122.489534,10.874904,0.815281,0.579066,80.0,275.0,48.0,0.385746,1638784323.0,367654260.0,37.82556,-122.467904,16.63186,-0.573214,-0.819406,60.0,16.0,4.0,0.210803,1638784323.0,368196320.0,37.812729,-122.49097,10.473264,0.815587,0.578635,52.0,0.0,0.0,0.40102,0.0,0.0,7.0
1638784324.0,311000111.0,37.813541,-122.489482,10.873927,0.81527,0.579082,80.0,275.0,48.0,0.383541,1638784324.0,367654260.0,37.825497,-122.46796,16.517973,-0.57531,-0.817935,60.0,16.0,4.0,0.208219,1638784324.0,368196320.0,37.812758,-122.49092,10.473315,0.815104,0.579314,52.0,0.0,0.0,0.398815,0.0,0.0,7.0
1638784325.0,311000111.0,37.81357,-122.48943,10.872715,0.815261,0.579094,80.0,275.0,48.0,0.381336,1638784325.0,367654260.0,37.825435,-122.468015,16.401148,-0.577362,-0.816488,60.0,16.0,4.0,0.20565,1638784325.0,368196320.0,37.812786,-122.49087,10.473684,0.814609,0.580011,52.0,0.0,0.0,0.39661,0.0,0.0,7.0
1638784326.0,311000111.0,37.813599,-122.489379,10.871268,0.815255,0.579102,80.0,275.0,48.0,0.379131,1638784326.0,367654260.0,37.825373,-122.468071,16.281377,-0.579371,-0.815064,60.0,16.0,4.0,0.203098,1638784326.0,368196320.0,37.812814,-122.49082,10.474373,0.8141,0.580725,52.0,0.0,0.0,0.394406,0.0,0.0,7.0
1638784327.0,311000111.0,37.813628,-122.489327,10.869586,0.815251,0.579107,80.0,275.0,48.0,0.376927,1638784327.0,367654260.0,37.825312,-122.468126,16.158653,-0.581338,-0.813662,60.0,16.0,4.0,0.200562,1638784327.0,368196320.0,37.812842,-122.49077,10.475382,0.813578,0.581456,52.0,0.0,0.0,0.392202,0.0,0.0,7.0
1638784328.0,311000111.0,37.813657,-122.489275,10.867668,0.81525,0.579109,80.0,275.0,48.0,0.374723,1638784328.0,367654260.0,37.825251,-122.468181,16.032968,-0.583262,-0.812284,60.0,16.0,4.0,0.198044,1638784328.0,368196320.0,37.81287,-122.49072,10.476667,0.813048,0.582197,52.0,0.0,0.0,0.389998,0.0,0.0,7.0
1638784329.0,311000111.0,37.813686,-122.489223,10.865515,0.815251,0.579107,80.0,275.0,48.0,0.37252,1638784329.0,367654260.0,37.82519,-122.468236,15.904314,-0.585143,-0.81093,60.0,16.0,4.0,0.195544,1638784329.0,368196320.0,37.812898,-122.49067,10.478058,0.812528,0.582922,52.0,0.0,0.0,0.387795,0.0,0.0,7.0
1638784330.0,311000111.0,37.813716,-122.489171,10.863127,0.815255,0.579102,80.0,275.0,48.0,0.370317,1638784330.0,367654260.0,37.825131,-122.46829,15.772683,-0.586983,-0.809599,60.0,16.0,4.0,0.193062,1638784330.0,368196320.0,37.812926,-122.49062,10.47951,0.812023,0.583625,52.0,0.0,0.0,0.385591,0.0,0.0,7.0
1638784331.0,311000111.0,37.813745,-122.489119,10.860503,0.815261,0.579093,80.0,275.0,48.0,0.368114,1638784331.0,367654260.0,37.825072,-122.468344,15.638069,-0.588782,-0.808292,60.0,16.0,4.0,0.190599,1638784331.0,368196320.0,37.812955,-122.49057,10.481022,0.811533,0.584306,52.0,0.0,0.0,0.383388,0.0,0.0,7.0
1638784332.0,311000111.0,37.813774,-122.489067,10.857644,0.81527,0.579081,80.0,275.0,48.0,0.365912,1638784332.0,367654260.0,37.825013,-122.468398,15.500464,-0.590539,-0.807009,60.0,16.0,4.0,0.188156,1638784332.0,368196320.0,37.812983,-122.490521,10.482594,0.811058,0.584965,52.0,0.0,0.0,0.381185,0.0,0.0,7.0
1638784333.0,311000111.0,37.813803,-122.489015,10.854549,0.815281,0.579065,80.0,275.0,48.0,0.363711,1638784333.0,367654260.0,37.824955,-122.468452,15.359862,-0.592255,-0.80575,60.0,16.0,4.0,0.185732,1638784333.0,368196320.0,37.813011,-122.490471,10.484225,0.810599,0.585602,52.0,0.0,0.0,0.378983,0.0,0.0,7.0
1638784334.0,311000111.0,37.813832,-122.488964,10.85122,0.815295,0.579045,80.0,275.0,48.0,0.36151,1638784334.0,367654260.0,37.824898,-122.468505,15.216256,-0.59393,-0.804516,60.0,16.0,4.0,0.18333,1638784334.0,368196320.0,37.81304,-122.490421,10.485914,0.810155,0.586216,52.0,0.0,0.0,0.37678,0.0,0.0,7.0
1638784335.0,311000111.0,37.813861,-122.488912,10.847655,0.815312,0.579023,80.0,275.0,48.0,0.35931,1638784335.0,367654260.0,37.824841,-122.468558,15.06964,-0.595565,-0.803307,60.0,16.0,4.0,0.180948,1638784335.0,368196320.0,37.813068,-122.490371,10.487661,0.809726,0.586809,52.0,0.0,0.0,0.374578,0.0,0.0,7.0
1638784336.0,311000111.0,37.81389,-122.48886,10.843892,0.815331,0.578995,80.0,275.0,48.0,0.357111,1638784336.0,367654260.0,37.824785,-122.468611,14.920007,-0.597158,-0.802124,60.0,16.0,4.0,0.178588,1638784336.0,368196320.0,37.813097,-122.490322,10.489465,0.809312,0.587379,52.0,0.0,0.0,0.372375,0.0,0.0,7.0
1638784337.0,311000111.0,37.813919,-122.488808,10.840081,0.815358,0.578958,80.0,275.0,48.0,0.354912,1638784337.0,367654260.0,37.82473,-122.468663,14.767352,-0.598711,-0.800965,60.0,16.0,4.0,0.17625,1638784337.0,368196320.0,37.813125,-122.490272,10.491325,0.808914,0.587927,52.0,0.0,0.0,0.370173,0.0,0.0,7.0
1638784338.0,311000111.0,37.813948,-122.488756,10.836259,0.815392,0.57891,80.0,275.0,48.0,0.352714,1638784338.0,367654260.0,37.824675,-122.468715,14.611668,-0.600222,-0.799833,60.0,16.0,4.0,0.173935,1638784338.0,368196320.0,37.813154,-122.490222,10.493242,0.808531,0.588454,52.0,0.0,0.0,0.367971,0.0,0.0,7.0
1638784339.0,311000111.0,37.813977,-122.488705,10.832428,0.815433,0.578851,80.0,275.0,48.0,0.350517,1638784339.0,367654260.0,37.824621,-122.468766,14.45295,-0.601693,-0.798728,60.0,16.0,4.0,0.171643,1638784339.0,368196320.0,37.813182,-122.490172,10.495214,0.808164,0.588958,52.0,0.0,0.0,0.365768,0.0,0.0,7.0
1638784340.0,311000111.0,37.814006,-122.488653,10.828585,0.815483,0.578782,80.0,275.0,48.0,0.348321,1638784340.0,367654260.0,37.824568,-122.468817,14.291192,-0.603122,-0.797649,60.0,16.0,4.0,0.169375,1638784340.0,368196320.0,37.813211,-122.490123,10.49724,0.807812,0.58944,52.0,0.0,0.0,0.363566,0.0,0.0,7.0
1638784341.0,311000111.0,37.814035,-122.488601,10.824733,0.81554,0.578701,80.0,275.0,48.0,0.346126,1638784341.0,367654260.0,37.824515,-122.468868,14.126389,-0.60451,-0.796598,60.0,16.0,4.0,0.167131,1638784341.0,368196320.0,37.81324,-122.490073,10.499321,0.807476,0.589901,52.0,0.0,0.0,0.361364,0.0,0.0,7.0
1638784342.0,311000111.0,37.814064,-122.48855,10.820869,0.815604,0.57861,80.0,275.0,48.0,0.343931,1638784342.0,367654260.0,37.824463,-122.468918,13.958536,-0.605855,-0.795575,60.0,16.0,4.0,0.164911,1638784342.0,368196320.0,37.813268,-122.490023,10.501456,0.807155,0.59034,52.0,0.0,0.0,0.359161,0.0,0.0,7.0
1638784343.0,311000111.0,37.814093,-122.488498,10.816996,0.815677,0.578508,80.0,275.0,48.0,0.341737,1638784343.0,367654260.0,37.824412,-122.468967,13.787627,-0.607159,-0.794581,60.0,16.0,4.0,0.162718,1638784343.0,368196320.0,37.813297,-122.489974,10.503644,0.80685,0.590757,52.0,0.0,0.0,0.356959,0.0,0.0,7.0
1638784344.0,311000111.0,37.814122,-122.488446,10.813112,0.815757,0.578395,80.0,275.0,48.0,0.339544,1638784344.0,367654260.0,37.824361,-122.469016,13.613658,-0.608419,-0.793616,60.0,16.0,4.0,0.16055,1638784344.0,368196320.0,37.813326,-122.489924,10.505885,0.80656,0.591152,52.0,0.0,0.0,0.354756,0.0,0.0,7.0
1638784345.0,311000111.0,37.814151,-122.488395,10.809218,0.815844,0.578272,80.0,275.0,48.0,0.337351,1638784345.0,367654260.0,37.824311,-122.469065,13.436624,-0.609637,-0.792681,60.0,16.0,4.0,0.158409,1638784345.0,368196320.0,37.813354,-122.489875,10.508179,0.806287,0.591525,52.0,0.0,0.0,0.352553,0.0,0.0,7.0
1638784346.0,311000111.0,37.81418,-122.488343,10.805314,0.81594,0.578137,80.0,275.0,48.0,0.335159,1638784346.0,367654260.0,37.824262,-122.469113,13.25652,-0.61081,-0.791777,60.0,16.0,4.0,0.156294,1638784346.0,368196320.0,37.813383,-122.489825,10.510525,0.806028,0.591877,52.0,0.0,0.0,0.35035,0.0,0.0,7.0
1638784347.0,311000111.0,37.814209,-122.488291,10.8014,0.816043,0.577992,80.0,275.0,48.0,0.332968,1638784347.0,367654260.0,37.824213,-122.46916,13.073343,-0.611938,-0.790906,60.0,16.0,4.0,0.154207,1638784347.0,368196320.0,37.813412,-122.489775,10.512923,0.805786,0.592207,52.0,0.0,0.0,0.348147,0.0,0.0,7.0
1638784348.0,311000111.0,37.814238,-122.48824,10.797476,0.816154,0.577835,80.0,275.0,48.0,0.330778,1638784348.0,367654260.0,37.824165,-122.469207,12.887087,-0.613021,-0.790067,60.0,16.0,4.0,0.152148,1638784348.0,368196320.0,37.813441,-122.489726,10.515372,0.805559,0.592515,52.0,0.0,0.0,0.345944,0.0,0.0,7.0
1638784349.0,311000111.0,37.814267,-122.488188,10.793542,0.816272,0.577668,80.0,275.0,48.0,0.328588,1638784349.0,367654260.0,37.824118,-122.469253,12.697749,-0.614057,-0.789262,60.0,16.0,4.0,0.150118,1638784349.0,368196320.0,37.81347,-122.489676,10.517872,0.805348,0.592802,52.0,0.0,0.0,0.34374,0.0,0.0,7.0
1638784350.0,311000111.0,37.814295,-122.488136,10.789598,0.816398,0.577489,80.0,275.0,48.0,0.326399,1638784350.0,367654260.0,37.824072,-122.469299,12.505324,-0.615044,-0.788492,60.0,16.0,4.0,0.148117,1638784350.0,368196320.0,37.813498,-122.489627,10.520423,0.805153,0.593067,52.0,0.0,0.0,0.341536,0.0,0.0,7.0
1638784351.0,311000111.0,37.814324,-122.488085,10.785645,0.816532,0.5773,80.0,275.0,48.0,0.324211,1638784351.0,367654260.0,37.824026,-122.469344,12.30981,-0.615983,-0.787759,60.0,16.0,4.0,0.146146,1638784351.0,368196320.0,37.813527,-122.489577,10.523025,0.804974,0.59331,52.0,0.0,0.0,0.339332,0.0,0.0,7.0
1638784352.0,311000111.0,37.814353,-122.488033,10.781682,0.816674,0.5771,80.0,275.0,48.0,0.322024,1638784352.0,367654260.0,37.823981,-122.469388,12.111202,-0.616871,-0.787064,60.0,16.0,4.0,0.144204,1638784352.0,368196320.0,37.813556,-122.489527,10.525677,0.80481,0.593532,52.0,0.0,0.0,0.337128,0.0,0.0,7.0
1638784353.0,311000111.0,37.814382,-122.487982,10.777709,0.816823,0.576889,80.0,275.0,48.0,0.319837,1638784353.0,367654260.0,37.823937,-122.469432,11.909497,-0.617706,-0.786409,60.0,16.0,4.0,0.142294,1638784353.0,368196320.0,37.813585,-122.489478,10.528379,0.804662,0.593733,52.0,0.0,0.0,0.334923,0.0,0.0,7.0
1638784354.0,311000111.0,37.814411,-122.48793,10.773727,0.81698,0.576666,80.0,275.0,48.0,0.317651,1638784354.0,367654260.0,37.823894,-122.469475,11.704691,-0.618487,-0.785795,60.0,16.0,4.0,0.140415,1638784354.0,368196320.0,37.813614,-122.489428,10.531131,0.80453,0.593911,52.0,0.0,0.0,0.332718,0.0,0.0,7.0
1638784355.0,311000111.0,37.814439,-122.487879,10.769735,0.817144,0.576433,80.0,275.0,48.0,0.315465,1638784355.0,367654260.0,37.823851,-122.469518,11.496782,-0.619212,-0.785224,60.0,16.0,4.0,0.138567,1638784355.0,368196320.0,37.813643,-122.489378,10.533933,0.804414,0.594069,52.0,0.0,0.0,0.330512,0.0,0.0,7.0
1638784356.0,311000111.0,37.814468,-122.487827,10.765735,0.817317,0.576189,80.0,275.0,48.0,0.313281,1638784356.0,367654260.0,37.82381,-122.469559,11.285767,-0.619878,-0.784698,60.0,16.0,4.0,0.136753,1638784356.0,368196320.0,37.813672,-122.489329,10.536784,0.804314,0.594205,52.0,0.0,0.0,0.328306,0.0,0.0,7.0
1638784357.0,311000111.0,37.814497,-122.487776,10.761725,0.817497,0.575933,80.0,275.0,48.0,0.311097,1638784357.0,367654260.0,37.823769,-122.4696,11.071644,-0.620482,-0.784221,60.0,16.0,4.0,0.134971,1638784357.0,368196320.0,37.813701,-122.489279,10.539684,0.804229,0.594319,52.0,0.0,0.0,0.3261,0.0,0.0,7.0
1638784358.0,311000111.0,37.814525,-122.487724,10.757707,0.817684,0.575667,80.0,275.0,48.0,0.308913,1638784358.0,367654260.0,37.823729,-122.46964,10.854408,-0.621022,-0.783793,60.0,16.0,4.0,0.133222,1638784358.0,368196320.0,37.81373,-122.48923,10.542634,0.80416,0.594413,52.0,0.0,0.0,0.323893,0.0,0.0,7.0
1638784359.0,311000111.0,37.814554,-122.487673,10.753679,0.81788,0.575389,80.0,275.0,48.0,0.306731,1638784359.0,367654260.0,37.823689,-122.46968,10.63406,-0.621494,-0.783419,60.0,16.0,4.0,0.131507,1638784359.0,368196320.0,37.813759,-122.48918,10.545633,0.804107,0.594484,52.0,0.0,0.0,0.321686,0.0,0.0,7.0
1638784360.0,311000111.0,37.814583,-122.487621,10.749643,0.818083,0.5751,80.0,275.0,48.0,0.304549,1638784360.0,367654260.0,37.823651,-122.469719,10.410595,-0.621895,-0.7831,60.0,16.0,4.0,0.129828,1638784360.0,368196320.0,37.813788,-122.48913,10.548681,0.80407,0.594535,52.0,0.0,0.0,0.319478,0.0,0.0,7.0
1638784361.0,311000111.0,37.814611,-122.48757,10.745599,0.818294,0.5748,80.0,275.0,48.0,0.302367,1638784361.0,367654260.0,37.823613,-122.469757,10.184014,-0.62222,-0.782842,60.0,16.0,4.0,0.128183,1638784361.0,368196320.0,37.813817,-122.489081,10.551778,0.804048,0.594564,52.0,0.0,0.0,0.31727,0.0,0.0,7.0
1638784362.0,311000111.0,37.81464,-122.487518,10.741546,0.818512,0.574489,80.0,275.0,48.0,0.300186,1638784362.0,367654260.0,37.823576,-122.469794,9.954314,-0.622465,-0.782648,60.0,16.0,4.0,0.126573,1638784362.0,368196320.0,37.813846,-122.489031,10.554924,0.804043,0.594571,52.0,0.0,0.0,0.315061,0.0,0.0,7.0
1638784363.0,311000111.0,37.814668,-122.487467,10.737486,0.818738,0.574167,80.0,275.0,48.0,0.298006,1638784363.0,367654260.0,37.82354,-122.46983,9.722769,-0.622637,-0.782511,60.0,16.0,4.0,0.125,1638784363.0,368196320.0,37.813875,-122.488981,10.558118,0.804053,0.594558,52.0,0.0,0.0,0.312852,0.0,0.0,7.0
1638784364.0,311000111.0,37.814697,-122.487415,10.733417,0.818972,0.573833,80.0,275.0,48.0,0.295827,1638784364.0,367654260.0,37.823505,-122.469865,9.494477,-0.622786,-0.782392,60.0,16.0,4.0,0.123464,1638784364.0,368196320.0,37.813904,-122.488932,10.561362,0.804079,0.594523,52.0,0.0,0.0,0.310642,0.0,0.0,7.0
1638784365.0,311000111.0,37.814725,-122.487364,10.72934,0.819214,0.573488,80.0,275.0,48.0,0.293648,1638784365.0,367654260.0,37.82347,-122.4699,9.270713,-0.622925,-0.782281,60.0,16.0,4.0,0.121964,1638784365.0,368196320.0,37.813933,-122.488882,10.564655,0.80412,0.594467,52.0,0.0,0.0,0.308431,0.0,0.0,7.0
1638784366.0,311000111.0,37.814754,-122.487312,10.725256,0.819463,0.573132,80.0,275.0,48.0,0.29147,1638784366.0,367654260.0,37.823437,-122.469934,9.051476,-0.623053,-0.782179,60.0,16.0,4.0,0.120498,1638784366.0,368196320.0,37.813962,-122.488832,10.567997,0.804177,0.59439,52.0,0.0,0.0,0.30622,0.0,0.0,7.0
1638784367.0,311000111.0,37.814782,-122.487261,10.721164,0.81972,0.572765,80.0,275.0,48.0,0.289293,1638784367.0,367654260.0,37.823404,-122.469967,8.836767,-0.623169,-0.782087,60.0,16.0,4.0,0.119068,1638784367.0,368196320.0,37.813991,-122.488782,10.571389,0.80425,0.594291,52.0,0.0,0.0,0.304008,0.0,0.0,7.0
1638784368.0,311000111.0,37.814811,-122.487209,10.717065,0.819984,0.572386,80.0,275.0,48.0,0.287116,1638784368.0,367654260.0,37.823372,-122.469999,8.626584,-0.623271,-0.782006,60.0,16.0,4.0,0.117671,1638784368.0,368196320.0,37.81402,-122.488732,10.574829,0.804339,0.594171,52.0,0.0,0.0,0.301796,0.0,0.0,7.0
1638784369.0,311000111.0,37.814839,-122.487158,10.71296,0.820257,0.571996,80.0,275.0,48.0,0.28494,1638784369.0,367654260.0,37.823341,-122.470031,8.42093,-0.623359,-0.781936,60.0,16.0,4.0,0.116308,1638784369.0,368196320.0,37.814049,-122.488683,10.578319,0.804443,0.59403,52.0,0.0,0.0,0.299582,0.0,0.0,7.0
1638784370.0,311000111.0,37.814867,-122.487106,10.708847,0.820537,0.571594,80.0,275.0,48.0,0.282764,1638784370.0,367654260.0,37.82331,-122.470061,8.219802,-0.623431,-0.781879,60.0,16.0,4.0,0.114977,1638784370.0,368196320.0,37.814078,-122.488633,10.581859,0.804563,0.593868,52.0,0.0,0.0,0.297368,0.0,0.0,7.0
1638784371.0,311000111.0,37.814896,-122.487055,10.704727,0.820824,0.571181,80.0,275.0,48.0,0.280589,1638784371.0,367654260.0,37.823281,-122.470091,8.023201,-0.623485,-0.781835,60.0,16.0,4.0,0.113678,1638784371.0,368196320.0,37.814107,-122.488583,10.585448,0.804698,0.593685,52.0,0.0,0.0,0.295153,0.0,0.0,7.0
1638784372.0,311000111.0,37.814924,-122.487003,10.700602,0.821119,0.570757,80.0,275.0,48.0,0.278414,1638784372.0,367654260.0,37.823252,-122.470121,7.831128,-0.623522,-0.781806,60.0,16.0,4.0,0.11241,1638784372.0,368196320.0,37.814136,-122.488533,10.589087,0.804849,0.59348,52.0,0.0,0.0,0.292938,0.0,0.0,7.0
1638784373.0,311000111.0,37.814952,-122.486952,10.69647,0.821422,0.570321,80.0,275.0,48.0,0.276241,1638784373.0,367654260.0,37.823223,-122.470149,7.643581,-0.623538,-0.781793,60.0,16.0,4.0,0.111172,1638784373.0,368196320.0,37.814166,-122.488483,10.592776,0.805015,0.593254,52.0,0.0,0.0,0.290721,0.0,0.0,7.0
1638784374.0,311000111.0,37.814981,-122.4869,10.692332,0.821732,0.569874,80.0,275.0,48.0,0.274067,1638784374.0,367654260.0,37.823196,-122.470177,7.460562,-0.623533,-0.781797,60.0,16.0,4.0,0.109964,1638784374.0,368196320.0,37.814195,-122.488433,10.596515,0.805197,0.593008,52.0,0.0,0.0,0.288504,0.0,0.0,7.0
1638784375.0,311000111.0,37.815009,-122.486849,10.688188,0.82205,0.569415,80.0,275.0,48.0,0.271895,1638784375.0,367654260.0,37.823169,-122.470205,7.28207,-0.623505,-0.78182,60.0,16.0,4.0,0.108785,1638784375.0,368196320.0,37.814224,-122.488383,10.600306,0.805394,0.59274,52.0,0.0,0.0,0.286286,0.0,0.0,7.0
1638784376.0,311000111.0,37.815037,-122.486797,10.684039,0.822376,0.568945,80.0,275.0,48.0,0.269723,1638784376.0,367654260.0,37.823142,-122.470231,7.108104,-0.623452,-0.781862,60.0,16.0,4.0,0.107634,1638784376.0,368196320.0,37.814253,-122.488333,10.604147,0.805607,0.592451,52.0,0.0,0.0,0.284067,0.0,0.0,7.0
1638784377.0,311000111.0,37.815065,-122.486746,10.679885,0.822709,0.568463,80.0,275.0,48.0,0.267551,1638784377.0,367654260.0,37.823117,-122.470257,6.938666,-0.623373,-0.781925,60.0,16.0,4.0,0.106511,1638784377.0,368196320.0,37.814282,-122.488283,10.608039,0.805835,0.592141,52.0,0.0,0.0,0.281847,0.0,0.0,7.0
1638784378.0,311000111.0,37.815093,-122.486695,10.675726,0.82305,0.567969,80.0,275.0,48.0,0.26538,1638784378.0,367654260.0,37.823092,-122.470282,6.773756,-0.623265,-0.782011,60.0,16.0,4.0,0.105414,1638784378.0,368196320.0,37.814311,-122.488233,10.611983,0.806078,0.591809,52.0,0.0,0.0,0.279626,0.0,0.0,7.0
1638784379.0,311000111.0,37.815121,-122.486643,10.671562,0.823398,0.567464,80.0,275.0,48.0,0.26321,1638784379.0,367654260.0,37.823067,-122.470307,6.613372,-0.623127,-0.782121,60.0,16.0,4.0,0.104344,1638784379.0,368196320.0,37.81434,-122.488183,10.615978,0.806337,0.591457,52.0,0.0,0.0,0.277404,0.0,0.0,7.0
1638784380.0,311000111.0,37.815149,-122.486592,10.667394,0.823754,0.566948,80.0,275.0,48.0,0.26104,1638784380.0,367654260.0,37.823043,-122.470331,6.457516,-0.622957,-0.782256,60.0,16.0,4.0,0.103299,1638784380.0,368196320.0,37.814369,-122.488133,10.620026,0.80661,0.591084,52.0,0.0,0.0,0.275181,0.0,0.0,7.0
1638784381.0,311000111.0,37.815177,-122.48654,10.663222,0.824117,0.566419,80.0,275.0,48.0,0.258871,1638784381.0,367654260.0,37.82302,-122.470355,6.306188,-0.622752,-0.782419,60.0,16.0,4.0,0.102279,1638784381.0,368196320.0,37.814398,-122.488083,10.624126,0.806899,0.590689,52.0,0.0,0.0,0.272957,0.0,0.0,6.998888888888889
1638784382.0,311000111.0,37.815205,-122.486489,10.659045,0.824488,0.565879,80.0,275.0,48.0,0.256702,1638784382.0,367654260.0,37.822997,-122.470378,6.159387,-0.622512,-0.782611,60.0,16.0,4.0,0.101282,1638784382.0,368196320.0,37.814427,-122.488033,10.62828,0.807203,0.590274,52.0,0.0,0.0,0.270732,0.0,0.0,6.997777777777777
1638784383.0,311000111.0,37.815233,-122.486437,10.654866,0.824867,0.565327,80.0,275.0,48.0,0.254534,1638784383.0,367654260.0,37.822975,-122.4704,6.017115,-0.622232,-0.782833,60.0,16.0,4.0,0.10031,1638784383.0,368196320.0,37.814456,-122.487982,10.632487,0.807522,0.589837,52.0,0.0,0.0,0.268506,0.0,0.0,6.996666666666667
1638784384.0,311000111.0,37.815261,-122.486386,10.650682,0.825253,0.564764,80.0,275.0,48.0,0.252366,1638784384.0,367654260.0,37.822953,-122.470422,5.879371,-0.621912,-0.783087,60.0,16.0,4.0,0.099359,1638784384.0,368196320.0,37.814485,-122.487932,10.636747,0.807856,0.58938,52.0,0.0,0.0,0.266279,0.0,0.0,6.995555555555556
1638784385.0,311000111.0,37.815289,-122.486334,10.646496,0.825646,0.564188,80.0,275.0,48.0,0.250199,1638784385.0,367654260.0,37.822932,-122.470444,5.746155,-0.62155,-0.783375,60.0,16.0,4.0,0.098431,1638784385.0,368196320.0,37.814514,-122.487882,10.641062,0.808205,0.588901,52.0,0.0,0.0,0.264051,0.0,0.0,6.9944444444444445
1638784386.0,311000111.0,37.815316,-122.486283,10.642308,0.826047,0.563601,80.0,275.0,48.0,0.248033,1638784386.0,367654260.0,37.822911,-122.470465,5.617469,-0.621142,-0.783698,60.0,16.0,4.0,0.097524,1638784386.0,368196320.0,37.814543,-122.487831,10.645432,0.808569,0.588401,52.0,0.0,0.0,0.261822,0.0,0.0,6.993333333333333
1638784387.0,311000111.0,37.815344,-122.486231,10.638116,0.826455,0.563002,80.0,275.0,48.0,0.245867,1638784387.0,367654260.0,37.82289,-122.470485,5.493312,-0.620687,-0.784059,60.0,16.0,4.0,0.096637,1638784387.0,368196320.0,37.814572,-122.487781,10.649857,0.808948,0.587881,52.0,0.0,0.0,0.259591,0.0,0.0,6.992222222222222
1638784388.0,311000111.0,37.815372,-122.48618,10.633923,0.826871,0.562391,80.0,275.0,48.0,0.243701,1638784388.0,367654260.0,37.82287,-122.470505,5.373685,-0.620182,-0.784458,60.0,16.0,4.0,0.09577,1638784388.0,368196320.0,37.814601,-122.48773,10.654339,0.809341,0.587339,52.0,0.0,0.0,0.257359,0.0,0.0,6.991111111111112
1638784389.0,311000111.0,37.8154,-122.486128,10.629728,0.827294,0.561769,80.0,275.0,48.0,0.241536,1638784389.0,367654260.0,37.822851,-122.470524,5.258588,-0.619626,-0.784898,60.0,16.0,4.0,0.094922,1638784389.0,368196320.0,37.81463,-122.48768,10.658849,0.80975,0.586775,52.0,0.0,0.0,0.255126,0.0,0.0,6.99
1638784390.0,311000111.0,37.815427,-122.486077,10.625532,0.827725,0.561134,80.0,275.0,48.0,0.239372,1638784390.0,367654260.0,37.822832,-122.470544,5.148023,-0.619016,-0.785379,60.0,16.0,4.0,0.094092,1638784390.0,368196320.0,37.814659,-122.487629,10.663283,0.810176,0.586186,52.0,0.0,0.0,0.252892,0.0,0.0,6.988888888888889
1638784391.0,311000111.0,37.815455,-122.486025,10.621334,0.828163,0.560487,80.0,275.0,48.0,0.237208,1638784391.0,367654260.0,37.822813,-122.470562,5.041989,-0.61835,-0.785903,60.0,16.0,4.0,0.09328,1638784391.0,368196320.0,37.814688,-122.487579,10.667612,0.810622,0.58557,52.0,0.0,0.0,0.250656,0.0,0.0,6.987777777777778
1638784392.0,311000111.0,37.815482,-122.485974,10.617136,0.828609,0.559828,80.0,275.0,48.0,0.235044,1638784392.0,367654260.0,37.822795,-122.47058,4.940487,-0.617627,-0.786471,60.0,16.0,4.0,0.092485,1638784392.0,368196320.0,37.814717,-122.487528,10.671839,0.811086,0.584927,52.0,0.0,0.0,0.24842,0.0,0.0,6.986666666666666
1638784393.0,311000111.0,37.81551,-122.485922,10.612938,0.829062,0.559157,80.0,275.0,48.0,0.232881,1638784393.0,367654260.0,37.822777,-122.470598,4.843519,-0.616845,-0.787085,60.0,16.0,4.0,0.091707,1638784393.0,368196320.0,37.814746,-122.487478,10.675964,0.811568,0.584258,52.0,0.0,0.0,0.246182,0.0,0.0,6.985555555555556
1638784394.0,311000111.0,37.815537,-122.485871,10.608739,0.829522,0.558474,80.0,275.0,48.0,0.230719,1638784394.0,367654260.0,37.822759,-122.470616,4.751084,-0.616002,-0.787744,60.0,16.0,4.0,0.090943,1638784394.0,368196320.0,37.814774,-122.487427,10.679988,0.812069,0.583562,52.0,0.0,0.0,0.243942,0.0,0.0,6.984444444444445
1638784395.0,311000111.0,37.815565,-122.485819,10.604541,0.829989,0.557779,80.0,275.0,48.0,0.228557,1638784395.0,367654260.0,37.822742,-122.470633,4.663184,-0.615097,-0.788451,60.0,16.0,4.0,0.090195,1638784395.0,368196320.0,37.814803,-122.487376,10.683912,0.812588,0.582839,52.0,0.0,0.0,0.241702,0.0,0.0,6.983333333333333
1638784396.0,311000111.0,37.815592,-122.485768,10.600343,0.830464,0.557072,80.0,275.0,48.0,0.226395,1638784396.0,367654260.0,37.822725,-122.47065,4.579821,-0.61413,-0.789205,60.0,16.0,4.0,0.089461,1638784396.0,368196320.0,37.814832,-122.487325,10.687737,0.813125,0.582089,52.0,0.0,0.0,0.23946,0.0,0.0,6.982222222222222
1638784397.0,311000111.0,37.815619,-122.485716,10.596147,0.830946,0.556353,80.0,275.0,48.0,0.224234,1638784397.0,367654260.0,37.822708,-122.470666,4.500993,-0.613099,-0.790006,60.0,16.0,4.0,0.08874,1638784397.0,368196320.0,37.814861,-122.487274,10.691463,0.813681,0.581312,52.0,0.0,0.0,0.237217,0.0,0.0,6.981111111111111
1638784398.0,311000111.0,37.815647,-122.485665,10.591952,0.831435,0.555621,80.0,275.0,48.0,0.222073,1638784398.0,367654260.0,37.822692,-122.470682,4.426704,-0.612004,-0.790855,60.0,16.0,4.0,0.088032,1638784398.0,368196320.0,37.81489,-122.487223,10.695093,0.814254,0.580508,52.0,0.0,0.0,0.234973,0.0,0.0,6.98
1638784399.0,311000111.0,37.815674,-122.485613,10.587759,0.831932,0.554878,80.0,275.0,48.0,0.219913,1638784399.0,367654260.0,37.822676,-122.470698,4.356953,-0.610844,-0.791751,60.0,16.0,4.0,0.087336,1638784399.0,368196320.0,37.814918,-122.487172,10.698626,0.814846,0.579678,52.0,0.0,0.0,0.232727,0.0,0.0,6.978888888888889
1638784400.0,311000111.0,37.815701,-122.485561,10.583568,0.832436,0.554122,80.0,275.0,48.0,0.217753,1638784400.0,367654260.0,37.82266,-122.470714,4.291742,-0.609622,-0.792692,60.0,16.0,4.0,0.086651,1638784400.0,368196320.0,37.814947,-122.487121,10.702063,0.815455,0.57882,52.0,0.0,0.0,0.230481,0.0,0.0,6.977777777777778
1638784401.0,311000111.0,37.815728,-122.48551,10.57938,0.832947,0.553353,80.0,275.0,48.0,0.215594,1638784401.0,367654260.0,37.822644,-122.470729,4.231072,-0.608336,-0.793679,60.0,16.0,4.0,0.085977,1638784401.0,368196320.0,37.814976,-122.48707,10.705407,0.816083,0.577935,52.0,0.0,0.0,0.228233,0.0,0.0,6.976666666666667
1638784402.0,311000111.0,37.815755,-122.485458,10.575195,0.833465,0.552572,80.0,275.0,48.0,0.213435,1638784402.0,367654260.0,37.822628,-122.470744,4.174944,-0.60699,-0.79471,60.0,16.0,4.0,0.085313,1638784402.0,368196320.0,37.815004,-122.487019,10.708658,0.816728,0.577023,52.0,0.0,0.0,0.225984,0.0,0.0,6.975555555555555
1638784403.0,311000111.0,37.815782,-122.485407,10.571013,0.83399,0.551779,80.0,275.0,48.0,0.211276,1638784403.0,367654260.0,37.822613,-122.470759,4.123359,-0.605583,-0.795782,60.0,16.0,4.0,0.084658,1638784403.0,368196320.0,37.815033,-122.486968,10.711818,0.817391,0.576084,52.0,0.0,0.0,0.223733,0.0,0.0,6.974444444444444
1638784404.0,311000111.0,37.815809,-122.485355,10.566835,0.834523,0.550974,80.0,275.0,48.0,0.209118,1638784404.0,367654260.0,37.822598,-122.470774,4.076319,-0.60412,-0.796894,60.0,16.0,4.0,0.084011,1638784404.0,368196320.0,37.815062,-122.486916,10.714886,0.818071,0.575117,52.0,0.0,0.0,0.221482,0.0,0.0,6.973333333333334
1638784405.0,311000111.0,37.815836,-122.485303,10.562662,0.835062,0.550156,80.0,275.0,48.0,0.206961,1638784405.0,367654260.0,37.822583,-122.470788,4.033824,-0.602601,-0.798042,60.0,16.0,4.0,0.083372,1638784405.0,368196320.0,37.81509,-122.486865,10.717866,0.818769,0.574123,52.0,0.0,0.0,0.219229,0.0,0.0,6.972222222222222
1638784406.0,311000111.0,37.815863,-122.485252,10.558493,0.835609,0.549325,80.0,275.0,48.0,0.204803,1638784406.0,367654260.0,37.822568,-122.470802,3.995875,-0.601032,-0.799225,60.0,16.0,4.0,0.082741,1638784406.0,368196320.0,37.815118,-122.486814,10.720757,0.819484,0.573102,52.0,0.0,0.0,0.216975,0.0,0.0,6.971111111111111
1638784407.0,311000111.0,37.81589,-122.4852,10.55436,0.83616,0.548485,80.0,275.0,48.0,0.202646,1638784407.0,367654260.0,37.822553,-122.470816,3.962473,-0.599415,-0.800439,60.0,16.0,4.0,0.082115,1638784407.0,368196320.0,37.815147,-122.486762,10.723562,0.820217,0.572053,52.0,0.0,0.0,0.214719,0.0,0.0,6.97
1638784408.0,311000111.0,37.815917,-122.485148,10.550387,0.836709,0.547648,80.0,275.0,48.0,0.20049,1638784408.0,367654260.0,37.822538,-122.47083,3.933619,-0.597754,-0.801679,60.0,16.0,4.0,0.081496,1638784408.0,368196320.0,37.815175,-122.486711,10.726282,0.820966,0.570977,52.0,0.0,0.0,0.212463,0.0,0.0,6.9688888888888885
1638784409.0,311000111.0,37.815944,-122.485097,10.546604,0.837252,0.546818,80.0,275.0,48.0,0.198334,1638784409.0,367654260.0,37.822524,-122.470844,3.909315,-0.596055,-0.802943,60.0,16.0,4.0,0.080881,1638784409.0,368196320.0,37.815204,-122.486659,10.728918,0.821733,0.569873,52.0,0.0,0.0,0.210205,0.0,0.0,6.967777777777778
1638784410.0,311000111.0,37.81597,-122.485045,10.543011,0.837789,0.545994,80.0,275.0,48.0,0.196178,1638784410.0,367654260.0,37.822509,-122.470858,3.88956,-0.594323,-0.804226,60.0,16.0,4.0,0.080271,1638784410.0,368196320.0,37.815232,-122.486608,10.731471,0.822517,0.568741,52.0,0.0,0.0,0.207946,0.0,0.0,6.966666666666667
1638784411.0,311000111.0,37.815997,-122.484993,10.539608,0.838322,0.545176,80.0,275.0,48.0,0.194022,1638784411.0,367654260.0,37.822495,-122.470871,3.874355,-0.592563,-0.805524,60.0,16.0,4.0,0.079664,1638784411.0,368196320.0,37.81526,-122.486556,10.733943,0.823317,0.567581,52.0,0.0,0.0,0.205686,0.0,0.0,6.965555555555556
1638784412.0,311000111.0,37.816023,-122.484941,10.536393,0.838849,0.544365,80.0,275.0,48.0,0.191867,1638784412.0,367654260.0,37.82248,-122.470885,3.863701,-0.590781,-0.806832,60.0,16.0,4.0,0.07906,1638784412.0,368196320.0,37.815288,-122.486504,10.736335,0.824135,0.566394,52.0,0.0,0.0,0.203424,0.0,0.0,6.964444444444444
1638784413.0,311000111.0,37.81605,-122.48489,10.533368,0.83937,0.54356,80.0,275.0,48.0,0.189712,1638784413.0,367654260.0,37.822466,-122.470898,3.857598,-0.588983,-0.808146,60.0,16.0,4.0,0.078459,1638784413.0,368196320.0,37.815316,-122.486452,10.73865,0.824969,0.565178,52.0,0.0,0.0,0.201162,0.0,0.0,6.963333333333333
1638784414.0,311000111.0,37.816076,-122.484838,10.530532,0.839887,0.542762,80.0,275.0,48.0,0.187557,1638784414.0,367654260.0,37.822452,-122.470911,3.856046,-0.587175,-0.80946,60.0,16.0,4.0,0.077859,1638784414.0,368196320.0,37.815345,-122.4864,10.740888,0.825819,0.563935,52.0,0.0,0.0,0.198898,0.0,0.0,6.962222222222223
1638784415.0,311000111.0,37.816103,-122.484786,10.527885,0.840397,0.541971,80.0,275.0,48.0,0.185402,1638784415.0,367654260.0,37.822437,-122.470925,3.859046,-0.585364,-0.810771,60.0,16.0,4.0,0.077259,1638784415.0,368196320.0,37.815373,-122.486348,10.743051,0.826686,0.562663,52.0,0.0,0.0,0.196633,0.0,0.0,6.961111111111111
1638784416.0,311000111.0,37.816129,-122.484734,10.525425,0.840903,0.541186,80.0,275.0,48.0,0.183248,1638784416.0,367654260.0,37.822423,-122.470938,3.866597,-0.583555,-0.812073,60.0,16.0,4.0,0.07666,1638784416.0,368196320.0,37.815401,-122.486296,10.745141,0.82757,0.561363,52.0,0.0,0.0,0.194366,0.0,0.0,6.96
1638784417.0,311000111.0,37.816156,-122.484682,10.523154,0.841403,0.540408,80.0,275.0,48.0,0.181093,1638784417.0,367654260.0,37.822408,-122.470951,3.8787,-0.581756,-0.813363,60.0,16.0,4.0,0.07606,1638784417.0,368196320.0,37.815428,-122.486244,10.747159,0.828469,0.560035,52.0,0.0,0.0,0.192099,0.0,0.0,6.958888888888889
1638784418.0,311000111.0,37.816182,-122.484631,10.52107,0.841898,0.539637,80.0,275.0,48.0,0.178939,1638784418.0,367654260.0,37.822393,-122.470964,3.895353,-0.579973,-0.814635,60.0,16.0,4.0,0.075459,1638784418.0,368196320.0,37.815456,-122.486192,10.749108,0.829385,0.558678,52.0,0.0,0.0,0.18983,0.0,0.0,6.957777777777777
1638784419.0,311000111.0,37.816208,-122.484579,10.519174,0.842387,0.538873,80.0,275.0,48.0,0.176784,1638784419.0,367654260.0,37.822379,-122.470978,3.916557,-0.578212,-0.815887,60.0,16.0,4.0,0.074855,1638784419.0,368196320.0,37.815484,-122.48614,10.750988,0.830316,0.557292,52.0,0.0,0.0,0.18756,0.0,0.0,6.956666666666667
1638784420.0,311000111.0,37.816234,-122.484527,10.517466,0.842871,0.538116,80.0,275.0,48.0,0.17463,1638784420.0,367654260.0,37.822364,-122.470991,3.942311,-0.576478,-0.817113,60.0,16.0,4.0,0.074249,1638784420.0,368196320.0,37.815512,-122.486088,10.752802,0.831264,0.555878,52.0,0.0,0.0,0.185288,0.0,0.0,6.955555555555556
1638784421.0,311000111.0,37.816261,-122.484475,10.515944,0.843349,0.537366,80.0,275.0,48.0,0.172476,1638784421.0,367654260.0,37.822349,-122.471004,3.972614,-0.574778,-0.81831,60.0,16.0,4.0,0.07364,1638784421.0,368196320.0,37.815539,-122.486035,10.754551,0.832227,0.554435,52.0,0.0,0.0,0.183016,0.0,0.0,6.954444444444444
1638784422.0,311000111.0,37.816287,-122.484423,10.514609,0.843822,0.536622,80.0,275.0,48.0,0.170321,1638784422.0,367654260.0,37.822334,-122.471018,4.007465,-0.573115,-0.819475,60.0,16.0,4.0,0.073026,1638784422.0,368196320.0,37.815567,-122.485983,10.756238,0.833205,0.552964,52.0,0.0,0.0,0.180742,0.0,0.0,6.953333333333333
1638784423.0,311000111.0,37.816313,-122.484371,10.513461,0.84429,0.535887,80.0,275.0,48.0,0.168166,1638784423.0,367654260.0,37.822319,-122.471031,4.046864,-0.571496,-0.820605,60.0,16.0,4.0,0.072408,1638784423.0,368196320.0,37.815595,-122.485931,10.757863,0.834199,0.551463,52.0,0.0,0.0,0.178467,0.0,0.0,6.952222222222222
1638784424.0,311000111.0,37.816339,-122.484319,10.512498,0.844752,0.535158,80.0,275.0,48.0,0.166011,1638784424.0,367654260.0,37.822304,-122.471045,4.09081,-0.569924,-0.821698,60.0,16.0,4.0,0.071784,1638784424.0,368196320.0,37.815622,-122.485878,10.75943,0.835209,0.549933,52.0,0.0,0.0,0.17619,0.0,0.0,6.951111111111112
1638784425.0,311000111.0,37.816365,-122.484267,10.511722,0.845209,0.534436,80.0,275.0,48.0,0.163856,1638784425.0,367654260.0,37.822288,-122.471058,4.139302,-0.568402,-0.822751,60.0,16.0,4.0,0.071154,1638784425.0,368196320.0,37.815649,-122.485825,10.76094,0.836233,0.548374,52.0,0.0,0.0,0.173913,0.0,0.0,6.95
1638784426.0,311000111.0,37.816391,-122.484215,10.511132,0.84566,0.533722,80.0,275.0,48.0,0.161701,1638784426.0,367654260.0,37.822272,-122.471072,4.192338,-0.566936,-0.823762,60.0,16.0,4.0,0.070518,1638784426.0,368196320.0,37.815677,-122.485773,10.762395,0.837273,0.546786,52.0,0.0,0.0,0.171634,0.0,0.0,6.948888888888889
1638784427.0,311000111.0,37.816417,-122.484163,10.510727,0.846106,0.533015,80.0,275.0,48.0,0.159546,1638784427.0,367654260.0,37.822256,-122.471086,4.249918,-0.565526,-0.82473,60.0,16.0,4.0,0.069873,1638784427.0,368196320.0,37.815704,-122.48572,10.763797,0.838327,0.545168,52.0,0.0,0.0,0.169353,0.0,0.0,6.947777777777778
1638784428.0,311000111.0,37.816443,-122.484111,10.510507,0.846546,0.532316,80.0,275.0,48.0,0.15739,1638784428.0,367654260.0,37.82224,-122.4711,4.311163,-0.564216,-0.825627,60.0,16.0,4.0,0.069221,1638784428.0,368196320.0,37.815731,-122.485667,10.765148,0.839396,0.54352,52.0,0.0,0.0,0.167072,0.0,0.0,6.946666666666666
1638784429.0,311000111.0,37.816469,-122.484059,10.510473,0.84698,0.531624,80.0,275.0,48.0,0.155234,1638784429.0,367654260.0,37.822224,-122.471114,4.372565,-0.563161,-0.826347,60.0,16.0,4.0,0.068559,1638784429.0,368196320.0,37.815758,-122.485614,10.76645,0.840479,0.541843,52.0,0.0,0.0,0.164789,0.0,0.0,6.945555555555556
1638784430.0,311000111.0,37.816495,-122.484007,10.510623,0.84741,0.53094,80.0,275.0,48.0,0.153078,1638784430.0,367654260.0,37.822207,-122.471129,4.433239,-0.562389,-0.826873,60.0,16.0,4.0,0.067889,1638784430.0,368196320.0,37.815785,-122.485561,10.767705,0.841577,0.540137,52.0,0.0,0.0,0.162505,0.0,0.0,6.944444444444445
1638784431.0,311000111.0,37.81652,-122.483954,10.510958,0.847833,0.530263,80.0,275.0,48.0,0.150921,1638784431.0,367654260.0,37.82219,-122.471143,4.493182,-0.561889,-0.827213,60.0,16.0,4.0,0.06721,1638784431.0,368196320.0,37.815812,-122.485508,10.768916,0.84269,0.5384,52.0,0.0,0.0,0.16022,0.0,0.0,6.943333333333333
1638784432.0,311000111.0,37.816546,-122.483902,10.511477,0.848252,0.529593,80.0,275.0,48.0,0.148764,1638784432.0,367654260.0,37.822173,-122.471158,4.552393,-0.561651,-0.827375,60.0,16.0,4.0,0.066522,1638784432.0,368196320.0,37.815839,-122.485455,10.770084,0.843816,0.536633,52.0,0.0,0.0,0.157933,0.0,0.0,6.942222222222222
1638784433.0,311000111.0,37.816572,-122.48385,10.51218,0.848664,0.528932,80.0,275.0,48.0,0.146606,1638784433.0,367654260.0,37.822155,-122.471173,4.610868,-0.561663,-0.827366,60.0,16.0,4.0,0.065825,1638784433.0,368196320.0,37.815866,-122.485402,10.771213,0.844956,0.534836,52.0,0.0,0.0,0.155645,0.0,0.0,6.941111111111111
1638784434.0,311000111.0,37.816598,-122.483798,10.513067,0.849072,0.528278,80.0,275.0,48.0,0.144448,1638784434.0,367654260.0,37.822138,-122.471188,4.66861,-0.561918,-0.827193,60.0,16.0,4.0,0.065119,1638784434.0,368196320.0,37.815892,-122.485348,10.772304,0.84611,0.533009,52.0,0.0,0.0,0.153356,0.0,0.0,6.94
1638784435.0,311000111.0,37.816623,-122.483745,10.514138,0.849473,0.527631,80.0,275.0,48.0,0.142289,1638784435.0,367654260.0,37.82212,-122.471204,4.725618,-0.562406,-0.826862,60.0,16.0,4.0,0.064405,1638784435.0,368196320.0,37.815919,-122.485295,10.773359,0.847277,0.531151,52.0,0.0,0.0,0.151066,0.0,0.0,6.938888888888889
1638784436.0,311000111.0,37.816649,-122.483693,10.515392,0.84987,0.526993,80.0,275.0,48.0,0.14013,1638784436.0,367654260.0,37.822102,-122.471219,4.781895,-0.563118,-0.826377,60.0,16.0,4.0,0.063682,1638784436.0,368196320.0,37.815945,-122.485242,10.774381,0.848458,0.529263,52.0,0.0,0.0,0.148774,0.0,0.0,6.937777777777778
1638784437.0,311000111.0,37.816675,-122.483641,10.51683,0.85026,0.526362,80.0,275.0,48.0,0.13797,1638784437.0,367654260.0,37.822083,-122.471235,4.837445,-0.564047,-0.825743,60.0,16.0,4.0,0.062951,1638784437.0,368196320.0,37.815972,-122.485188,10.775372,0.849652,0.527344,52.0,0.0,0.0,0.146481,0.0,0.0,6.9366666666666665
1638784438.0,311000111.0,37.8167,-122.483588,10.51845,0.850646,0.525739,80.0,275.0,48.0,0.13581,1638784438.0,367654260.0,37.822065,-122.471251,4.892272,-0.565185,-0.824964,60.0,16.0,4.0,0.062211,1638784438.0,368196320.0,37.815998,-122.485134,10.776335,0.850859,0.525395,52.0,0.0,0.0,0.144186,0.0,0.0,6.935555555555555
1638784439.0,311000111.0,37.816726,-122.483536,10.520253,0.851025,0.525125,80.0,275.0,48.0,0.133649,1638784439.0,367654260.0,37.822046,-122.471267,4.946381,-0.566525,-0.824045,60.0,16.0,4.0,0.061462,1638784439.0,368196320.0,37.816024,-122.485081,10.777273,0.852078,0.523414,52.0,0.0,0.0,0.14189,0.0,0.0,6.934444444444445
1638784440.0,311000111.0,37.816751,-122.483484,10.522239,0.8514,0.524517,80.0,275.0,48.0,0.131487,1638784440.0,367654260.0,37.822027,-122.471283,4.999779,-0.56806,-0.822987,60.0,16.0,4.0,0.060705,1638784440.0,368196320.0,37.81605,-122.485027,10.778186,0.853311,0.521403,52.0,0.0,0.0,0.139593,0.0,0.0,6.933333333333334
1638784441.0,311000111.0,37.816777,-122.483431,10.524407,0.851768,0.523918,80.0,275.0,48.0,0.129325,1638784441.0,367654260.0,37.822008,-122.4713,5.052472,-0.569785,-0.821794,60.0,16.0,4.0,0.05994,1638784441.0,368196320.0,37.816076,-122.484973,10.779079,0.854556,0.51936,52.0,0.0,0.0,0.137295,0.0,0.0,6.932222222222222
1638784442.0,311000111.0,37.816802,-122.483379,10.526757,0.852132,0.523327,80.0,275.0,48.0,0.127162,1638784442.0,367654260.0,37.821989,-122.471317,5.104469,-0.571693,-0.820468,60.0,16.0,4.0,0.059166,1638784442.0,368196320.0,37.816102,-122.484919,10.779954,0.855813,0.517286,52.0,0.0,0.0,0.134995,0.0,0.0,6.931111111111111
1638784443.0,311000111.0,37.816828,-122.483326,10.529289,0.852489,0.522744,80.0,275.0,48.0,0.124998,1638784443.0,367654260.0,37.82197,-122.471334,5.155779,-0.573778,-0.819011,60.0,16.0,4.0,0.058384,1638784443.0,368196320.0,37.816128,-122.484865,10.780813,0.857082,0.515181,52.0,0.0,0.0,0.132693,0.0,0.0,6.93
1638784444.0,311000111.0,37.816853,-122.483274,10.532002,0.852842,0.52217,80.0,275.0,48.0,0.122833,1638784444.0,367654260.0,37.82195,-122.471351,5.20641,-0.576035,-0.817425,60.0,16.0,4.0,0.057593,1638784444.0,368196320.0,37.816154,-122.484811,10.78166,0.858362,0.513044,52.0,0.0,0.0,0.130391,0.0,0.0,6.928888888888889
1638784445.0,311000111.0,37.816879,-122.483221,10.534897,0.853188,0.521603,80.0,275.0,48.0,0.120668,1638784445.0,367654260.0,37.82193,-122.471369,5.256373,-0.578458,-0.815712,60.0,16.0,4.0,0.056794,1638784445.0,368196320.0,37.816179,-122.484757,10.782496,0.859655,0.510875,52.0,0.0,0.0,0.128087,0.0,0.0,6.927777777777778
1638784446.0,311000111.0,37.816904,-122.483168,10.537974,0.85353,0.521044,80.0,275.0,48.0,0.118501,1638784446.0,367654260.0,37.821911,-122.471387,5.305679,-0.581044,-0.813872,60.0,16.0,4.0,0.055987,1638784446.0,368196320.0,37.816205,-122.484702,10.783324,0.860959,0.508675,52.0,0.0,0.0,0.125781,0.0,0.0,6.926666666666667
1638784447.0,311000111.0,37.81693,-122.483116,10.541231,0.853866,0.520494,80.0,275.0,48.0,0.116334,1638784447.0,367654260.0,37.821891,-122.471405,5.35434,-0.583786,-0.811908,60.0,16.0,4.0,0.055171,1638784447.0,368196320.0,37.81623,-122.484648,10.784147,0.862274,0.506442,52.0,0.0,0.0,0.123474,0.0,0.0,6.925555555555556
1638784448.0,311000111.0,37.816955,-122.483063,10.544669,0.854196,0.519951,80.0,275.0,48.0,0.114165,1638784448.0,367654260.0,37.821871,-122.471423,5.402369,-0.58668,-0.809819,60.0,16.0,4.0,0.054347,1638784448.0,368196320.0,37.816255,-122.484594,10.784969,0.8636,0.504178,52.0,0.0,0.0,0.121166,0.0,0.0,6.924444444444444
1638784449.0,311000111.0,37.81698,-122.48301,10.548289,0.854521,0.519417,80.0,275.0,48.0,0.111996,1638784449.0,367654260.0,37.82185,-122.471442,5.449777,-0.589722,-0.807606,60.0,16.0,4.0,0.053515,1638784449.0,368196320.0,37.816281,-122.484539,10.785791,0.864936,0.501881,52.0,0.0,0.0,0.118856,0.0,0.0,6.923333333333334
1638784450.0,311000111.0,37.817006,-122.482957,10.552088,0.85484,0.518892,80.0,275.0,48.0,0.109826,1638784450.0,367654260.0,37.82183,-122.471461,5.496579,-0.592908,-0.80527,60.0,16.0,4.0,0.052674,1638784450.0,368196320.0,37.816306,-122.484484,10.786617,0.866284,0.499553,52.0,0.0,0.0,0.116545,0.0,0.0,6.922222222222223
1638784451.0,311000111.0,37.817031,-122.482905,10.556068,0.855154,0.518374,80.0,275.0,48.0,0.107655,1638784451.0,367654260.0,37.821809,-122.47148,5.542789,-0.596233,-0.802812,60.0,16.0,4.0,0.051826,1638784451.0,368196320.0,37.81633,-122.48443,10.78745,0.867641,0.497191,52.0,0.0,0.0,0.114233,0.0,0.0,6.921111111111111
1638784452.0,311000111.0,37.817056,-122.482852,10.560228,0.855462,0.517865,80.0,275.0,48.0,0.105482,1638784452.0,367654260.0,37.821789,-122.471499,5.588422,-0.599693,-0.80023,60.0,16.0,4.0,0.050969,1638784452.0,368196320.0,37.816355,-122.484375,10.788292,0.869008,0.494797,52.0,0.0,0.0,0.111919,0.0,0.0,6.92
1638784453.0,311000111.0,37.817082,-122.482799,10.564568,0.855765,0.517364,80.0,275.0,48.0,0.103309,1638784453.0,367654260.0,37.821768,-122.471519,5.633494,-0.603285,-0.797525,60.0,16.0,4.0,0.050104,1638784453.0,368196320.0,37.81638,-122.48432,10.78914,0.870377,0.492385,52.0,0.0,0.0,0.109603,0.0,0.0,6.918888888888889
1638784454.0,311000111.0,37.817107,-122.482746,10.569088,0.856063,0.516872,80.0,275.0,48.0,0.101134,1638784454.0,367654260.0,37.821747,-122.471539,5.678021,-0.607005,-0.794698,60.0,16.0,4.0,0.049231,1638784454.0,368196320.0,37.816405,-122.484265,10.789964,0.871716,0.490012,52.0,0.0,0.0,0.107286,0.0,0.0,6.917777777777777
1638784455.0,311000111.0,37.817132,-122.482693,10.573787,0.856355,0.516388,80.0,275.0,48.0,0.098959,1638784455.0,367654260.0,37.821727,-122.471559,5.722019,-0.610849,-0.791747,60.0,16.0,4.0,0.04835,1638784455.0,368196320.0,37.816429,-122.48421,10.790753,0.873016,0.487691,52.0,0.0,0.0,0.104968,0.0,0.0,6.916666666666667
1638784456.0,311000111.0,37.817158,-122.48264,10.578665,0.856642,0.515912,80.0,275.0,48.0,0.096782,1638784456.0,367654260.0,37.821706,-122.471579,5.765506,-0.614813,-0.788673,60.0,16.0,4.0,0.04746,1638784456.0,368196320.0,37.816453,-122.484155,10.791501,0.874279,0.485424,52.0,0.0,0.0,0.102648,0.0,0.0,6.915555555555556
1638784457.0,311000111.0,37.817183,-122.482587,10.583723,0.856923,0.515445,80.0,275.0,48.0,0.094603,1638784457.0,367654260.0,37.821685,-122.4716,5.8085,-0.618894,-0.785475,60.0,16.0,4.0,0.046563,1638784457.0,368196320.0,37.816478,-122.484099,10.792203,0.875504,0.483211,52.0,0.0,0.0,0.100327,0.0,0.0,6.914444444444444
1638784458.0,311000111.0,37.817208,-122.482534,10.58896,0.857199,0.514986,80.0,275.0,48.0,0.092424,1638784458.0,367654260.0,37.821663,-122.471621,5.851019,-0.623088,-0.782152,60.0,16.0,4.0,0.045657,1638784458.0,368196320.0,37.816502,-122.484044,10.792852,0.876693,0.481051,52.0,0.0,0.0,0.098005,0.0,0.0,6.913333333333333
1638784459.0,311000111.0,37.817233,-122.48248,10.594376,0.857469,0.514536,80.0,275.0,48.0,0.090243,1638784459.0,367654260.0,37.821642,-122.471642,5.893082,-0.627392,-0.778703,60.0,16.0,4.0,0.044743,1638784459.0,368196320.0,37.816526,-122.483989,10.793445,0.877845,0.478945,52.0,0.0,0.0,0.095681,0.0,0.0,6.912222222222222
1638784460.0,311000111.0,37.817258,-122.482427,10.599971,0.857734,0.514094,80.0,275.0,48.0,0.088061,1638784460.0,367654260.0,37.821621,-122.471664,5.93471,-0.631803,-0.775129,60.0,16.0,4.0,0.043821,1638784460.0,368196320.0,37.81655,-122.483933,10.793976,0.878961,0.476894,52.0,0.0,0.0,0.093356,0.0,0.0,6.911111111111111
1638784461.0,311000111.0,37.817284,-122.482374,10.605744,0.857994,0.51366,80.0,275.0,48.0,0.085878,1638784461.0,367654260.0,37.8216,-122.471686,5.975922,-0.636316,-0.771428,60.0,16.0,4.0,0.042891,1638784461.0,368196320.0,37.816574,-122.483878,10.79444,0.880041,0.474897,52.0,0.0,0.0,0.091031,0.0,0.0,6.91
1638784462.0,311000111.0,37.817309,-122.482321,10.611696,0.858248,0.513236,80.0,275.0,48.0,0.083693,1638784462.0,367654260.0,37.821578,-122.471708,6.016739,-0.640929,-0.7676,60.0,16.0,4.0,0.041953,1638784462.0,368196320.0,37.816597,-122.483822,10.794832,0.881087,0.472954,52.0,0.0,0.0,0.088704,0.0,0.0,6.908888888888889
1638784463.0,311000111.0,37.817334,-122.482267,10.617826,0.858497,0.512819,80.0,275.0,48.0,0.081506,1638784463.0,367654260.0,37.821557,-122.471731,6.057182,-0.645639,-0.763643,60.0,16.0,4.0,0.041007,1638784463.0,368196320.0,37.816621,-122.483766,10.795148,0.882098,0.471066,52.0,0.0,0.0,0.086376,0.0,0.0,6.907777777777778
1638784464.0,311000111.0,37.817359,-122.482214,10.624134,0.85874,0.512412,80.0,275.0,48.0,0.079319,1638784464.0,367654260.0,37.821536,-122.471754,6.097274,-0.650441,-0.759557,60.0,16.0,4.0,0.040052,1638784464.0,368196320.0,37.816644,-122.483711,10.795383,0.883074,0.469233,52.0,0.0,0.0,0.084047,0.0,0.0,6.906666666666666
1638784465.0,311000111.0,37.817384,-122.482161,10.630619,0.858978,0.512013,80.0,275.0,48.0,0.07713,1638784465.0,367654260.0,37.821514,-122.471777,6.137037,-0.655332,-0.755341,60.0,16.0,4.0,0.03909,1638784465.0,368196320.0,37.816668,-122.483655,10.795533,0.884017,0.467455,52.0,0.0,0.0,0.081717,0.0,0.0,6.905555555555556
1638784466.0,311000111.0,37.81741,-122.482107,10.637283,0.859211,0.511622,80.0,275.0,48.0,0.074939,1638784466.0,367654260.0,37.821493,-122.4718,6.176493,-0.66031,-0.750993,60.0,16.0,4.0,0.038119,1638784466.0,368196320.0,37.816691,-122.483599,10.795594,0.884926,0.465731,52.0,0.0,0.0,0.079386,0.0,0.0,6.904444444444445
1638784467.0,311000111.0,37.817435,-122.482054,10.644125,0.859438,0.51124,80.0,275.0,48.0,0.072746,1638784467.0,367654260.0,37.821471,-122.471824,6.215667,-0.66537,-0.746514,60.0,16.0,4.0,0.03714,1638784467.0,368196320.0,37.816714,-122.483543,10.795562,0.885802,0.464063,52.0,0.0,0.0,0.077054,0.0,0.0,6.903333333333333
1638784468.0,311000111.0,37.81746,-122.482,10.651047,0.859659,0.510869,80.0,275.0,48.0,0.070553,1638784468.0,367654260.0,37.82145,-122.471849,6.254581,-0.67051,-0.741901,60.0,16.0,4.0,0.036153,1638784468.0,368196320.0,37.816738,-122.483487,10.795432,0.886645,0.462451,52.0,0.0,0.0,0.074722,0.0,0.0,6.902222222222222
1638784469.0,311000111.0,37.817485,-122.481946,10.657666,0.859867,0.510518,80.0,275.0,48.0,0.068357,1638784469.0,367654260.0,37.821428,-122.471873,6.293262,-0.675725,-0.737154,60.0,16.0,4.0,0.035157,1638784469.0,368196320.0,37.816761,-122.483431,10.795202,0.887455,0.460894,52.0,0.0,0.0,0.072389,0.0,0.0,6.901111111111111
1638784470.0,311000111.0,37.81751,-122.481893,10.663883,0.860062,0.510189,80.0,275.0,48.0,0.06616,1638784470.0,367654260.0,37.821407,-122.471898,6.331733,-0.681012,-0.732272,60.0,16.0,4.0,0.034153,1638784470.0,368196320.0,37.816784,-122.483375,10.794866,0.888234,0.459392,52.0,0.0,0.0,0.070055,0.0,0.0,6.9
1638784471.0,311000111.0,37.817536,-122.481839,10.6697,0.860244,0.509882,80.0,275.0,48.0,0.063962,1638784471.0,367654260.0,37.821385,-122.471923,6.370021,-0.686368,-0.727254,60.0,16.0,4.0,0.033141,1638784471.0,368196320.0,37.816807,-122.483319,10.794423,0.88898,0.457946,52.0,0.0,0.0,0.06772,0.0,0.0,6.898888888888889
1638784472.0,311000111.0,37.817561,-122.481785,10.675115,0.860413,0.509598,80.0,275.0,48.0,0.061762,1638784472.0,367654260.0,37.821364,-122.471949,6.408151,-0.691789,-0.7221,60.0,16.0,4.0,0.032121,1638784472.0,368196320.0,37.81683,-122.483262,10.793868,0.889695,0.456556,52.0,0.0,0.0,0.065385,0.0,0.0,6.897777777777778
1638784473.0,311000111.0,37.817586,-122.481731,10.680128,0.860568,0.509336,80.0,275.0,48.0,0.059561,1638784473.0,367654260.0,37.821343,-122.471975,6.44615,-0.697271,-0.716807,60.0,16.0,4.0,0.031092,1638784473.0,368196320.0,37.816852,-122.483206,10.793198,0.890378,0.455222,52.0,0.0,0.0,0.06305,0.0,0.0,6.8966666666666665
1638784474.0,311000111.0,37.817611,-122.481678,10.684739,0.86071,0.509096,80.0,275.0,48.0,0.057358,1638784474.0,367654260.0,37.821321,-122.472001,6.484045,-0.702812,-0.711376,60.0,16.0,4.0,0.030055,1638784474.0,368196320.0,37.816875,-122.48315,10.792411,0.891031,0.453943,52.0,0.0,0.0,0.060714,0.0,0.0,6.895555555555555
1638784475.0,311000111.0,37.817636,-122.481624,10.688948,0.860839,0.508877,80.0,275.0,48.0,0.055155,1638784475.0,367654260.0,37.8213,-122.472028,6.521864,-0.708406,-0.705805,60.0,16.0,4.0,0.02901,1638784475.0,368196320.0,37.816898,-122.483094,10.791502,0.891652,0.452721,52.0,0.0,0.0,0.058377,0.0,0.0,6.894444444444445
1638784476.0,311000111.0,37.817661,-122.48157,10.692754,0.860955,0.508681,80.0,275.0,48.0,0.052951,1638784476.0,367654260.0,37.821279,-122.472055,6.559634,-0.71405,-0.700094,60.0,16.0,4.0,0.027956,1638784476.0,368196320.0,37.81692,-122.483037,10.79047,0.892243,0.451555,52.0,0.0,0.0,0.056041,0.0,0.0,6.8933333333333335
1638784477.0,311000111.0,37.817687,-122.481516,10.696158,0.861058,0.508507,80.0,275.0,48.0,0.050746,1638784477.0,367654260.0,37.821257,-122.472082,6.597384,-0.719741,-0.694242,60.0,16.0,4.0,0.026894,1638784477.0,368196320.0,37.816943,-122.482981,10.789311,0.892804,0.450446,52.0,0.0,0.0,0.053704,0.0,0.0,6.892222222222222
1638784478.0,311000111.0,37.817712,-122.481462,10.699159,0.861148,0.508354,80.0,275.0,48.0,0.04854,1638784478.0,367654260.0,37.821236,-122.47211,6.635143,-0.725475,-0.688249,60.0,16.0,4.0,0.025823,1638784478.0,368196320.0,37.816965,-122.482924,10.788023,0.893335,0.449392,52.0,0.0,0.0,0.051366,0.0,0.0,6.891111111111111
1638784479.0,311000111.0,37.817737,-122.481408,10.701757,0.861225,0.508224,80.0,275.0,48.0,0.046333,1638784479.0,367654260.0,37.821215,-122.472138,6.67294,-0.731247,-0.682113,60.0,16.0,4.0,0.024743,1638784479.0,368196320.0,37.816988,-122.482868,10.786604,0.893835,0.448395,52.0,0.0,0.0,0.049029,0.0,0.0,6.89
1638784480.0,311000111.0,37.817762,-122.481354,10.703952,0.861289,0.508115,80.0,275.0,48.0,0.044126,1638784480.0,367654260.0,37.821194,-122.472167,6.710805,-0.737054,-0.675834,60.0,16.0,4.0,0.023655,1638784480.0,368196320.0,37.81701,-122.482811,10.785051,0.894307,0.447455,52.0,0.0,0.0,0.046691,0.0,0.0,6.888888888888889
1638784481.0,311000111.0,37.817787,-122.4813,10.705743,0.86134,0.508029,80.0,275.0,48.0,0.041918,1638784481.0,367654260.0,37.821173,-122.472196,6.748767,-0.742891,-0.669413,60.0,16.0,4.0,0.022558,1638784481.0,368196320.0,37.817032,-122.482755,10.783362,0.894748,0.446571,52.0,0.0,0.0,0.044354,0.0,0.0,6.887777777777778
1638784482.0,311000111.0,37.817812,-122.481246,10.707132,0.861379,0.507964,80.0,275.0,48.0,0.03971,1638784482.0,367654260.0,37.821152,-122.472225,6.786858,-0.748754,-0.662848,60.0,16.0,4.0,0.021453,1638784482.0,368196320.0,37.817055,-122.482698,10.781535,0.895161,0.445744,52.0,0.0,0.0,0.042016,0.0,0.0,6.886666666666667
1638784483.0,311000111.0,37.817837,-122.481192,10.708117,0.861404,0.50792,80.0,275.0,48.0,0.037502,1638784483.0,367654260.0,37.821131,-122.472255,6.825108,-0.75464,-0.656139,60.0,16.0,4.0,0.020338,1638784483.0,368196320.0,37.817077,-122.482642,10.779568,0.895544,0.444973,52.0,0.0,0.0,0.039679,0.0,0.0,6.885555555555555
1638784484.0,311000111.0,37.817863,-122.481138,10.708699,0.861417,0.507899,80.0,275.0,48.0,0.035293,1638784484.0,367654260.0,37.821111,-122.472285,6.863548,-0.760543,-0.649287,60.0,16.0,4.0,0.019215,1638784484.0,368196320.0,37.817099,-122.482585,10.77746,0.895898,0.44426,52.0,0.0,0.0,0.037341,0.0,0.0,6.884444444444444
1638784485.0,311000111.0,37.817888,-122.481084,10.708877,0.861416,0.507899,80.0,275.0,48.0,0.033084,1638784485.0,367654260.0,37.82109,-122.472316,6.902211,-0.76646,-0.642292,60.0,16.0,4.0,0.018083,1638784485.0,368196320.0,37.817121,-122.482529,10.775208,0.896223,0.443603,52.0,0.0,0.0,0.035004,0.0,0.0,6.883333333333334
1638784486.0,311000111.0,37.817913,-122.48103,10.708653,0.861403,0.507921,80.0,275.0,48.0,0.030875,1638784486.0,367654260.0,37.821069,-122.472347,6.941128,-0.772387,-0.635152,60.0,16.0,4.0,0.016941,1638784486.0,368196320.0,37.817143,-122.482472,10.772811,0.89652,0.443003,52.0,0.0,0.0,0.032667,0.0,0.0,6.882222222222223
1638784487.0,311000111.0,37.817938,-122.480976,10.708024,0.861377,0.507965,80.0,275.0,48.0,0.028667,1638784487.0,367654260.0,37.821049,-122.472378,6.98033,-0.778318,-0.62787,60.0,16.0,4.0,0.015791,1638784487.0,368196320.0,37.817166,-122.482416,10.770268,0.896788,0.442461,52.0,0.0,0.0,0.03033,0.0,0.0,6.881111111111111
1638784488.0,311000111.0,37.817963,-122.480922,10.706993,0.861339,0.508031,80.0,275.0,48.0,0.026458,1638784488.0,367654260.0,37.821029,-122.47241,7.019851,-0.78425,-0.620445,60.0,16.0,4.0,0.014632,1638784488.0,368196320.0,37.817188,-122.482359,10.767578,0.897027,0.441975,52.0,0.0,0.0,0.027993,0.0,0.0,6.88
1638784489.0,311000111.0,37.817988,-122.480868,10.705558,0.861287,0.508119,80.0,275.0,48.0,0.02425,1638784489.0,367654260.0,37.821009,-122.472442,7.059723,-0.790178,-0.612877,60.0,16.0,4.0,0.013463,1638784489.0,368196320.0,37.81721,-122.482303,10.764739,0.897238,0.441547,52.0,0.0,0.0,0.025657,0.0,0.0,6.878888888888889
1638784490.0,311000111.0,37.818014,-122.480814,10.70372,0.861223,0.508228,80.0,275.0,48.0,0.022042,1638784490.0,367654260.0,37.820989,-122.472475,7.09998,-0.796097,-0.605169,60.0,16.0,4.0,0.012285,1638784490.0,368196320.0,37.817232,-122.482246,10.76175,0.897421,0.441176,52.0,0.0,0.0,0.023321,0.0,0.0,6.877777777777778
1638784491.0,311000111.0,37.818039,-122.48076,10.701479,0.861145,0.508359,80.0,275.0,48.0,0.019834,1638784491.0,367654260.0,37.820969,-122.472508,7.140653,-0.802004,-0.597319,60.0,16.0,4.0,0.011097,1638784491.0,368196320.0,37.817254,-122.48219,10.758611,0.897575,0.440862,52.0,0.0,0.0,0.020986,0.0,0.0,6.876666666666667
1638784492.0,311000111.0,37.818064,-122.480706,10.698835,0.861055,0.508512,80.0,275.0,48.0,0.017627,1638784492.0,367654260.0,37.820949,-122.472542,7.181778,-0.807892,-0.58933,60.0,16.0,4.0,0.009901,1638784492.0,368196320.0,37.817275,-122.482133,10.755321,0.897701,0.440605,52.0,0.0,0.0,0.018651,0.0,0.0,6.875555555555556
1638784493.0,311000111.0,37.818089,-122.480652,10.695789,0.860951,0.508687,80.0,275.0,48.0,0.01542,1638784493.0,367654260.0,37.820929,-122.472576,7.223386,-0.813759,-0.581203,60.0,16.0,4.0,0.008694,1638784493.0,368196320.0,37.817297,-122.482076,10.751879,0.897799,0.440406,52.0,0.0,0.0,0.016317,0.0,0.0,6.874444444444444
1638784494.0,311000111.0,37.818114,-122.480598,10.692339,0.860835,0.508884,80.0,275.0,48.0,0.013215,1638784494.0,367654260.0,37.82091,-122.47261,7.264867,-0.819566,-0.572985,60.0,16.0,4.0,0.007478,1638784494.0,368196320.0,37.817319,-122.48202,10.748285,0.897868,0.440265,52.0,0.0,0.0,0.013984,0.0,0.0,6.873333333333333
1638784495.0,311000111.0,37.81814,-122.480544,10.688488,0.860706,0.509103,80.0,275.0,48.0,0.01101,1638784495.0,367654260.0,37.820891,-122.472645,7.303639,-0.825187,-0.56486,60.0,16.0,4.0,0.006252,1638784495.0,368196320.0,37.817341,-122.481963,10.744538,0.897909,0.440181,52.0,0.0,0.0,0.011651,0.0,0.0,6.872222222222222
1638784496.0,311000111.0,37.818165,-122.48049,10.684234,0.860563,0.509344,80.0,275.0,48.0,0.008805,1638784496.0,367654260.0,37.820872,-122.47268,7.339024,-0.830604,-0.556864,60.0,16.0,4.0,0.005017,1638784496.0,368196320.0,37.817363,-122.481907,10.740639,0.897922,0.440155,52.0,0.0,0.0,0.009319,0.0,0.0,6.871111111111111
1638784497.0,311000111.0,37.81819,-122.480436,10.679578,0.860407,0.509607,80.0,275.0,48.0,0.006602,1638784497.0,367654260.0,37.820853,-122.472716,7.370985,-0.83583,-0.548988,60.0,16.0,4.0,0.003774,1638784497.0,368196320.0,37.817385,-122.48185,10.736587,0.897907,0.440186,52.0,0.0,0.0,0.006988,0.0,0.0,6.87
1638784498.0,311000111.0,37.818215,-122.480383,10.67452,0.860239,0.509892,80.0,275.0,48.0,0.0044,1638784498.0,367654260.0,37.820834,-122.472752,7.39949,-0.84088,-0.541222,60.0,16.0,4.0,0.002523,1638784498.0,368196320.0,37.817407,-122.481794,10.732382,0.897863,0.440275,52.0,0.0,0.0,0.004658,0.0,0.0,6.868888888888889
1638784499.0,311000111.0,37.81824,-122.480329,10.669061,0.860056,0.510199,80.0,275.0,48.0,0.0022,1638784499.0,367654260.0,37.820815,-122.472788,7.42451,-0.845765,-0.533555,60.0,16.0,4.0,0.001265,1638784499.0,368196320.0,37.817429,-122.481737,10.728024,0.897791,0.440422,52.0,0.0,0.0,0.002328,0.0,0.0,6.8677777777777775
1638784500.0,311000111.0,37.818265,-122.480275,10.669061,0.860056,0.510199,80.0,275.0,48.0,0.0,1638784500.0,367654260.0,37.820797,-122.472825,7.42451,-0.845765,-0.533555,60.0,16.0,4.0,0.0,1638784500.0,368196320.0,37.817451,-122.481681,10.728024,0.897791,0.440422,52.0,0.0,0.0,0.0,0.0,0.0,6.866666666666666
