Timestamp,MMSI,Latitude,Longitude,Speed,Course-sin,Course-cos,Length,Width,Vesseltype,Distance,Timestamp,MMSI,Latitude,Longitude,Speed,Course-sin,Course-cos,Length,Width,Vesseltype,Distance,Timestamp,MMSI,Latitude,Longitude,Speed,Course-sin,Course-cos,Length,Width,Vesseltype,Distance,Timestamp,MMSI,Latitude,Longitude,Speed,Course-sin,Course-cos,Length,Width,Vesseltype,Distance,Timestamp,MMSI,Latitude,Longitude,Speed,Course-sin,Course-cos,Length,Width,Vesseltype,Distance,Timestamp,MMSI,Latitude,Longitude,Speed,Course-sin,Course-cos,Length,Width,Vesseltype,Distance,WindDirection,WindSpeed,Visibility
1625251667.0,338368567.0,37.81311,-122.441513,7.266398,-0.388384,0.921498,37.0,13.0,4.0,1.0,1625251667.0,366864850.0,37.813705,-122.463458,10.416801,-0.231951,-0.972728,60.0,19.0,10.0,0.957291,1625251667.0,366985270.0,37.815015,-122.46093,10.870643,-0.999356,0.035883,60.0,25.0,9.0,1.0,1625251667.0,367145450.0,37.827687,-122.474746,5.135367,0.21483,0.976652,60.0,16.0,9.0,0.992456,1625251667.0,368052630.0,37.847026,-122.464148,11.500506,-0.296284,-0.9551,60.0,42.0,10.0,1.0,1625251667.0,368060190.0,37.810145,-122.484679,18.131322,-0.824109,-0.566431,50.0,21.0,6.0,1.0,293.9138888888889,5.739166666666667,10.0
1625251668.0,338368567.0,37.813141,-122.44153,7.264554,-0.378604,0.925559,37.0,13.0,4.0,0.997742,1625251668.0,366864850.0,37.813658,-122.463472,10.431694,-0.235708,-0.971824,60.0,19.0,10.0,0.957998,1625251668.0,366985270.0,37.815017,-122.460994,10.86927,-0.999444,0.033352,60.0,25.0,9.0,0.99685,1625251668.0,367145450.0,37.82771,-122.474739,5.073,0.205271,0.978705,60.0,16.0,9.0,0.992033,1625251668.0,368052630.0,37.846975,-122.464168,11.499988,-0.293725,-0.95589,60.0,42.0,10.0,0.997328,1625251668.0,368060190.0,37.810097,-122.484766,18.136074,-0.823642,-0.567111,50.0,21.0,6.0,0.997391,293.93333333333334,5.74,10.0
1625251669.0,338368567.0,37.813172,-122.441546,7.263312,-0.368604,0.929586,37.0,13.0,4.0,0.995477,1625251669.0,366864850.0,37.813611,-122.463486,10.444801,-0.239417,-0.970917,60.0,19.0,10.0,0.958703,1625251669.0,366985270.0,37.815019,-122.461057,10.867721,-0.999523,0.030876,60.0,25.0,9.0,0.9937,1625251669.0,367145450.0,37.827733,-122.474733,5.012357,0.195753,0.980653,60.0,16.0,9.0,0.991648,1625251669.0,368052630.0,37.846924,-122.464187,11.499448,-0.291136,-0.956682,60.0,42.0,10.0,0.994658,1625251669.0,368060190.0,37.81005,-122.484854,18.140471,-0.823206,-0.567742,50.0,21.0,6.0,0.994782,293.9527777777778,5.740833333333334,10.0
1625251670.0,338368567.0,37.813204,-122.441562,7.262717,-0.358386,0.933574,37.0,13.0,4.0,0.993206,1625251670.0,366864850.0,37.813564,-122.463501,10.456118,-0.243082,-0.970006,60.0,19.0,10.0,0.959405,1625251670.0,366985270.0,37.81502,-122.461121,10.865993,-0.999595,0.028457,60.0,25.0,9.0,0.990551,1625251670.0,367145450.0,37.827756,-122.474728,4.953412,0.186286,0.982496,60.0,16.0,9.0,0.991302,1625251670.0,368052630.0,37.846873,-122.464207,11.498891,-0.288518,-0.957474,60.0,42.0,10.0,0.991989,1625251670.0,368060190.0,37.810002,-122.484941,18.144512,-0.822803,-0.568327,50.0,21.0,6.0,0.992173,293.97222222222223,5.741666666666667,10.0
1625251671.0,338368567.0,37.813235,-122.441577,7.262814,-0.347949,0.937513,37.0,13.0,4.0,0.990927,1625251671.0,366864850.0,37.813517,-122.463516,10.465639,-0.246704,-0.969091,60.0,19.0,10.0,0.960106,1625251671.0,366985270.0,37.815022,-122.461185,10.864081,-0.999659,0.026094,60.0,25.0,9.0,0.987404,1625251671.0,367145450.0,37.827779,-122.474722,4.896136,0.176885,0.984232,60.0,16.0,9.0,0.990992,1625251671.0,368052630.0,37.846822,-122.464226,11.498317,-0.28587,-0.958268,60.0,42.0,10.0,0.989321,1625251671.0,368060190.0,37.809954,-122.485029,18.148193,-0.822432,-0.568864,50.0,21.0,6.0,0.989563,293.9916666666667,5.7425,10.0
1625251672.0,338368567.0,37.813267,-122.441592,7.263647,-0.337295,0.941399,37.0,13.0,4.0,0.988641,1625251672.0,366864850.0,37.81347,-122.463531,10.473361,-0.250285,-0.968172,60.0,19.0,10.0,0.960805,1625251672.0,366985270.0,37.815023,-122.461248,10.86198,-0.999717,0.023787,60.0,25.0,9.0,0.984257,1625251672.0,367145450.0,37.827801,-122.474717,4.840502,0.167561,0.985862,60.0,16.0,9.0,0.990718,1625251672.0,368052630.0,37.846771,-122.464246,11.497731,-0.283193,-0.959063,60.0,42.0,10.0,0.986656,1625251672.0,368060190.0,37.809907,-122.485116,18.151514,-0.822092,-0.569354,50.0,21.0,6.0,0.986954,294.0111111111111,5.743333333333334,10.0
1625251673.0,338368567.0,37.813298,-122.441606,7.265264,-0.326425,0.945223,37.0,13.0,4.0,0.986348,1625251673.0,366864850.0,37.813423,-122.463546,10.479279,-0.253827,-0.96725,60.0,19.0,10.0,0.961502,1625251673.0,366985270.0,37.815024,-122.461312,10.859687,-0.999768,0.021535,60.0,25.0,9.0,0.981111,1625251673.0,367145450.0,37.827823,-122.474712,4.786481,0.158328,0.987387,60.0,16.0,9.0,0.990479,1625251673.0,368052630.0,37.84672,-122.464265,11.497135,-0.280486,-0.959858,60.0,42.0,10.0,0.983992,1625251673.0,368060190.0,37.809859,-122.485203,18.154471,-0.821785,-0.569797,50.0,21.0,6.0,0.984345,294.0305555555556,5.744166666666667,10.0
1625251674.0,338368567.0,37.81333,-122.44162,7.267688,-0.31543,0.948949,37.0,13.0,4.0,0.984047,1625251674.0,366864850.0,37.813376,-122.463562,10.48339,-0.257333,-0.966323,60.0,19.0,10.0,0.962198,1625251674.0,366985270.0,37.815025,-122.461375,10.857197,-0.999813,0.019339,60.0,25.0,9.0,0.977967,1625251674.0,367145450.0,37.827845,-122.474708,4.734043,0.1492,0.988807,60.0,16.0,9.0,0.990273,1625251674.0,368052630.0,37.846669,-122.464284,11.496531,-0.27775,-0.960654,60.0,42.0,10.0,0.98133,1625251674.0,368060190.0,37.809811,-122.485291,18.157064,-0.82151,-0.570194,50.0,21.0,6.0,0.981735,294.05,5.745,10.0
1625251675.0,338368567.0,37.813362,-122.441633,7.270825,-0.304675,0.952456,37.0,13.0,4.0,0.981738,1625251675.0,366864850.0,37.813329,-122.463578,10.48569,-0.260803,-0.965392,60.0,19.0,10.0,0.962892,1625251675.0,366985270.0,37.815026,-122.461439,10.854506,-0.999852,0.017199,60.0,25.0,9.0,0.974824,1625251675.0,367145450.0,37.827866,-122.474704,4.683158,0.14019,0.990125,60.0,16.0,9.0,0.9901,1625251675.0,368052630.0,37.846618,-122.464302,11.495922,-0.274983,-0.961449,60.0,42.0,10.0,0.978669,1625251675.0,368060190.0,37.809763,-122.485378,18.15929,-0.821268,-0.570543,50.0,21.0,6.0,0.979126,294.06944444444446,5.745833333333334,10.0
1625251676.0,338368567.0,37.813394,-122.441646,7.274567,-0.294256,0.955727,37.0,13.0,4.0,0.979422,1625251676.0,366864850.0,37.813283,-122.463594,10.486175,-0.264241,-0.964457,60.0,19.0,10.0,0.963585,1625251676.0,366985270.0,37.815027,-122.461502,10.851611,-0.999886,0.015114,60.0,25.0,9.0,0.971682,1625251676.0,367145450.0,37.827888,-122.4747,4.633796,0.131312,0.991341,60.0,16.0,9.0,0.989958,1625251676.0,368052630.0,37.846567,-122.464321,11.495311,-0.272187,-0.962244,60.0,42.0,10.0,0.976011,1625251676.0,368060190.0,37.809715,-122.485465,18.161149,-0.821057,-0.570846,50.0,21.0,6.0,0.976517,294.0888888888889,5.746666666666667,10.0
1625251677.0,338368567.0,37.813426,-122.441659,7.278822,-0.284179,0.958771,37.0,13.0,4.0,0.977099,1625251677.0,366864850.0,37.813236,-122.46361,10.484842,-0.267648,-0.963517,60.0,19.0,10.0,0.964275,1625251677.0,366985270.0,37.815028,-122.461566,10.848507,-0.999914,0.013085,60.0,25.0,9.0,0.968541,1625251677.0,367145450.0,37.827909,-122.474696,4.585925,0.12258,0.992459,60.0,16.0,9.0,0.989846,1625251677.0,368052630.0,37.846516,-122.464339,11.494702,-0.26936,-0.963039,60.0,42.0,10.0,0.973354,1625251677.0,368060190.0,37.809667,-122.485553,18.16264,-0.820879,-0.571102,50.0,21.0,6.0,0.973907,294.1083333333333,5.7475000000000005,10.0
1625251678.0,338368567.0,37.813458,-122.441671,7.2835,-0.274448,0.961602,37.0,13.0,4.0,0.974769,1625251678.0,366864850.0,37.813189,-122.463626,10.481688,-0.271025,-0.962572,60.0,19.0,10.0,0.964965,1625251678.0,366985270.0,37.815029,-122.46163,10.845191,-0.999938,0.011111,60.0,25.0,9.0,0.965402,1625251678.0,367145450.0,37.82793,-122.474693,4.539515,0.114008,0.99348,60.0,16.0,9.0,0.989763,1625251678.0,368052630.0,37.846465,-122.464357,11.494096,-0.266504,-0.963834,60.0,42.0,10.0,0.970699,1625251678.0,368060190.0,37.809619,-122.48564,18.16376,-0.820734,-0.571311,50.0,21.0,6.0,0.971298,294.1277777777778,5.748333333333333,10.0
1625251679.0,338368567.0,37.813491,-122.441683,7.288516,-0.265068,0.96423,37.0,13.0,4.0,0.972432,1625251679.0,366864850.0,37.813142,-122.463643,10.47671,-0.274375,-0.961623,60.0,19.0,10.0,0.965653,1625251679.0,366985270.0,37.815029,-122.461693,10.841659,-0.999958,0.009192,60.0,25.0,9.0,0.962264,1625251679.0,367145450.0,37.827951,-122.47469,4.494534,0.10561,0.994408,60.0,16.0,9.0,0.989707,1625251679.0,368052630.0,37.846414,-122.464375,11.493498,-0.263618,-0.964627,60.0,42.0,10.0,0.968046,1625251679.0,368060190.0,37.809571,-122.485727,18.164511,-0.82062,-0.571474,50.0,21.0,6.0,0.968688,294.14722222222224,5.749166666666667,10.0
1625251680.0,338368567.0,37.813523,-122.441694,7.293788,-0.256042,0.966666,37.0,13.0,4.0,0.970089,1625251680.0,366864850.0,37.813096,-122.46366,10.469906,-0.2777,-0.960668,60.0,19.0,10.0,0.966339,1625251680.0,366985270.0,37.81503,-122.461757,10.837908,-0.999973,0.007329,60.0,25.0,9.0,0.959128,1625251680.0,367145450.0,37.827972,-122.474687,4.450952,0.0974,0.995245,60.0,16.0,9.0,0.989679,1625251680.0,368052630.0,37.846362,-122.464393,11.492909,-0.260701,-0.96542,60.0,42.0,10.0,0.965395,1625251680.0,368060190.0,37.809523,-122.485815,18.16489,-0.820539,-0.57159,50.0,21.0,6.0,0.966079,294.1666666666667,5.75,10.0
1625251681.0,338368567.0,37.813556,-122.441705,7.299238,-0.247374,0.96892,37.0,13.0,4.0,0.96774,1625251681.0,366864850.0,37.813049,-122.463677,10.461272,-0.281,-0.959708,60.0,19.0,10.0,0.967024,1625251681.0,366985270.0,37.81503,-122.46182,10.834024,-0.999985,0.005521,60.0,25.0,9.0,0.955993,1625251681.0,367145450.0,37.827992,-122.474685,4.408736,0.089393,0.995996,60.0,16.0,9.0,0.989677,1625251681.0,368052630.0,37.846311,-122.464411,11.492333,-0.257754,-0.966211,60.0,42.0,10.0,0.962747,1625251681.0,368060190.0,37.809475,-122.485902,18.164898,-0.82049,-0.57166,50.0,21.0,6.0,0.96347,294.1861111111112,5.7508333333333335,10.0
1625251682.0,338368567.0,37.813589,-122.441716,7.304789,-0.239065,0.971004,37.0,13.0,4.0,0.965384,1625251682.0,366864850.0,37.813003,-122.463694,10.450806,-0.284279,-0.958742,60.0,19.0,10.0,0.967707,1625251682.0,366985270.0,37.81503,-122.461883,10.830366,-0.999993,0.003767,60.0,25.0,9.0,0.95286,1625251682.0,367145450.0,37.828013,-122.474682,4.367855,0.081601,0.996665,60.0,16.0,9.0,0.989699,1625251682.0,368052630.0,37.84626,-122.464428,11.491772,-0.254777,-0.967,60.0,42.0,10.0,0.9601,1625251682.0,368060190.0,37.809427,-122.485989,18.164535,-0.820474,-0.571684,50.0,21.0,6.0,0.960861,294.2055555555556,5.751666666666667,10.0
1625251683.0,338368567.0,37.813621,-122.441726,7.310369,-0.231117,0.972926,37.0,13.0,4.0,0.963023,1625251683.0,366864850.0,37.812956,-122.463711,10.438505,-0.287537,-0.95777,60.0,19.0,10.0,0.968389,1625251683.0,366985270.0,37.81503,-122.461947,10.827021,-0.999998,0.002068,60.0,25.0,9.0,0.949729,1625251683.0,367145450.0,37.828033,-122.47468,4.328279,0.074039,0.997255,60.0,16.0,9.0,0.989745,1625251683.0,368052630.0,37.846208,-122.464445,11.491231,-0.251769,-0.967787,60.0,42.0,10.0,0.957455,1625251683.0,368060190.0,37.809379,-122.486076,18.163799,-0.82049,-0.571661,50.0,21.0,6.0,0.958252,294.225,5.7525,10.0
1625251684.0,338368567.0,37.813654,-122.441736,7.315911,-0.223531,0.974697,37.0,13.0,4.0,0.960657,1625251684.0,366864850.0,37.81291,-122.463729,10.424368,-0.290776,-0.956791,60.0,19.0,10.0,0.969069,1625251684.0,366985270.0,37.815031,-122.46201,10.823985,-1.0,0.000424,60.0,25.0,9.0,0.946599,1625251684.0,367145450.0,37.828053,-122.474679,4.289976,0.066721,0.997772,60.0,16.0,9.0,0.989814,1625251684.0,368052630.0,37.846157,-122.464462,11.490712,-0.248731,-0.968573,60.0,42.0,10.0,0.954813,1625251684.0,368060190.0,37.809331,-122.486164,18.162692,-0.820539,-0.571591,50.0,21.0,6.0,0.955643,294.2444444444444,5.753333333333334,10.0
1625251685.0,338368567.0,37.813687,-122.441745,7.321349,-0.216309,0.976325,37.0,13.0,4.0,0.958286,1625251685.0,366864850.0,37.812864,-122.463747,10.408393,-0.293999,-0.955806,60.0,19.0,10.0,0.969748,1625251685.0,366985270.0,37.815031,-122.462074,10.821256,-0.999999,-0.001165,60.0,25.0,9.0,0.943471,1625251685.0,367145450.0,37.828072,-122.474677,4.252916,0.059661,0.998219,60.0,16.0,9.0,0.989904,1625251685.0,368052630.0,37.846105,-122.464479,11.490217,-0.245663,-0.969355,60.0,42.0,10.0,0.952172,1625251685.0,368060190.0,37.809283,-122.486251,18.161213,-0.82062,-0.571475,50.0,21.0,6.0,0.953034,294.2638888888889,5.754166666666666,10.0
1625251686.0,338368567.0,37.81372,-122.441755,7.326621,-0.209451,0.977819,37.0,13.0,4.0,0.95591,1625251686.0,366864850.0,37.812818,-122.463765,10.390576,-0.297206,-0.954813,60.0,19.0,10.0,0.970425,1625251686.0,366985270.0,37.815031,-122.462137,10.818831,-0.999996,-0.0027,60.0,25.0,9.0,0.940343,1625251686.0,367145450.0,37.828092,-122.474675,4.217069,0.05287,0.998601,60.0,16.0,9.0,0.990015,1625251686.0,368052630.0,37.846054,-122.464495,11.489751,-0.242564,-0.970135,60.0,42.0,10.0,0.949534,1625251686.0,368060190.0,37.809235,-122.486338,18.159364,-0.820733,-0.571312,50.0,21.0,6.0,0.950426,294.2833333333333,5.755000000000001,10.0
1625251687.0,338368567.0,37.813754,-122.441764,7.331669,-0.202958,0.979187,37.0,13.0,4.0,0.95353,1625251687.0,366864850.0,37.812772,-122.463783,10.370917,-0.300399,-0.953814,60.0,19.0,10.0,0.9711,1625251687.0,366985270.0,37.81503,-122.4622,10.816707,-0.999991,-0.004178,60.0,25.0,9.0,0.937217,1625251687.0,367145450.0,37.828112,-122.474674,4.182407,0.046364,0.998925,60.0,16.0,9.0,0.990145,1625251687.0,368052630.0,37.846002,-122.464512,11.489316,-0.239434,-0.970913,60.0,42.0,10.0,0.946899,1625251687.0,368060190.0,37.809187,-122.486426,18.157144,-0.820878,-0.571103,50.0,21.0,6.0,0.947817,294.3027777777778,5.755833333333333,10.0
1625251688.0,338368567.0,37.813787,-122.441772,7.336438,-0.19683,0.980438,37.0,13.0,4.0,0.951146,1625251688.0,366864850.0,37.812726,-122.463801,10.349414,-0.303581,-0.952806,60.0,19.0,10.0,0.971773,1625251688.0,366985270.0,37.81503,-122.462264,10.814882,-0.999984,-0.005602,60.0,25.0,9.0,0.934093,1625251688.0,367145450.0,37.828131,-122.474673,4.1489,0.040155,0.999193,60.0,16.0,9.0,0.990293,1625251688.0,368052630.0,37.84595,-122.464528,11.488916,-0.236274,-0.971686,60.0,42.0,10.0,0.944265,1625251688.0,368060190.0,37.809139,-122.486513,18.154554,-0.821056,-0.570847,50.0,21.0,6.0,0.945209,294.3222222222222,5.756666666666667,10.0
1625251689.0,338368567.0,37.81382,-122.441781,7.340876,-0.191066,0.981577,37.0,13.0,4.0,0.948758,1625251689.0,366864850.0,37.812681,-122.463819,10.326066,-0.306752,-0.951789,60.0,19.0,10.0,0.972445,1625251689.0,366985270.0,37.81503,-122.462327,10.813353,-0.999976,-0.00697,60.0,25.0,9.0,0.930969,1625251689.0,367145450.0,37.82815,-122.474672,4.116521,0.034255,0.999413,60.0,16.0,9.0,0.990459,1625251689.0,368052630.0,37.845899,-122.464544,11.488553,-0.233084,-0.972457,60.0,42.0,10.0,0.941635,1625251689.0,368060190.0,37.809091,-122.4866,18.151596,-0.821267,-0.570545,50.0,21.0,6.0,0.942601,294.3416666666667,5.7575,10.0
1625251690.0,338368567.0,37.813853,-122.441789,7.344935,-0.185666,0.982613,37.0,13.0,4.0,0.946367,1625251690.0,366864850.0,37.812635,-122.463838,10.30087,-0.309915,-0.950764,60.0,19.0,10.0,0.973114,1625251690.0,366985270.0,37.81503,-122.46239,10.812117,-0.999966,-0.008282,60.0,25.0,9.0,0.927846,1625251690.0,367145450.0,37.828169,-122.474671,4.085244,0.028677,0.999589,60.0,16.0,9.0,0.990641,1625251690.0,368052630.0,37.845847,-122.464559,11.488232,-0.229862,-0.973223,60.0,42.0,10.0,0.939006,1625251690.0,368060190.0,37.809043,-122.486687,18.148271,-0.821509,-0.570195,50.0,21.0,6.0,0.939993,294.3611111111111,5.758333333333333,10.0
1625251691.0,338368567.0,37.813887,-122.441797,7.348568,-0.180631,0.983551,37.0,13.0,4.0,0.943972,1625251691.0,366864850.0,37.81259,-122.463857,10.273825,-0.313071,-0.94973,60.0,19.0,10.0,0.973781,1625251691.0,366985270.0,37.815029,-122.462454,10.811172,-0.999955,-0.009538,60.0,25.0,9.0,0.924724,1625251691.0,367145450.0,37.828188,-122.47467,4.055043,0.023433,0.999725,60.0,16.0,9.0,0.990839,1625251691.0,368052630.0,37.845795,-122.464575,11.487955,-0.22661,-0.973986,60.0,42.0,10.0,0.93638,1625251691.0,368060190.0,37.808995,-122.486775,18.144579,-0.821784,-0.569799,50.0,21.0,6.0,0.937386,294.3805555555556,5.759166666666667,10.0
1625251692.0,338368567.0,37.81392,-122.441805,7.351736,-0.175959,0.984398,37.0,13.0,4.0,0.941575,1625251692.0,366864850.0,37.812545,-122.463876,10.244931,-0.316222,-0.948685,60.0,19.0,10.0,0.974446,1625251692.0,366985270.0,37.815029,-122.462517,10.810515,-0.999942,-0.010738,60.0,25.0,9.0,0.921603,1625251692.0,367145450.0,37.828207,-122.47467,4.025894,0.018536,0.999828,60.0,16.0,9.0,0.99105,1625251692.0,368052630.0,37.845744,-122.46459,11.487725,-0.223327,-0.974744,60.0,42.0,10.0,0.933757,1625251692.0,368060190.0,37.808947,-122.486862,18.140522,-0.822091,-0.569356,50.0,21.0,6.0,0.934778,294.4,5.76,10.0
1625251693.0,338368567.0,37.813954,-122.441812,7.354397,-0.17165,0.985158,37.0,13.0,4.0,0.939175,1625251693.0,366864850.0,37.8125,-122.463894,10.214187,-0.319369,-0.94763,60.0,19.0,10.0,0.975108,1625251693.0,366985270.0,37.815028,-122.46258,10.810146,-0.999929,-0.011882,60.0,25.0,9.0,0.918483,1625251693.0,367145450.0,37.828225,-122.474669,3.997773,0.013995,0.999902,60.0,16.0,9.0,0.991275,1625251693.0,368052630.0,37.845692,-122.464605,11.487547,-0.220013,-0.975497,60.0,42.0,10.0,0.931136,1625251693.0,368060190.0,37.8089,-122.486949,18.136103,-0.82243,-0.568866,50.0,21.0,6.0,0.932171,294.4194444444445,5.760833333333334,10.0
1625251694.0,338368567.0,37.813987,-122.44182,7.356517,-0.167704,0.985837,37.0,13.0,4.0,0.936773,1625251694.0,366864850.0,37.812455,-122.463914,10.181591,-0.322515,-0.946564,60.0,19.0,10.0,0.975768,1625251694.0,366985270.0,37.815028,-122.462644,10.81006,-0.999916,-0.01297,60.0,25.0,9.0,0.915363,1625251694.0,367145450.0,37.828244,-122.474669,3.97066,0.009823,0.999952,60.0,16.0,9.0,0.991513,1625251694.0,368052630.0,37.84564,-122.46462,11.487407,-0.216688,-0.976241,60.0,42.0,10.0,0.928518,1625251694.0,368060190.0,37.808852,-122.487037,18.131322,-0.822802,-0.568328,50.0,21.0,6.0,0.929564,294.43888888888887,5.761666666666667,10.0
1625251695.0,338368567.0,37.814021,-122.441827,7.358064,-0.164121,0.98644,37.0,13.0,4.0,0.934369,1625251695.0,366864850.0,37.812411,-122.463933,10.147142,-0.32566,-0.945487,60.0,19.0,10.0,0.976425,1625251695.0,366985270.0,37.815027,-122.462707,10.810257,-0.999902,-0.014002,60.0,25.0,9.0,0.912244,1625251695.0,367145450.0,37.828262,-122.474669,3.944533,0.006031,0.999982,60.0,16.0,9.0,0.991761,1625251695.0,368052630.0,37.845588,-122.464635,11.487235,-0.213431,-0.976958,60.0,42.0,10.0,0.925903,1625251695.0,368060190.0,37.808804,-122.487124,18.126182,-0.823206,-0.567743,50.0,21.0,6.0,0.926958,294.4583333333333,5.7625,10.0
1625251696.0,338368567.0,37.814054,-122.441834,7.359006,-0.160899,0.986971,37.0,13.0,4.0,0.931964,1625251696.0,366864850.0,37.812366,-122.463952,10.11084,-0.328807,-0.944397,60.0,19.0,10.0,0.97708,1625251696.0,366985270.0,37.815026,-122.46277,10.810735,-0.999888,-0.014977,60.0,25.0,9.0,0.909125,1625251696.0,367145450.0,37.828281,-122.474669,3.919375,0.002629,0.999997,60.0,16.0,9.0,0.99202,1625251696.0,368052630.0,37.845536,-122.464649,11.487007,-0.210262,-0.977645,60.0,42.0,10.0,0.92329,1625251696.0,368060190.0,37.808757,-122.487211,18.120685,-0.823641,-0.567111,50.0,21.0,6.0,0.924352,294.47777777777776,5.763333333333334,10.0
1625251697.0,338368567.0,37.814088,-122.441841,7.359319,-0.158039,0.987433,37.0,13.0,4.0,0.929557,1625251697.0,366864850.0,37.812322,-122.463972,10.072685,-0.331958,-0.943294,60.0,19.0,10.0,0.977731,1625251697.0,366985270.0,37.815025,-122.462834,10.811492,-0.999874,-0.015896,60.0,25.0,9.0,0.906006,1625251697.0,367145450.0,37.828299,-122.474669,3.895169,-0.000374,1.0,60.0,16.0,9.0,0.992287,1625251697.0,368052630.0,37.845484,-122.464663,11.486711,-0.20718,-0.978303,60.0,42.0,10.0,0.92068,1625251697.0,368060190.0,37.808709,-122.487299,18.114834,-0.824109,-0.566431,50.0,21.0,6.0,0.921746,294.4972222222222,5.764166666666666,10.0
1625251698.0,338368567.0,37.814122,-122.441848,7.358978,-0.15554,0.98783,37.0,13.0,4.0,0.92715,1625251698.0,366864850.0,37.812278,-122.463991,10.032675,-0.335114,-0.942178,60.0,19.0,10.0,0.978379,1625251698.0,366985270.0,37.815025,-122.462897,10.812526,-0.99986,-0.016759,60.0,25.0,9.0,0.902888,1625251698.0,367145450.0,37.828317,-122.474669,3.871899,-0.002966,0.999996,60.0,16.0,9.0,0.992563,1625251698.0,368052630.0,37.845432,-122.464677,11.486338,-0.204186,-0.978932,60.0,42.0,10.0,0.918073,1625251698.0,368060190.0,37.808662,-122.487386,18.108631,-0.824609,-0.565703,50.0,21.0,6.0,0.91914,294.51666666666665,5.765000000000001,10.0
1625251699.0,338368567.0,37.814155,-122.441854,7.357962,-0.153402,0.988164,37.0,13.0,4.0,0.924742,1625251699.0,366864850.0,37.812234,-122.464011,9.990812,-0.338276,-0.941047,60.0,19.0,10.0,0.979024,1625251699.0,366985270.0,37.815024,-122.46296,10.813835,-0.999846,-0.017565,60.0,25.0,9.0,0.89977,1625251699.0,367145450.0,37.828335,-122.474669,3.849554,-0.00514,0.999987,60.0,16.0,9.0,0.992847,1625251699.0,368052630.0,37.84538,-122.464691,11.485878,-0.20128,-0.979534,60.0,42.0,10.0,0.915468,1625251699.0,368060190.0,37.808614,-122.487474,18.102078,-0.82514,-0.564928,50.0,21.0,6.0,0.916535,294.5361111111111,5.765833333333333,10.0
1625251700.0,338368567.0,37.814189,-122.441861,7.356256,-0.151624,0.988438,37.0,13.0,4.0,0.922335,1625251700.0,366864850.0,37.812191,-122.464031,9.947093,-0.341448,-0.939901,60.0,19.0,10.0,0.979666,1625251700.0,366985270.0,37.815023,-122.463024,10.815418,-0.999832,-0.018314,60.0,25.0,9.0,0.896652,1625251700.0,367145450.0,37.828352,-122.474669,3.828122,-0.006886,0.999976,60.0,16.0,9.0,0.993136,1625251700.0,368052630.0,37.845328,-122.464704,11.485322,-0.198462,-0.980109,60.0,42.0,10.0,0.912866,1625251700.0,368060190.0,37.808567,-122.487561,18.09518,-0.825704,-0.564104,50.0,21.0,6.0,0.91393,294.55555555555554,5.766666666666668,10.0
1625251701.0,338368567.0,37.814223,-122.441868,7.353843,-0.150208,0.988654,37.0,13.0,4.0,0.919927,1625251701.0,366864850.0,37.812148,-122.464051,9.901521,-0.344631,-0.938738,60.0,19.0,10.0,0.980303,1625251701.0,366985270.0,37.815022,-122.463087,10.817275,-0.999819,-0.019007,60.0,25.0,9.0,0.893534,1625251701.0,367145450.0,37.82837,-122.474669,3.807593,-0.008195,0.999966,60.0,16.0,9.0,0.993431,1625251701.0,368052630.0,37.845276,-122.464718,11.48466,-0.195732,-0.980657,60.0,42.0,10.0,0.910267,1625251701.0,368060190.0,37.80852,-122.487649,18.087937,-0.826299,-0.563232,50.0,21.0,6.0,0.911325,294.575,5.7675,10.0
1625251702.0,338368567.0,37.814256,-122.441874,7.350712,-0.149154,0.988814,37.0,13.0,4.0,0.91752,1625251702.0,366864850.0,37.812105,-122.464071,9.854094,-0.347827,-0.937559,60.0,19.0,10.0,0.980937,1625251702.0,366985270.0,37.815021,-122.46315,10.819402,-0.999807,-0.019644,60.0,25.0,9.0,0.890416,1625251702.0,367145450.0,37.828388,-122.474669,3.787963,-0.00906,0.999959,60.0,16.0,9.0,0.99373,1625251702.0,368052630.0,37.845224,-122.464731,11.483883,-0.19309,-0.981181,60.0,42.0,10.0,0.90767,1625251702.0,368060190.0,37.808472,-122.487736,18.080355,-0.826926,-0.562311,50.0,21.0,6.0,0.908721,294.59444444444443,5.7683333333333335,10.0
1625251703.0,338368567.0,37.81429,-122.44188,7.346855,-0.14846,0.988918,37.0,13.0,4.0,0.915113,1625251703.0,366864850.0,37.812062,-122.464091,9.804812,-0.351037,-0.936362,60.0,19.0,10.0,0.981566,1625251703.0,366985270.0,37.81502,-122.463214,10.8218,-0.999795,-0.020223,60.0,25.0,9.0,0.887297,1625251703.0,367145450.0,37.828405,-122.474669,3.769225,-0.009473,0.999955,60.0,16.0,9.0,0.994032,1625251703.0,368052630.0,37.845172,-122.464744,11.482984,-0.190537,-0.98168,60.0,42.0,10.0,0.905076,1625251703.0,368060190.0,37.808425,-122.487824,18.072437,-0.827585,-0.561341,50.0,21.0,6.0,0.906117,294.6138888888889,5.769166666666667,10.0
1625251704.0,338368567.0,37.814323,-122.441887,7.342267,-0.148129,0.988968,37.0,13.0,4.0,0.912708,1625251704.0,366864850.0,37.812019,-122.464111,9.753678,-0.354264,-0.935145,60.0,19.0,10.0,0.982191,1625251704.0,366985270.0,37.815019,-122.463277,10.824467,-0.999785,-0.020747,60.0,25.0,9.0,0.884178,1625251704.0,367145450.0,37.828423,-122.47467,3.751378,-0.009427,0.999956,60.0,16.0,9.0,0.994337,1625251704.0,368052630.0,37.84512,-122.464757,11.481954,-0.188072,-0.982155,60.0,42.0,10.0,0.902484,1625251704.0,368060190.0,37.808379,-122.487911,18.064186,-0.828275,-0.560322,50.0,21.0,6.0,0.903513,294.6333333333333,5.77,10.0
1625251705.0,338368567.0,37.814357,-122.441893,7.336943,-0.14816,0.988963,37.0,13.0,4.0,0.910305,1625251705.0,366864850.0,37.811977,-122.464131,9.70069,-0.35751,-0.933909,60.0,19.0,10.0,0.982811,1625251705.0,366985270.0,37.815018,-122.46334,10.827402,-0.999775,-0.021213,60.0,25.0,9.0,0.881059,1625251705.0,367145450.0,37.82844,-122.47467,3.734422,-0.008916,0.99996,60.0,16.0,9.0,0.994642,1625251705.0,368052630.0,37.845068,-122.464769,11.480785,-0.185696,-0.982607,60.0,42.0,10.0,0.899895,1625251705.0,368060190.0,37.808332,-122.487999,18.055606,-0.828996,-0.559255,50.0,21.0,6.0,0.90091,294.65277777777777,5.770833333333334,10.0
1625251706.0,338368567.0,37.814391,-122.4419,7.330885,-0.148554,0.988904,37.0,13.0,4.0,0.907903,1625251706.0,366864850.0,37.811935,-122.464151,9.645849,-0.360777,-0.932652,60.0,19.0,10.0,0.983426,1625251706.0,366985270.0,37.815017,-122.463404,10.830605,-0.999766,-0.021623,60.0,25.0,9.0,0.877939,1625251706.0,367145450.0,37.828457,-122.47467,3.71836,-0.007933,0.999969,60.0,16.0,9.0,0.994949,1625251706.0,368052630.0,37.845015,-122.464782,11.47947,-0.183408,-0.983037,60.0,42.0,10.0,0.897309,1625251706.0,368060190.0,37.808285,-122.488087,18.046701,-0.829749,-0.558137,50.0,21.0,6.0,0.898308,294.6722222222222,5.7716666666666665,10.0
1625251707.0,338368567.0,37.814424,-122.441906,7.324096,-0.149313,0.98879,37.0,13.0,4.0,0.905504,1625251707.0,366864850.0,37.811894,-122.464172,9.589157,-0.364068,-0.931372,60.0,19.0,10.0,0.984037,1625251707.0,366985270.0,37.815016,-122.463467,10.834074,-0.999758,-0.021976,60.0,25.0,9.0,0.874819,1625251707.0,367145450.0,37.828475,-122.47467,3.703196,-0.006473,0.999979,60.0,16.0,9.0,0.995255,1625251707.0,368052630.0,37.844963,-122.464794,11.478,-0.181208,-0.983445,60.0,42.0,10.0,0.894725,1625251707.0,368060190.0,37.808238,-122.488174,18.037475,-0.830533,-0.55697,50.0,21.0,6.0,0.895705,294.69166666666666,5.7725,10.0
1625251708.0,338368567.0,37.814458,-122.441912,7.316582,-0.150438,0.988619,37.0,13.0,4.0,0.903108,1625251708.0,366864850.0,37.811852,-122.464192,9.530615,-0.367384,-0.930069,60.0,19.0,10.0,0.984641,1625251708.0,366985270.0,37.815015,-122.463531,10.83781,-0.999752,-0.022273,60.0,25.0,9.0,0.871698,1625251708.0,367145450.0,37.828492,-122.47467,3.68894,-0.004531,0.99999,60.0,16.0,9.0,0.995559,1625251708.0,368052630.0,37.844911,-122.464806,11.47637,-0.179098,-0.983831,60.0,42.0,10.0,0.892143,1625251708.0,368060190.0,37.808192,-122.488262,18.027934,-0.831348,-0.555753,50.0,21.0,6.0,0.893104,294.7111111111111,5.773333333333333,10.0
1625251709.0,338368567.0,37.814491,-122.441919,7.308352,-0.151929,0.988391,37.0,13.0,4.0,0.900714,1625251709.0,366864850.0,37.811811,-122.464213,9.470223,-0.370728,-0.928741,60.0,19.0,10.0,0.98524,1625251709.0,366985270.0,37.815014,-122.463594,10.841811,-0.999747,-0.022514,60.0,25.0,9.0,0.868576,1625251709.0,367145450.0,37.828509,-122.47467,3.6756,-0.002103,0.999998,60.0,16.0,9.0,0.995861,1625251709.0,368052630.0,37.844859,-122.464818,11.474572,-0.177076,-0.984197,60.0,42.0,10.0,0.889564,1625251709.0,368060190.0,37.808146,-122.48835,18.01808,-0.832194,-0.554485,50.0,21.0,6.0,0.890502,294.73055555555555,5.774166666666667,10.0
1625251710.0,338368567.0,37.814524,-122.441925,7.299419,-0.153788,0.988104,37.0,13.0,4.0,0.898324,1625251710.0,366864850.0,37.811771,-122.464233,9.407983,-0.374102,-0.927387,60.0,19.0,10.0,0.985833,1625251710.0,366985270.0,37.815013,-122.463657,10.846076,-0.999742,-0.022698,60.0,25.0,9.0,0.865454,1625251710.0,367145450.0,37.828526,-122.47467,3.66319,0.000814,1.0,60.0,16.0,9.0,0.996159,1625251710.0,368052630.0,37.844806,-122.46483,11.4726,-0.175142,-0.984543,60.0,42.0,10.0,0.886988,1625251710.0,368060190.0,37.808099,-122.488438,18.00792,-0.833071,-0.553167,50.0,21.0,6.0,0.887902,294.75,5.775,10.0
1625251711.0,338368567.0,37.814558,-122.441932,7.289797,-0.156017,0.987754,37.0,13.0,4.0,0.895937,1625251711.0,366864850.0,37.81173,-122.464254,9.343898,-0.37751,-0.926006,60.0,19.0,10.0,0.98642,1625251711.0,366985270.0,37.815011,-122.463721,10.850607,-0.999739,-0.022825,60.0,25.0,9.0,0.86233,1625251711.0,367145450.0,37.828543,-122.47467,3.651725,0.004224,0.999991,60.0,16.0,9.0,0.996453,1625251711.0,368052630.0,37.844754,-122.464842,11.470447,-0.173298,-0.984869,60.0,42.0,10.0,0.884414,1625251711.0,368060190.0,37.808053,-122.488525,17.997458,-0.833978,-0.551797,50.0,21.0,6.0,0.885301,294.76944444444445,5.775833333333333,10.0
1625251712.0,338368567.0,37.814591,-122.441939,7.279506,-0.158618,0.98734,37.0,13.0,4.0,0.893555,1625251712.0,366864850.0,37.81169,-122.464275,9.277967,-0.380953,-0.924594,60.0,19.0,10.0,0.987,1625251712.0,366985270.0,37.81501,-122.463784,10.855402,-0.999738,-0.022896,60.0,25.0,9.0,0.859206,1625251712.0,367145450.0,37.82856,-122.47467,3.641224,0.008127,0.999967,60.0,16.0,9.0,0.996741,1625251712.0,368052630.0,37.844702,-122.464854,11.468109,-0.171542,-0.985177,60.0,42.0,10.0,0.881842,1625251712.0,368060190.0,37.808007,-122.488613,17.9867,-0.834916,-0.550377,50.0,21.0,6.0,0.882701,294.7888888888889,5.776666666666667,10.0
1625251713.0,338368567.0,37.814624,-122.441945,7.268567,-0.161591,0.986858,37.0,13.0,4.0,0.891177,1625251713.0,366864850.0,37.81165,-122.464295,9.210194,-0.384434,-0.923152,60.0,19.0,10.0,0.987574,1625251713.0,366985270.0,37.815009,-122.463848,10.860461,-0.999738,-0.022911,60.0,25.0,9.0,0.85608,1625251713.0,367145450.0,37.828576,-122.47467,3.631706,0.012526,0.999922,60.0,16.0,9.0,0.997024,1625251713.0,368052630.0,37.84465,-122.464865,11.465578,-0.169875,-0.985466,60.0,42.0,10.0,0.879273,1625251713.0,368060190.0,37.807961,-122.488701,17.97565,-0.835885,-0.548905,50.0,21.0,6.0,0.880102,294.80833333333334,5.7775,10.0
1625251714.0,338368567.0,37.814658,-122.441952,7.257004,-0.16494,0.986304,37.0,13.0,4.0,0.888804,1625251714.0,366864850.0,37.811611,-122.464316,9.140581,-0.387957,-0.921677,60.0,19.0,10.0,0.98814,1625251714.0,366985270.0,37.815008,-122.463912,10.865784,-0.999738,-0.02287,60.0,25.0,9.0,0.852953,1625251714.0,367145450.0,37.828593,-122.47467,3.623195,0.017421,0.999848,60.0,16.0,9.0,0.997299,1625251714.0,368052630.0,37.844597,-122.464877,11.462851,-0.168298,-0.985736,60.0,42.0,10.0,0.876706,1625251714.0,368060190.0,37.807916,-122.488789,17.964314,-0.836884,-0.547381,50.0,21.0,6.0,0.877503,294.8277777777778,5.778333333333333,10.0
1625251715.0,338368567.0,37.814691,-122.441959,7.244845,-0.168666,0.985673,37.0,13.0,4.0,0.886436,1625251715.0,366864850.0,37.811572,-122.464337,9.06913,-0.391524,-0.920168,60.0,19.0,10.0,0.988699,1625251715.0,366985270.0,37.815007,-122.463975,10.871372,-0.999741,-0.022772,60.0,25.0,9.0,0.849825,1625251715.0,367145450.0,37.82861,-122.47467,3.615718,0.02281,0.99974,60.0,16.0,9.0,0.997566,1625251715.0,368052630.0,37.844545,-122.464888,11.459922,-0.166809,-0.985989,60.0,42.0,10.0,0.874142,1625251715.0,368060190.0,37.80787,-122.488877,17.952699,-0.837913,-0.545804,50.0,21.0,6.0,0.874905,294.84722222222223,5.779166666666667,10.0
1625251716.0,338368567.0,37.814724,-122.441966,7.232123,-0.172772,0.984962,37.0,13.0,4.0,0.884074,1625251716.0,366864850.0,37.811534,-122.464358,8.995845,-0.395138,-0.918622,60.0,19.0,10.0,0.98925,1625251716.0,366985270.0,37.815006,-122.464039,10.877225,-0.999744,-0.022619,60.0,25.0,9.0,0.846695,1625251716.0,367145450.0,37.828627,-122.474669,3.609301,0.028692,0.999588,60.0,16.0,9.0,0.997824,1625251716.0,368052630.0,37.844493,-122.464899,11.456785,-0.165409,-0.986225,60.0,42.0,10.0,0.87158,1625251716.0,368060190.0,37.807825,-122.488965,17.94081,-0.838972,-0.544175,50.0,21.0,6.0,0.872307,294.8666666666667,5.78,10.0
1625251717.0,338368567.0,37.814757,-122.441974,7.21887,-0.177258,0.984164,37.0,13.0,4.0,0.881717,1625251717.0,366864850.0,37.811495,-122.464378,8.920727,-0.398803,-0.917037,60.0,19.0,10.0,0.989793,1625251717.0,366985270.0,37.815005,-122.464103,10.883342,-0.999749,-0.022409,60.0,25.0,9.0,0.843564,1625251717.0,367145450.0,37.828643,-122.474668,3.603977,0.035064,0.999385,60.0,16.0,9.0,0.998073,1625251717.0,368052630.0,37.844441,-122.46491,11.453438,-0.164098,-0.986444,60.0,42.0,10.0,0.86902,1625251717.0,368060190.0,37.80778,-122.489054,17.928653,-0.84006,-0.542493,50.0,21.0,6.0,0.86971,294.8861111111111,5.780833333333334,10.0
1625251718.0,338368567.0,37.81479,-122.441981,7.205126,-0.182129,0.983275,37.0,13.0,4.0,0.879367,1625251718.0,366864850.0,37.811457,-122.464399,8.84378,-0.402522,-0.91541,60.0,19.0,10.0,0.990327,1625251718.0,366985270.0,37.815003,-122.464166,10.889724,-0.999755,-0.022144,60.0,25.0,9.0,0.840431,1625251718.0,367145450.0,37.82866,-122.474668,3.599777,0.041923,0.999121,60.0,16.0,9.0,0.99831,1625251718.0,368052630.0,37.844388,-122.464921,11.449875,-0.162877,-0.986646,60.0,42.0,10.0,0.866463,1625251718.0,368060190.0,37.807735,-122.489142,17.916236,-0.841178,-0.540758,50.0,21.0,6.0,0.867113,294.9055555555556,5.781666666666666,10.0
1625251719.0,338368567.0,37.814822,-122.441989,7.190931,-0.187384,0.982287,37.0,13.0,4.0,0.877024,1625251719.0,366864850.0,37.81142,-122.46442,8.765047,-0.406305,-0.913737,60.0,19.0,10.0,0.990852,1625251719.0,366985270.0,37.815002,-122.46423,10.896372,-0.999762,-0.021823,60.0,25.0,9.0,0.837296,1625251719.0,367145450.0,37.828677,-122.474667,3.596739,0.049262,0.998786,60.0,16.0,9.0,0.998536,1625251719.0,368052630.0,37.844336,-122.464932,11.446093,-0.161745,-0.986833,60.0,42.0,10.0,0.863908,1625251719.0,368060190.0,37.80769,-122.48923,17.903664,-0.842316,-0.538984,50.0,21.0,6.0,0.864517,294.925,5.782500000000001,10.0
1625251720.0,338368567.0,37.814855,-122.441997,7.17633,-0.193028,0.981193,37.0,13.0,4.0,0.874687,1625251720.0,366864850.0,37.811383,-122.464441,8.68469,-0.410185,-0.912002,60.0,19.0,10.0,0.991369,1625251720.0,366985270.0,37.815001,-122.464294,10.903286,-0.99977,-0.021447,60.0,25.0,9.0,0.83416,1625251720.0,367145450.0,37.828693,-122.474666,3.594898,0.057075,0.99837,60.0,16.0,9.0,0.998748,1625251720.0,368052630.0,37.844284,-122.464943,11.442088,-0.160702,-0.987003,60.0,42.0,10.0,0.861355,1625251720.0,368060190.0,37.807645,-122.489318,17.891343,-0.843436,-0.537229,50.0,21.0,6.0,0.861922,294.94444444444446,5.783333333333333,10.0
1625251721.0,338368567.0,37.814888,-122.442005,7.161372,-0.199061,0.979987,37.0,13.0,4.0,0.872359,1625251721.0,366864850.0,37.811346,-122.464462,8.602758,-0.414172,-0.910198,60.0,19.0,10.0,0.991875,1625251721.0,366985270.0,37.815,-122.464358,10.910468,-0.999779,-0.021015,60.0,25.0,9.0,0.831021,1625251721.0,367145450.0,37.82871,-122.474665,3.594295,0.065355,0.997862,60.0,16.0,9.0,0.998948,1625251721.0,368052630.0,37.844231,-122.464954,11.437857,-0.159749,-0.987158,60.0,42.0,10.0,0.858804,1625251721.0,368060190.0,37.807601,-122.489407,17.879369,-0.844529,-0.53551,50.0,21.0,6.0,0.859327,294.9638888888889,5.784166666666667,10.0
1625251722.0,338368567.0,37.81492,-122.442013,7.146109,-0.205486,0.97866,37.0,13.0,4.0,0.870038,1625251722.0,366864850.0,37.81131,-122.464483,8.519261,-0.418273,-0.908322,60.0,19.0,10.0,0.992372,1625251722.0,366985270.0,37.814999,-122.464422,10.917917,-0.999789,-0.020528,60.0,25.0,9.0,0.827881,1625251722.0,367145450.0,37.828727,-122.474663,3.594972,0.074093,0.997251,60.0,16.0,9.0,0.999133,1625251722.0,368052630.0,37.844179,-122.464964,11.433397,-0.158885,-0.987297,60.0,42.0,10.0,0.856256,1625251722.0,368060190.0,37.807557,-122.489495,17.867737,-0.845595,-0.533825,50.0,21.0,6.0,0.856732,294.9833333333333,5.785,10.0
1625251723.0,338368567.0,37.814952,-122.442022,7.130596,-0.212304,0.977204,37.0,13.0,4.0,0.867725,1625251723.0,366864850.0,37.811274,-122.464503,8.43421,-0.422491,-0.906367,60.0,19.0,10.0,0.992858,1625251723.0,366985270.0,37.814998,-122.464485,10.925634,-0.9998,-0.019986,60.0,25.0,9.0,0.824739,1625251723.0,367145450.0,37.828743,-122.474662,3.596972,0.083277,0.996526,60.0,16.0,9.0,0.999302,1625251723.0,368052630.0,37.844127,-122.464975,11.428705,-0.15811,-0.987421,60.0,42.0,10.0,0.85371,1625251723.0,368060190.0,37.807512,-122.489584,17.856443,-0.846633,-0.532177,50.0,21.0,6.0,0.854138,295.0027777777778,5.785833333333334,10.0
1625251724.0,338368567.0,37.814985,-122.442031,7.114893,-0.219516,0.975609,37.0,13.0,4.0,0.865421,1625251724.0,366864850.0,37.811239,-122.464524,8.347615,-0.426832,-0.904331,60.0,19.0,10.0,0.993332,1625251724.0,366985270.0,37.814997,-122.464549,10.933622,-0.999812,-0.019389,60.0,25.0,9.0,0.821594,1625251724.0,367145450.0,37.82876,-122.47466,3.60034,0.092896,0.995676,60.0,16.0,9.0,0.999456,1625251724.0,368052630.0,37.844075,-122.464986,11.423779,-0.157426,-0.987531,60.0,42.0,10.0,0.851166,1625251724.0,368060190.0,37.807468,-122.489672,17.845481,-0.847645,-0.530564,50.0,21.0,6.0,0.851545,295.02222222222224,5.786666666666667,10.0
1625251725.0,338368567.0,37.815017,-122.44204,7.099064,-0.227125,0.973866,37.0,13.0,4.0,0.863126,1625251725.0,366864850.0,37.811204,-122.464545,8.259489,-0.431302,-0.902208,60.0,19.0,10.0,0.993795,1625251725.0,366985270.0,37.814996,-122.464613,10.941879,-0.999824,-0.018736,60.0,25.0,9.0,0.818447,1625251725.0,367145450.0,37.828776,-122.474658,3.605122,0.102937,0.994688,60.0,16.0,9.0,0.999592,1625251725.0,368052630.0,37.844023,-122.464996,11.418616,-0.156831,-0.987625,60.0,42.0,10.0,0.848624,1625251725.0,368060190.0,37.807425,-122.489761,17.834847,-0.84863,-0.528987,50.0,21.0,6.0,0.848952,295.0416666666667,5.7875,10.0
1625251726.0,338368567.0,37.815049,-122.442049,7.083174,-0.23513,0.971964,37.0,13.0,4.0,0.860841,1625251726.0,366864850.0,37.81117,-122.464566,8.169844,-0.435907,-0.899992,60.0,19.0,10.0,0.994246,1625251726.0,366985270.0,37.814995,-122.464678,10.950409,-0.999837,-0.01803,60.0,25.0,9.0,0.815298,1625251726.0,367145450.0,37.828793,-122.474656,3.611368,0.113383,0.993551,60.0,16.0,9.0,0.99971,1625251726.0,368052630.0,37.84397,-122.465007,11.413214,-0.156326,-0.987706,60.0,42.0,10.0,0.846084,1625251726.0,368060190.0,37.807381,-122.489849,17.824537,-0.849588,-0.527447,50.0,21.0,6.0,0.84636,295.0611111111112,5.788333333333334,10.0
1625251727.0,338368567.0,37.815081,-122.442059,7.067296,-0.243532,0.969893,37.0,13.0,4.0,0.858565,1625251727.0,366864850.0,37.811135,-122.464587,8.078696,-0.440652,-0.897678,60.0,19.0,10.0,0.994684,1625251727.0,366985270.0,37.814994,-122.464742,10.959212,-0.999851,-0.017268,60.0,25.0,9.0,0.812146,1625251727.0,367145450.0,37.828809,-122.474653,3.619124,0.12422,0.992255,60.0,16.0,9.0,0.999809,1625251727.0,368052630.0,37.843918,-122.465017,11.407573,-0.155911,-0.987771,60.0,42.0,10.0,0.843546,1625251727.0,368060190.0,37.807338,-122.489938,17.814544,-0.850519,-0.525944,50.0,21.0,6.0,0.843769,295.0805555555556,5.789166666666667,10.0
1625251728.0,338368567.0,37.815112,-122.442069,7.051504,-0.252331,0.967641,37.0,13.0,4.0,0.8563,1625251728.0,366864850.0,37.811102,-122.464608,7.986058,-0.445546,-0.895259,60.0,19.0,10.0,0.995109,1625251728.0,366985270.0,37.814993,-122.464806,10.96829,-0.999865,-0.016453,60.0,25.0,9.0,0.808992,1625251728.0,367145450.0,37.828826,-122.474651,3.628443,0.135428,0.990787,60.0,16.0,9.0,0.999889,1625251728.0,368052630.0,37.843866,-122.465028,11.40169,-0.155586,-0.987822,60.0,42.0,10.0,0.841011,1625251728.0,368060190.0,37.807294,-122.490027,17.804867,-0.851424,-0.524478,50.0,21.0,6.0,0.841177,295.1,5.79,10.0
1625251729.0,338368567.0,37.815144,-122.442079,7.035877,-0.261527,0.965196,37.0,13.0,4.0,0.854046,1625251729.0,366864850.0,37.811069,-122.464629,7.891946,-0.450595,-0.892729,60.0,19.0,10.0,0.99552,1625251729.0,366985270.0,37.814992,-122.46487,10.977643,-0.999879,-0.015583,60.0,25.0,9.0,0.805835,1625251729.0,367145450.0,37.828843,-122.474648,3.639373,0.146989,0.989138,60.0,16.0,9.0,0.999948,1625251729.0,368052630.0,37.843814,-122.465038,11.395565,-0.155351,-0.987859,60.0,42.0,10.0,0.838477,1625251729.0,368060190.0,37.807251,-122.490115,17.795499,-0.852303,-0.523049,50.0,21.0,6.0,0.838586,295.1194444444444,5.7908333333333335,10.0
1625251730.0,338368567.0,37.815175,-122.44209,7.020498,-0.271118,0.962546,37.0,13.0,4.0,0.851803,1625251730.0,366864850.0,37.811036,-122.464649,7.796378,-0.455806,-0.890079,60.0,19.0,10.0,0.995916,1625251730.0,366985270.0,37.814992,-122.464934,10.987274,-0.999893,-0.01466,60.0,25.0,9.0,0.802675,1625251730.0,367145450.0,37.828859,-122.474645,3.651967,0.158882,0.987298,60.0,16.0,9.0,0.999985,1625251730.0,368052630.0,37.843762,-122.465048,11.389197,-0.155207,-0.987882,60.0,42.0,10.0,0.835946,1625251730.0,368060190.0,37.807208,-122.490204,17.786437,-0.853155,-0.521657,50.0,21.0,6.0,0.835996,295.1388888888889,5.791666666666667,10.0
1625251731.0,338368567.0,37.815207,-122.442101,7.005455,-0.281103,0.959678,37.0,13.0,4.0,0.849571,1625251731.0,366864850.0,37.811004,-122.46467,7.699371,-0.461187,-0.887303,60.0,19.0,10.0,0.996298,1625251731.0,366985270.0,37.814991,-122.464999,10.997184,-0.999906,-0.013683,60.0,25.0,9.0,0.799512,1625251731.0,367145450.0,37.828876,-122.474641,3.666274,0.171085,0.985256,60.0,16.0,9.0,1.0,1625251731.0,368052630.0,37.84371,-122.465059,11.382585,-0.155154,-0.98789,60.0,42.0,10.0,0.833416,1625251731.0,368060190.0,37.807165,-122.490293,17.777677,-0.853981,-0.520304,50.0,21.0,6.0,0.833406,295.1583333333333,5.7925,10.0
1625251732.0,338368567.0,37.815238,-122.442113,6.990838,-0.291478,0.956578,37.0,13.0,4.0,0.847352,1625251732.0,366864850.0,37.810973,-122.464691,7.600946,-0.466747,-0.884391,60.0,19.0,10.0,0.996664,1625251732.0,366985270.0,37.81499,-122.465063,11.007375,-0.99992,-0.012652,60.0,25.0,9.0,0.796347,1625251732.0,367145450.0,37.828893,-122.474638,3.682347,0.183574,0.983006,60.0,16.0,9.0,0.999992,1625251732.0,368052630.0,37.843658,-122.465069,11.375729,-0.155191,-0.987885,60.0,42.0,10.0,0.830889,1625251732.0,368060190.0,37.807122,-122.490382,17.769215,-0.854781,-0.518988,50.0,21.0,6.0,0.830817,295.1777777777778,5.793333333333333,10.0
1625251733.0,338368567.0,37.815269,-122.442125,6.976742,-0.30224,0.953232,37.0,13.0,4.0,0.845145,1625251733.0,366864850.0,37.810941,-122.464712,7.501123,-0.472495,-0.881334,60.0,19.0,10.0,0.997014,1625251733.0,366985270.0,37.81499,-122.465128,11.01785,-0.999933,-0.011568,60.0,25.0,9.0,0.793178,1625251733.0,367145450.0,37.82891,-122.474634,3.700236,0.196326,0.980539,60.0,16.0,9.0,0.99996,1625251733.0,368052630.0,37.843606,-122.465079,11.36863,-0.155319,-0.987864,60.0,42.0,10.0,0.828363,1625251733.0,368060190.0,37.80708,-122.490471,17.761047,-0.855556,-0.517711,50.0,21.0,6.0,0.828228,295.1972222222222,5.794166666666667,10.0
1625251734.0,338368567.0,37.815299,-122.442137,6.963266,-0.313385,0.949626,37.0,13.0,4.0,0.842952,1625251734.0,366864850.0,37.810911,-122.464733,7.399925,-0.478439,-0.878121,60.0,19.0,10.0,0.997348,1625251734.0,366985270.0,37.814989,-122.465192,11.028608,-0.999946,-0.010431,60.0,25.0,9.0,0.790006,1625251734.0,367145450.0,37.828926,-122.474629,3.719992,0.209315,0.977848,60.0,16.0,9.0,0.999903,1625251734.0,368052630.0,37.843554,-122.46509,11.361288,-0.155538,-0.98783,60.0,42.0,10.0,0.825839,1625251734.0,368060190.0,37.807037,-122.49056,17.75317,-0.856304,-0.516472,50.0,21.0,6.0,0.825639,295.2166666666667,5.795,10.0
1625251735.0,338368567.0,37.81533,-122.44215,6.95063,-0.324785,0.945788,37.0,13.0,4.0,0.840771,1625251735.0,366864850.0,37.810881,-122.464753,7.297376,-0.48459,-0.874741,60.0,19.0,10.0,0.997665,1625251735.0,366985270.0,37.814988,-122.465257,11.039654,-0.999957,-0.009241,60.0,25.0,9.0,0.786831,1625251735.0,367145450.0,37.828943,-122.474625,3.741664,0.222515,0.974929,60.0,16.0,9.0,0.99982,1625251735.0,368052630.0,37.843502,-122.4651,11.353703,-0.155848,-0.987781,60.0,42.0,10.0,0.823317,1625251735.0,368060190.0,37.806995,-122.490649,17.745579,-0.857027,-0.515272,50.0,21.0,6.0,0.823051,295.2361111111111,5.795833333333333,10.0
1625251736.0,338368567.0,37.81536,-122.442163,6.939323,-0.335947,0.941881,37.0,13.0,4.0,0.838605,1625251736.0,366864850.0,37.810851,-122.464774,7.193504,-0.490959,-0.871183,60.0,19.0,10.0,0.997964,1625251736.0,366985270.0,37.814988,-122.465321,11.050988,-0.999968,-0.007999,60.0,25.0,9.0,0.783653,1625251736.0,367145450.0,37.82896,-122.47462,3.764739,0.235849,0.97179,60.0,16.0,9.0,0.99971,1625251736.0,368052630.0,37.84345,-122.46511,11.345877,-0.15625,-0.987718,60.0,42.0,10.0,0.820797,1625251736.0,368060190.0,37.806952,-122.490738,17.738271,-0.857724,-0.514111,50.0,21.0,6.0,0.820463,295.2555555555556,5.796666666666667,10.0
1625251737.0,338368567.0,37.815391,-122.442177,6.929384,-0.346745,0.937959,37.0,13.0,4.0,0.836452,1625251737.0,366864850.0,37.810822,-122.464795,7.088336,-0.497556,-0.867432,60.0,19.0,10.0,0.998245,1625251737.0,366985270.0,37.814988,-122.465386,11.062614,-0.999978,-0.006705,60.0,25.0,9.0,0.780471,1625251737.0,367145450.0,37.828977,-122.474615,3.787002,0.249106,0.968476,60.0,16.0,9.0,0.999574,1625251737.0,368052630.0,37.843398,-122.465121,11.33781,-0.156743,-0.987639,60.0,42.0,10.0,0.818279,1625251737.0,368060190.0,37.80691,-122.490827,17.731243,-0.858395,-0.512989,50.0,21.0,6.0,0.817876,295.275,5.7975,10.0
1625251738.0,338368567.0,37.815421,-122.442191,6.920728,-0.357176,0.934037,37.0,13.0,4.0,0.834313,1625251738.0,366864850.0,37.810794,-122.464815,6.981904,-0.504393,-0.863474,60.0,19.0,10.0,0.998507,1625251738.0,366985270.0,37.814987,-122.465451,11.074533,-0.999986,-0.005358,60.0,25.0,9.0,0.777285,1625251738.0,367145450.0,37.828994,-122.474609,3.807896,0.262251,0.965,60.0,16.0,9.0,0.99941,1625251738.0,368052630.0,37.843346,-122.465131,11.329505,-0.157329,-0.987546,60.0,42.0,10.0,0.815762,1625251738.0,368060190.0,37.806868,-122.490916,17.724492,-0.859041,-0.511906,50.0,21.0,6.0,0.815289,295.2944444444445,5.798333333333334,10.0
1625251739.0,338368567.0,37.815451,-122.442205,6.913272,-0.367237,0.930127,37.0,13.0,4.0,0.832186,1625251739.0,366864850.0,37.810766,-122.464836,6.874242,-0.511482,-0.859294,60.0,19.0,10.0,0.998751,1625251739.0,366985270.0,37.814987,-122.465516,11.086748,-0.999992,-0.00396,60.0,25.0,9.0,0.774096,1625251739.0,367145450.0,37.829011,-122.474603,3.827422,0.275298,0.961359,60.0,16.0,9.0,0.999218,1625251739.0,368052630.0,37.843295,-122.465142,11.320963,-0.158006,-0.987438,60.0,42.0,10.0,0.813247,1625251739.0,368060190.0,37.806826,-122.491005,17.718013,-0.859662,-0.510863,50.0,21.0,6.0,0.812702,295.31388888888887,5.799166666666666,10.0
1625251740.0,338368567.0,37.81548,-122.44222,6.906933,-0.376926,0.926244,37.0,13.0,4.0,0.830073,1625251740.0,366864850.0,37.810739,-122.464857,6.765385,-0.518838,-0.854873,60.0,19.0,10.0,0.998974,1625251740.0,366985270.0,37.814987,-122.465581,11.099261,-0.999997,-0.00251,60.0,25.0,9.0,0.770903,1625251740.0,367145450.0,37.829028,-122.474597,3.845585,0.288264,0.957551,60.0,16.0,9.0,0.998999,1625251740.0,368052630.0,37.843243,-122.465152,11.312186,-0.158775,-0.987315,60.0,42.0,10.0,0.810734,1625251740.0,368060190.0,37.806784,-122.491095,17.711805,-0.860258,-0.509859,50.0,21.0,6.0,0.810115,295.3333333333333,5.800000000000001,10.0
1625251741.0,338368567.0,37.81551,-122.442236,6.901632,-0.38624,0.922398,37.0,13.0,4.0,0.827971,1625251741.0,366864850.0,37.810712,-122.464877,6.655373,-0.526473,-0.850192,60.0,19.0,10.0,0.999177,1625251741.0,366985270.0,37.814987,-122.465646,11.112075,-0.999999,-0.00101,60.0,25.0,9.0,0.767707,1625251741.0,367145450.0,37.829045,-122.474591,3.862391,0.301162,0.953573,60.0,16.0,9.0,0.998753,1625251741.0,368052630.0,37.843191,-122.465163,11.303178,-0.159638,-0.987176,60.0,42.0,10.0,0.808222,1625251741.0,368060190.0,37.806742,-122.491184,17.705865,-0.860828,-0.508896,50.0,21.0,6.0,0.807529,295.35277777777776,5.800833333333333,10.0
1625251742.0,338368567.0,37.815539,-122.442251,6.897291,-0.395181,0.918603,37.0,13.0,4.0,0.825882,1625251742.0,366864850.0,37.810686,-122.464898,6.544249,-0.534402,-0.84523,60.0,19.0,10.0,0.999359,1625251742.0,366985270.0,37.814987,-122.465711,11.125192,-1.0,0.000542,60.0,25.0,9.0,0.764506,1625251742.0,367145450.0,37.829062,-122.474584,3.877849,0.314006,0.949421,60.0,16.0,9.0,0.998479,1625251742.0,368052630.0,37.84314,-122.465173,11.293939,-0.160592,-0.987021,60.0,42.0,10.0,0.805712,1625251742.0,368060190.0,37.806701,-122.491273,17.700189,-0.861374,-0.507972,50.0,21.0,6.0,0.804944,295.3722222222222,5.801666666666667,10.0
1625251743.0,338368567.0,37.815569,-122.442267,6.893836,-0.403748,0.91487,37.0,13.0,4.0,0.823805,1625251743.0,366864850.0,37.81066,-122.464918,6.432061,-0.542641,-0.839965,60.0,19.0,10.0,0.999519,1625251743.0,366985270.0,37.814987,-122.465776,11.138616,-0.999998,0.002144,60.0,25.0,9.0,0.761301,1625251743.0,367145450.0,37.829079,-122.474577,3.891967,0.32681,0.94509,60.0,16.0,9.0,0.998177,1625251743.0,368052630.0,37.843088,-122.465184,11.284475,-0.16164,-0.98685,60.0,42.0,10.0,0.803204,1625251743.0,368060190.0,37.806659,-122.491362,17.694774,-0.861894,-0.507089,50.0,21.0,6.0,0.802358,295.39166666666665,5.8025,10.0
1625251744.0,338368567.0,37.815598,-122.442283,6.891195,-0.411941,0.911211,37.0,13.0,4.0,0.821739,1625251744.0,366864850.0,37.810635,-122.464939,6.31886,-0.551206,-0.834369,60.0,19.0,10.0,0.999658,1625251744.0,366985270.0,37.814987,-122.465841,11.152348,-0.999993,0.003797,60.0,25.0,9.0,0.758092,1625251744.0,367145450.0,37.829096,-122.474569,3.904759,0.339585,0.940575,60.0,16.0,9.0,0.997847,1625251744.0,368052630.0,37.843037,-122.465195,11.274787,-0.162781,-0.986662,60.0,42.0,10.0,0.800697,1625251744.0,368060190.0,37.806618,-122.491452,17.689619,-0.862389,-0.506245,50.0,21.0,6.0,0.799773,295.4111111111111,5.803333333333334,10.0
1625251745.0,338368567.0,37.815627,-122.4423,6.889297,-0.419761,0.907635,37.0,13.0,4.0,0.819685,1625251745.0,366864850.0,37.810611,-122.464959,6.2047,-0.560114,-0.828416,60.0,19.0,10.0,0.999774,1625251745.0,366985270.0,37.814987,-122.465906,11.166393,-0.999985,0.005499,60.0,25.0,9.0,0.754879,1625251745.0,367145450.0,37.829113,-122.474562,3.916236,0.352345,0.93587,60.0,16.0,9.0,0.99749,1625251745.0,368052630.0,37.842985,-122.465205,11.26488,-0.164015,-0.986458,60.0,42.0,10.0,0.798191,1625251745.0,368060190.0,37.806576,-122.491541,17.68472,-0.86286,-0.505443,50.0,21.0,6.0,0.797188,295.43055555555554,5.804166666666667,10.0
1625251746.0,338368567.0,37.815656,-122.442317,6.888075,-0.42721,0.904153,37.0,13.0,4.0,0.817641,1625251746.0,366864850.0,37.810587,-122.464979,6.089645,-0.569382,-0.822073,60.0,19.0,10.0,0.999866,1625251746.0,366985270.0,37.814987,-122.465972,11.180752,-0.999974,0.007251,60.0,25.0,9.0,0.751661,1625251746.0,367145450.0,37.82913,-122.474554,3.926416,0.3651,0.930968,60.0,16.0,9.0,0.997104,1625251746.0,368052630.0,37.842934,-122.465216,11.254758,-0.165344,-0.986236,60.0,42.0,10.0,0.795687,1625251746.0,368060190.0,37.806535,-122.49163,17.680076,-0.863306,-0.504681,50.0,21.0,6.0,0.794603,295.45,5.805,10.0
1625251747.0,338368567.0,37.815685,-122.442334,6.887466,-0.434288,0.900774,37.0,13.0,4.0,0.815608,1625251747.0,366864850.0,37.810564,-122.465,5.973761,-0.579029,-0.815307,60.0,19.0,10.0,0.999935,1625251747.0,366985270.0,37.814988,-122.466037,11.195429,-0.999959,0.009052,60.0,25.0,9.0,0.748439,1625251747.0,367145450.0,37.829147,-122.474545,3.935316,0.377862,0.925862,60.0,16.0,9.0,0.996691,1625251747.0,368052630.0,37.842882,-122.465227,11.244425,-0.166766,-0.985997,60.0,42.0,10.0,0.793184,1625251747.0,368060190.0,37.806494,-122.49172,17.675684,-0.863727,-0.503959,50.0,21.0,6.0,0.792019,295.46944444444443,5.805833333333334,10.0
1625251748.0,338368567.0,37.815713,-122.442352,6.887407,-0.440999,0.897507,37.0,13.0,4.0,0.813585,1625251748.0,366864850.0,37.810541,-122.46502,5.857121,-0.589075,-0.808079,60.0,19.0,10.0,0.99998,1625251748.0,366985270.0,37.814988,-122.466103,11.210427,-0.999941,0.010902,60.0,25.0,9.0,0.745213,1625251748.0,367145450.0,37.829164,-122.474536,3.942954,0.390641,0.920543,60.0,16.0,9.0,0.996249,1625251748.0,368052630.0,37.842831,-122.465238,11.233885,-0.168282,-0.985739,60.0,42.0,10.0,0.790683,1625251748.0,368060190.0,37.806452,-122.491809,17.671542,-0.864124,-0.503279,50.0,21.0,6.0,0.789435,295.4888888888889,5.806666666666667,10.0
1625251749.0,338368567.0,37.815742,-122.44237,6.887839,-0.447344,0.894362,37.0,13.0,4.0,0.811572,1625251749.0,366864850.0,37.810519,-122.46504,5.739807,-0.599538,-0.800346,60.0,19.0,10.0,1.0,1625251749.0,366985270.0,37.814989,-122.466168,11.225749,-0.999918,0.012801,60.0,25.0,9.0,0.741981,1625251749.0,367145450.0,37.829181,-122.474527,3.949352,0.403446,0.915003,60.0,16.0,9.0,0.99578,1625251749.0,368052630.0,37.84278,-122.465249,11.223144,-0.169893,-0.985462,60.0,42.0,10.0,0.788183,1625251749.0,368060190.0,37.806411,-122.491899,17.667648,-0.864496,-0.50264,50.0,21.0,6.0,0.786851,295.5083333333333,5.8075,10.0
1625251750.0,338368567.0,37.815771,-122.442388,6.888707,-0.453326,0.891345,37.0,13.0,4.0,0.809568,1625251750.0,366864850.0,37.810498,-122.46506,5.621908,-0.61044,-0.792063,60.0,19.0,10.0,0.999995,1625251750.0,366985270.0,37.814989,-122.466234,11.241399,-0.999891,0.014747,60.0,25.0,9.0,0.738745,1625251750.0,367145450.0,37.829197,-122.474518,3.954534,0.416288,0.909233,60.0,16.0,9.0,0.995282,1625251750.0,368052630.0,37.842729,-122.46526,11.212207,-0.171599,-0.985167,60.0,42.0,10.0,0.785684,1625251750.0,368060190.0,37.80637,-122.491988,17.664,-0.864844,-0.502041,50.0,21.0,6.0,0.784267,295.52777777777777,5.808333333333334,10.0
1625251751.0,338368567.0,37.815799,-122.442406,6.889958,-0.458948,0.888463,37.0,13.0,4.0,0.807574,1625251751.0,366864850.0,37.810477,-122.46508,5.503523,-0.6218,-0.783176,60.0,19.0,10.0,0.999963,1625251751.0,366985270.0,37.81499,-122.4663,11.257212,-0.99986,0.016733,60.0,25.0,9.0,0.735504,1625251751.0,367145450.0,37.829214,-122.474508,3.958525,0.429176,0.903221,60.0,16.0,9.0,0.994755,1625251751.0,368052630.0,37.842678,-122.465272,11.201079,-0.1734,-0.984851,60.0,42.0,10.0,0.783186,1625251751.0,368060190.0,37.806329,-122.492077,17.660596,-0.865167,-0.501484,50.0,21.0,6.0,0.781683,295.5472222222222,5.809166666666667,10.0
1625251752.0,338368567.0,37.815827,-122.442424,6.891542,-0.464211,0.885725,37.0,13.0,4.0,0.805588,1625251752.0,366864850.0,37.810458,-122.4651,5.38476,-0.63364,-0.773628,60.0,19.0,10.0,0.999905,1625251752.0,366985270.0,37.814991,-122.466366,11.272521,-0.999825,0.01872,60.0,25.0,9.0,0.732258,1625251752.0,367145450.0,37.82923,-122.474498,3.961353,0.442117,0.896958,60.0,16.0,9.0,0.9942,1625251752.0,368052630.0,37.842627,-122.465283,11.189765,-0.175296,-0.984516,60.0,42.0,10.0,0.780689,1625251752.0,368060190.0,37.806288,-122.492167,17.657435,-0.865466,-0.500968,50.0,21.0,6.0,0.7791,295.56666666666666,5.8100000000000005,10.0
1625251753.0,338368567.0,37.815855,-122.442443,6.893413,-0.469118,0.883135,37.0,13.0,4.0,0.803611,1625251753.0,366864850.0,37.810438,-122.46512,5.26574,-0.645979,-0.763355,60.0,19.0,10.0,0.99982,1625251753.0,366985270.0,37.814992,-122.466432,11.287158,-0.999786,0.020701,60.0,25.0,9.0,0.729008,1625251753.0,367145450.0,37.829247,-122.474488,3.963047,0.455119,0.89043,60.0,16.0,9.0,0.993616,1625251753.0,368052630.0,37.842576,-122.465294,11.178274,-0.177288,-0.984159,60.0,42.0,10.0,0.778194,1625251753.0,368060190.0,37.806247,-122.492256,17.654516,-0.86574,-0.500493,50.0,21.0,6.0,0.776517,295.5861111111111,5.810833333333333,10.0
1625251754.0,338368567.0,37.815884,-122.442462,6.895525,-0.473673,0.880701,37.0,13.0,4.0,0.801643,1625251754.0,366864850.0,37.81042,-122.46514,5.146596,-0.658838,-0.752285,60.0,19.0,10.0,0.999708,1625251754.0,366985270.0,37.814993,-122.466498,11.301125,-0.999743,0.022675,60.0,25.0,9.0,0.725752,1625251754.0,367145450.0,37.829263,-122.474478,3.96364,0.468191,0.883627,60.0,16.0,9.0,0.993004,1625251754.0,368052630.0,37.842525,-122.465306,11.16661,-0.179376,-0.983781,60.0,42.0,10.0,0.775699,1625251754.0,368060190.0,37.806206,-122.492346,17.651836,-0.865991,-0.50006,50.0,21.0,6.0,0.773934,295.60555555555555,5.811666666666667,10.0
1625251755.0,338368567.0,37.815912,-122.442481,6.897839,-0.477878,0.878426,37.0,13.0,4.0,0.799682,1625251755.0,366864850.0,37.810402,-122.46516,5.027475,-0.672233,-0.74034,60.0,19.0,10.0,0.999567,1625251755.0,366985270.0,37.814994,-122.466564,11.314419,-0.999696,0.024643,60.0,25.0,9.0,0.722493,1625251755.0,367145450.0,37.829279,-122.474467,3.963165,0.481338,0.876535,60.0,16.0,9.0,0.992362,1625251755.0,368052630.0,37.842474,-122.465318,11.154781,-0.181561,-0.98338,60.0,42.0,10.0,0.773206,1625251755.0,368060190.0,37.806165,-122.492435,17.649394,-0.866217,-0.499669,50.0,21.0,6.0,0.771351,295.625,5.8125,10.0
1625251756.0,338368567.0,37.81594,-122.4425,6.900316,-0.481736,0.876317,37.0,13.0,4.0,0.797728,1625251756.0,366864850.0,37.810385,-122.46518,4.908541,-0.686181,-0.72743,60.0,19.0,10.0,0.999397,1625251756.0,366985270.0,37.814995,-122.46663,11.327041,-0.999646,0.026605,60.0,25.0,9.0,0.719229,1625251756.0,367145450.0,37.829295,-122.474456,3.961661,0.494567,0.86914,60.0,16.0,9.0,0.991692,1625251756.0,368052630.0,37.842423,-122.46533,11.142793,-0.183841,-0.982956,60.0,42.0,10.0,0.770713,1625251756.0,368060190.0,37.806125,-122.492525,17.64719,-0.866418,-0.499319,50.0,21.0,6.0,0.768769,295.64444444444445,5.8133333333333335,10.0
1625251757.0,338368567.0,37.815968,-122.44252,6.902922,-0.485248,0.874377,37.0,13.0,4.0,0.795782,1625251757.0,366864850.0,37.810368,-122.4652,4.789978,-0.700696,-0.71346,60.0,19.0,10.0,0.999198,1625251757.0,366985270.0,37.814997,-122.466697,11.338992,-0.999592,0.028562,60.0,25.0,9.0,0.715961,1625251757.0,367145450.0,37.829311,-122.474444,3.959166,0.507883,0.861426,60.0,16.0,9.0,0.990992,1625251757.0,368052630.0,37.842372,-122.465342,11.130655,-0.186219,-0.982508,60.0,42.0,10.0,0.768222,1625251757.0,368060190.0,37.806084,-122.492614,17.645222,-0.866596,-0.49901,50.0,21.0,6.0,0.766186,295.6638888888889,5.814166666666667,10.0
1625251758.0,338368567.0,37.815996,-122.44254,6.905624,-0.488418,0.87261,37.0,13.0,4.0,0.793842,1625251758.0,366864850.0,37.810352,-122.465219,4.671986,-0.715785,-0.698321,60.0,19.0,10.0,0.99897,1625251758.0,366985270.0,37.814998,-122.466763,11.350269,-0.999534,0.030514,60.0,25.0,9.0,0.71269,1625251758.0,367145450.0,37.829327,-122.474432,3.955723,0.52129,0.85338,60.0,16.0,9.0,0.990263,1625251758.0,368052630.0,37.842322,-122.465354,11.118374,-0.188694,-0.982036,60.0,42.0,10.0,0.765731,1625251758.0,368060190.0,37.806043,-122.492704,17.64349,-0.866749,-0.498744,50.0,21.0,6.0,0.763604,295.68333333333334,5.815,10.0
1625251759.0,338368567.0,37.816024,-122.442559,6.908395,-0.491248,0.87102,37.0,13.0,4.0,0.791909,1625251759.0,366864850.0,37.810337,-122.465239,4.554793,-0.731451,-0.681894,60.0,19.0,10.0,0.99871,1625251759.0,366985270.0,37.815,-122.46683,11.360874,-0.999473,0.032461,60.0,25.0,9.0,0.709414,1625251759.0,367145450.0,37.829343,-122.47442,3.951377,0.534792,0.844983,60.0,16.0,9.0,0.989504,1625251759.0,368052630.0,37.842271,-122.465366,11.105959,-0.191266,-0.981538,60.0,42.0,10.0,0.763241,1625251759.0,368060190.0,37.806002,-122.492794,17.641992,-0.866879,-0.498519,50.0,21.0,6.0,0.761021,295.7027777777778,5.815833333333334,10.0
1625251760.0,338368567.0,37.816051,-122.442579,6.911209,-0.49374,0.86961,37.0,13.0,4.0,0.789982,1625251760.0,366864850.0,37.810323,-122.465258,4.438648,-0.74769,-0.664048,60.0,19.0,10.0,0.99842,1625251760.0,366985270.0,37.815002,-122.466896,11.370806,-0.999408,0.034405,60.0,25.0,9.0,0.706136,1625251760.0,367145450.0,37.829358,-122.474408,3.946175,0.548393,0.836221,60.0,16.0,9.0,0.988716,1625251760.0,368052630.0,37.842221,-122.465379,11.093418,-0.193936,-0.981014,60.0,42.0,10.0,0.760752,1625251760.0,368060190.0,37.805962,-122.492883,17.640729,-0.866984,-0.498336,50.0,21.0,6.0,0.758439,295.72222222222223,5.816666666666666,10.0
1625251761.0,338368567.0,37.816079,-122.442599,6.914042,-0.495895,0.868382,37.0,13.0,4.0,0.78806,1625251761.0,366864850.0,37.810309,-122.465278,4.323833,-0.764485,-0.644641,60.0,19.0,10.0,0.998099,1625251761.0,366985270.0,37.815003,-122.466963,11.380066,-0.999339,0.036344,60.0,25.0,9.0,0.702854,1625251761.0,367145450.0,37.829374,-122.474395,3.940169,0.562094,0.827073,60.0,16.0,9.0,0.987897,1625251761.0,368052630.0,37.842171,-122.465391,11.080759,-0.196703,-0.980463,60.0,42.0,10.0,0.758263,1625251761.0,368060190.0,37.805921,-122.492973,17.639698,-0.867065,-0.498194,50.0,21.0,6.0,0.755857,295.7416666666667,5.817500000000001,10.0
1625251762.0,338368567.0,37.816107,-122.442619,6.916876,-0.497717,0.867339,37.0,13.0,4.0,0.786143,1625251762.0,366864850.0,37.810296,-122.465297,4.210658,-0.78181,-0.623517,60.0,19.0,10.0,0.997745,1625251762.0,366985270.0,37.815005,-122.467029,11.388652,-0.999267,0.03828,60.0,25.0,9.0,0.69957,1625251762.0,367145450.0,37.829389,-122.474382,3.933412,0.575897,0.817522,60.0,16.0,9.0,0.987049,1625251762.0,368052630.0,37.84212,-122.465404,11.067993,-0.199569,-0.979884,60.0,42.0,10.0,0.755775,1625251762.0,368060190.0,37.80588,-122.493062,17.638901,-0.867123,-0.498095,50.0,21.0,6.0,0.753275,295.7611111111111,5.818333333333333,10.0
1625251763.0,338368567.0,37.816135,-122.442639,6.919694,-0.499206,0.866483,37.0,13.0,4.0,0.784231,1625251763.0,366864850.0,37.810284,-122.465316,4.099471,-0.799619,-0.600508,60.0,19.0,10.0,0.997359,1625251763.0,366985270.0,37.815007,-122.467096,11.396565,-0.999191,0.040212,60.0,25.0,9.0,0.696282,1625251763.0,367145450.0,37.829403,-122.474369,3.925963,0.5898,0.807549,60.0,16.0,9.0,0.98617,1625251763.0,368052630.0,37.84207,-122.465417,11.055128,-0.202533,-0.979275,60.0,42.0,10.0,0.753288,1625251763.0,368060190.0,37.80584,-122.493152,17.638337,-0.867156,-0.498037,50.0,21.0,6.0,0.750693,295.7805555555556,5.819166666666667,10.0
1625251764.0,338368567.0,37.816162,-122.44266,6.922481,-0.500364,0.865815,37.0,13.0,4.0,0.782324,1625251764.0,366864850.0,37.810273,-122.465336,3.990654,-0.817847,-0.575436,60.0,19.0,10.0,0.99694,1625251764.0,366985270.0,37.815009,-122.467163,11.403805,-0.999112,0.042142,60.0,25.0,9.0,0.692992,1625251764.0,367145450.0,37.829418,-122.474355,3.917881,0.603803,0.797133,60.0,16.0,9.0,0.98526,1625251764.0,368052630.0,37.84202,-122.46543,11.042271,-0.20556,-0.978645,60.0,42.0,10.0,0.750801,1625251764.0,368060190.0,37.805799,-122.493241,17.638005,-0.867165,-0.498021,50.0,21.0,6.0,0.748111,295.8,5.82,10.0
1625251765.0,338368567.0,37.81619,-122.44268,6.925229,-0.501192,0.865336,37.0,13.0,4.0,0.78042,1625251765.0,366864850.0,37.810262,-122.465355,3.884636,-0.836404,-0.548113,60.0,19.0,10.0,0.996487,1625251765.0,366985270.0,37.815012,-122.467229,11.410371,-0.999028,0.04407,60.0,25.0,9.0,0.6897,1625251765.0,367145450.0,37.829433,-122.474342,3.909231,0.617903,0.786254,60.0,16.0,9.0,0.98432,1625251765.0,368052630.0,37.84197,-122.465443,11.029806,-0.208504,-0.978022,60.0,42.0,10.0,0.748314,1625251765.0,368060190.0,37.805758,-122.493331,17.637905,-0.86715,-0.498048,50.0,21.0,6.0,0.745529,295.81944444444446,5.820833333333333,10.0
1625251766.0,338368567.0,37.816218,-122.4427,6.927928,-0.501691,0.865047,37.0,13.0,4.0,0.77852,1625251766.0,366864850.0,37.810252,-122.465374,3.781887,-0.855171,-0.518345,60.0,19.0,10.0,0.995999,1625251766.0,366985270.0,37.815014,-122.467296,11.416264,-0.998942,0.045995,60.0,25.0,9.0,0.686405,1625251766.0,367145450.0,37.829447,-122.474327,3.900082,0.632095,0.774891,60.0,16.0,9.0,0.983349,1625251766.0,368052630.0,37.84192,-122.465457,11.017819,-0.211329,-0.977415,60.0,42.0,10.0,0.745828,1625251766.0,368060190.0,37.805718,-122.49342,17.638038,-0.867111,-0.498115,50.0,21.0,6.0,0.742947,295.8388888888889,5.821666666666667,10.0
1625251767.0,338368567.0,37.816246,-122.442721,6.930575,-0.501861,0.864948,37.0,13.0,4.0,0.776623,1625251767.0,366864850.0,37.810243,-122.465393,3.682926,-0.873992,-0.48594,60.0,19.0,10.0,0.995478,1625251767.0,366985270.0,37.815016,-122.467363,11.421484,-0.998851,0.047918,60.0,25.0,9.0,0.683109,1625251767.0,367145450.0,37.829461,-122.474313,3.890505,0.646375,0.76302,60.0,16.0,9.0,0.982347,1625251767.0,368052630.0,37.84187,-122.46547,11.006297,-0.214034,-0.976826,60.0,42.0,10.0,0.743342,1625251767.0,368060190.0,37.805677,-122.49351,17.638404,-0.867048,-0.498225,50.0,21.0,6.0,0.740366,295.8583333333333,5.8225,10.0
1625251768.0,338368567.0,37.816273,-122.442741,6.933168,-0.501703,0.86504,37.0,13.0,4.0,0.774729,1625251768.0,366864850.0,37.810235,-122.465412,3.588319,-0.892671,-0.45071,60.0,19.0,10.0,0.99492,1625251768.0,366985270.0,37.815019,-122.46743,11.42603,-0.998757,0.04984,60.0,25.0,9.0,0.679811,1625251768.0,367145450.0,37.829475,-122.474298,3.880576,0.660733,0.750621,60.0,16.0,9.0,0.981313,1625251768.0,368052630.0,37.841821,-122.465484,10.99523,-0.216618,-0.976256,60.0,42.0,10.0,0.740857,1625251768.0,368060190.0,37.805637,-122.4936,17.639003,-0.86696,-0.498377,50.0,21.0,6.0,0.737784,295.8777777777778,5.823333333333334,10.0
1625251769.0,338368567.0,37.816301,-122.442761,6.935708,-0.501218,0.865321,37.0,13.0,4.0,0.772837,1625251769.0,366864850.0,37.810227,-122.46543,3.498684,-0.910965,-0.412484,60.0,19.0,10.0,0.994327,1625251769.0,366985270.0,37.815022,-122.467496,11.429902,-0.998659,0.051761,60.0,25.0,9.0,0.676511,1625251769.0,367145450.0,37.829488,-122.474283,3.870374,0.675162,0.73767,60.0,16.0,9.0,0.980248,1625251769.0,368052630.0,37.841771,-122.465498,10.984606,-0.219081,-0.975707,60.0,42.0,10.0,0.738373,1625251769.0,368060190.0,37.805596,-122.493689,17.639836,-0.866849,-0.49857,50.0,21.0,6.0,0.735202,295.89722222222224,5.824166666666667,10.0
1625251770.0,338368567.0,37.816329,-122.442782,6.938201,-0.500406,0.865791,37.0,13.0,4.0,0.770947,1625251770.0,366864850.0,37.810221,-122.465449,3.414683,-0.928584,-0.371122,60.0,19.0,10.0,0.993698,1625251770.0,366985270.0,37.815024,-122.467563,11.433101,-0.998558,0.053681,60.0,25.0,9.0,0.67321,1625251770.0,367145450.0,37.829501,-122.474268,3.859985,0.689648,0.724144,60.0,16.0,9.0,0.979151,1625251770.0,368052630.0,37.841721,-122.465512,10.974416,-0.221424,-0.975178,60.0,42.0,10.0,0.735888,1625251770.0,368060190.0,37.805555,-122.493779,17.640903,-0.866714,-0.498806,50.0,21.0,6.0,0.73262,295.9166666666667,5.825,10.0
1625251771.0,338368567.0,37.816357,-122.442802,6.940652,-0.499265,0.866449,37.0,13.0,4.0,0.769058,1625251771.0,366864850.0,37.810215,-122.465468,3.337025,-0.945188,-0.326527,60.0,19.0,10.0,0.993032,1625251771.0,366985270.0,37.815027,-122.46763,11.435626,-0.998453,0.055601,60.0,25.0,9.0,0.669908,1625251771.0,367145450.0,37.829514,-122.474252,3.849496,0.70418,0.710021,60.0,16.0,9.0,0.978022,1625251771.0,368052630.0,37.841672,-122.465527,10.964648,-0.223644,-0.974671,60.0,42.0,10.0,0.733405,1625251771.0,368060190.0,37.805514,-122.493868,17.642204,-0.866554,-0.499083,50.0,21.0,6.0,0.730038,295.9361111111112,5.825833333333334,10.0
1625251772.0,338368567.0,37.816385,-122.442822,6.943073,-0.497797,0.867294,37.0,13.0,4.0,0.767169,1625251772.0,366864850.0,37.81021,-122.465486,3.266452,-0.960388,-0.278665,60.0,19.0,10.0,0.992328,1625251772.0,366985270.0,37.81503,-122.467697,11.437478,-0.998344,0.05752,60.0,25.0,9.0,0.666604,1625251772.0,367145450.0,37.829527,-122.474236,3.839,0.718741,0.695278,60.0,16.0,9.0,0.976861,1625251772.0,368052630.0,37.841622,-122.465541,10.955294,-0.225742,-0.974187,60.0,42.0,10.0,0.730922,1625251772.0,368060190.0,37.805474,-122.493958,17.643742,-0.866371,-0.499401,50.0,21.0,6.0,0.727456,295.9555555555556,5.826666666666666,10.0
1625251773.0,338368567.0,37.816412,-122.442843,6.945477,-0.496,0.868323,37.0,13.0,4.0,0.765282,1625251773.0,366864850.0,37.810206,-122.465504,3.203731,-0.973759,-0.227584,60.0,19.0,10.0,0.991587,1625251773.0,366985270.0,37.815033,-122.467764,11.438656,-0.998232,0.05944,60.0,25.0,9.0,0.6633,1625251773.0,367145450.0,37.829539,-122.47422,3.828594,0.733312,0.679892,60.0,16.0,9.0,0.975667,1625251773.0,368052630.0,37.841573,-122.465555,10.946345,-0.227718,-0.973727,60.0,42.0,10.0,0.728439,1625251773.0,368060190.0,37.805433,-122.494047,17.645515,-0.866163,-0.499762,50.0,21.0,6.0,0.724874,295.975,5.827500000000001,10.0
1625251774.0,338368567.0,37.81644,-122.442863,6.94788,-0.493873,0.869534,37.0,13.0,4.0,0.763394,1625251774.0,366864850.0,37.810202,-122.465523,3.149639,-0.984846,-0.173429,60.0,19.0,10.0,0.990807,1625251774.0,366985270.0,37.815036,-122.467831,11.439161,-0.998116,0.061361,60.0,25.0,9.0,0.659996,1625251774.0,367145450.0,37.829551,-122.474204,3.818381,0.747873,0.663842,60.0,16.0,9.0,0.974441,1625251774.0,368052630.0,37.841524,-122.46557,10.937792,-0.229571,-0.973292,60.0,42.0,10.0,0.725957,1625251774.0,368060190.0,37.805392,-122.494137,17.647527,-0.865931,-0.500164,50.0,21.0,6.0,0.722292,295.9944444444444,5.828333333333333,10.0
1625251775.0,338368567.0,37.816468,-122.442883,6.950302,-0.491415,0.870925,37.0,13.0,4.0,0.761505,1625251775.0,366864850.0,37.8102,-122.465541,3.104942,-0.993195,-0.116464,60.0,19.0,10.0,0.989989,1625251775.0,366985270.0,37.81504,-122.467898,11.438992,-0.997996,0.063282,60.0,25.0,9.0,0.656691,1625251775.0,367145450.0,37.829563,-122.474187,3.808466,0.7624,0.647106,60.0,16.0,9.0,0.973181,1625251775.0,368052630.0,37.841474,-122.465585,10.929628,-0.231301,-0.972882,60.0,42.0,10.0,0.723476,1625251775.0,368060190.0,37.805351,-122.494226,17.649777,-0.865675,-0.500607,50.0,21.0,6.0,0.71971,296.0138888888889,5.829166666666668,10.0
1625251776.0,338368567.0,37.816496,-122.442903,6.952764,-0.488626,0.872494,37.0,13.0,4.0,0.759615,1625251776.0,366864850.0,37.810198,-122.465559,3.070372,-0.99837,-0.057074,60.0,19.0,10.0,0.989131,1625251776.0,366985270.0,37.815043,-122.467964,11.438151,-0.997872,0.065205,60.0,25.0,9.0,0.653386,1625251776.0,367145450.0,37.829574,-122.47417,3.798961,0.776867,0.629664,60.0,16.0,9.0,0.971888,1625251776.0,368052630.0,37.841425,-122.465599,10.921844,-0.232908,-0.972499,60.0,42.0,10.0,0.720995,1625251776.0,368060190.0,37.80531,-122.494316,17.652268,-0.865394,-0.501092,50.0,21.0,6.0,0.717128,296.0333333333333,5.83,10.0
1625251777.0,338368567.0,37.816524,-122.442923,6.955292,-0.485503,0.874235,37.0,13.0,4.0,0.757724,1625251777.0,366864850.0,37.810197,-122.465577,3.046601,-0.999991,0.004229,60.0,19.0,10.0,0.988233,1625251777.0,366985270.0,37.815046,-122.468031,11.436636,-0.997744,0.067129,60.0,25.0,9.0,0.650081,1625251777.0,367145450.0,37.829585,-122.474153,3.789981,0.791245,0.611499,60.0,16.0,9.0,0.970561,1625251777.0,368052630.0,37.841376,-122.465614,10.914435,-0.234391,-0.972142,60.0,42.0,10.0,0.718515,1625251777.0,368060190.0,37.805269,-122.494405,17.655,-0.865089,-0.501618,50.0,21.0,6.0,0.714546,296.0527777777778,5.8308333333333335,10.0
1625251778.0,338368567.0,37.816552,-122.442943,6.957914,-0.482046,0.876146,37.0,13.0,4.0,0.75583,1625251778.0,366864850.0,37.810197,-122.465595,3.034214,-0.997765,0.066822,60.0,19.0,10.0,0.987295,1625251778.0,366985270.0,37.81505,-122.468098,11.434448,-0.997613,0.069055,60.0,25.0,9.0,0.646777,1625251778.0,367145450.0,37.829596,-122.474135,3.781645,0.805501,0.592594,60.0,16.0,9.0,0.969201,1625251778.0,368052630.0,37.841327,-122.465629,10.907393,-0.23575,-0.971814,60.0,42.0,10.0,0.716035,1625251778.0,368060190.0,37.805229,-122.494495,17.657975,-0.86476,-0.502186,50.0,21.0,6.0,0.711963,296.0722222222222,5.831666666666667,10.0
1625251779.0,338368567.0,37.816581,-122.442962,6.960661,-0.478252,0.878223,37.0,13.0,4.0,0.753934,1625251779.0,366864850.0,37.810198,-122.465612,3.033685,-0.991514,0.129997,60.0,19.0,10.0,0.986316,1625251779.0,366985270.0,37.815054,-122.468165,11.431587,-0.997477,0.070984,60.0,25.0,9.0,0.643472,1625251779.0,367145450.0,37.829606,-122.474117,3.774078,0.819601,0.572935,60.0,16.0,9.0,0.967807,1625251779.0,368052630.0,37.841278,-122.465644,10.900713,-0.236984,-0.971514,60.0,42.0,10.0,0.713556,1625251779.0,368060190.0,37.805187,-122.494584,17.661195,-0.864406,-0.502795,50.0,21.0,6.0,0.709381,296.0916666666667,5.8325,10.0
1625251780.0,338368567.0,37.816609,-122.442982,6.963566,-0.47412,0.88046,37.0,13.0,4.0,0.752035,1625251780.0,366864850.0,37.8102,-122.46563,3.045487,-0.981245,0.192766,60.0,19.0,10.0,0.985296,1625251780.0,366985270.0,37.815057,-122.468232,11.428053,-0.997338,0.072915,60.0,25.0,9.0,0.640169,1625251780.0,367145450.0,37.829616,-122.474099,3.767408,0.833506,0.552511,60.0,16.0,9.0,0.966378,1625251780.0,368052630.0,37.841229,-122.46566,10.894389,-0.238094,-0.971242,60.0,42.0,10.0,0.711078,1625251780.0,368060190.0,37.805146,-122.494673,17.664661,-0.864027,-0.503445,50.0,21.0,6.0,0.706798,296.1111111111111,5.833333333333334,10.0
1625251781.0,338368567.0,37.816637,-122.443001,6.966668,-0.469649,0.882853,37.0,13.0,4.0,0.750132,1625251781.0,366864850.0,37.810203,-122.465647,3.070019,-0.967343,0.253469,60.0,19.0,10.0,0.984234,1625251781.0,366985270.0,37.815061,-122.468298,11.423847,-0.997195,0.074849,60.0,25.0,9.0,0.636866,1625251781.0,367145450.0,37.829626,-122.474081,3.761766,0.847176,0.531313,60.0,16.0,9.0,0.964914,1625251781.0,368052630.0,37.84118,-122.465675,10.888417,-0.239079,-0.971,60.0,42.0,10.0,0.708601,1625251781.0,368060190.0,37.805105,-122.494763,17.668376,-0.863624,-0.504136,50.0,21.0,6.0,0.704215,296.1305555555556,5.8341666666666665,10.0
1625251782.0,338368567.0,37.816666,-122.44302,6.970004,-0.464836,0.885397,37.0,13.0,4.0,0.748225,1625251782.0,366864850.0,37.810206,-122.465665,3.106708,-0.950327,0.311253,60.0,19.0,10.0,0.983131,1625251782.0,366985270.0,37.815065,-122.468365,11.418968,-0.997048,0.076786,60.0,25.0,9.0,0.633564,1625251782.0,367145450.0,37.829635,-122.474062,3.757288,0.860567,0.509337,60.0,16.0,9.0,0.963415,1625251782.0,368052630.0,37.841131,-122.46569,10.882793,-0.23994,-0.970788,60.0,42.0,10.0,0.706124,1625251782.0,368060190.0,37.805064,-122.494852,17.672341,-0.863197,-0.504868,50.0,21.0,6.0,0.701632,296.15,5.835,10.0
1625251783.0,338368567.0,37.816694,-122.443039,6.973619,-0.45968,0.888085,37.0,13.0,4.0,0.746312,1625251783.0,366864850.0,37.810211,-122.465682,3.154702,-0.930753,0.365648,60.0,19.0,10.0,0.981985,1625251783.0,366985270.0,37.815069,-122.468432,11.413417,-0.996896,0.078728,60.0,25.0,9.0,0.630264,1625251783.0,367145450.0,37.829644,-122.474043,3.754114,0.873634,0.486583,60.0,16.0,9.0,0.961882,1625251783.0,368052630.0,37.841082,-122.465705,10.877512,-0.240675,-0.970606,60.0,42.0,10.0,0.703648,1625251783.0,368060190.0,37.805023,-122.494941,17.67656,-0.862744,-0.50564,50.0,21.0,6.0,0.699049,296.1694444444445,5.835833333333333,10.0
1625251784.0,338368567.0,37.816723,-122.443058,6.977558,-0.454178,0.890911,37.0,13.0,4.0,0.744395,1625251784.0,366864850.0,37.810216,-122.465699,3.213079,-0.909203,0.416354,60.0,19.0,10.0,0.980799,1625251784.0,366985270.0,37.815073,-122.468499,11.407194,-0.996741,0.080673,60.0,25.0,9.0,0.626965,1625251784.0,367145450.0,37.829653,-122.474024,3.752383,0.886329,0.463055,60.0,16.0,9.0,0.960312,1625251784.0,368052630.0,37.841033,-122.465721,10.872571,-0.241285,-0.970454,60.0,42.0,10.0,0.701173,1625251784.0,368060190.0,37.804981,-122.495031,17.681033,-0.862267,-0.506453,50.0,21.0,6.0,0.696466,296.18888888888887,5.836666666666667,10.0
1625251785.0,338368567.0,37.816752,-122.443076,6.981868,-0.448329,0.893869,37.0,13.0,4.0,0.742471,1625251785.0,366864850.0,37.810222,-122.465716,3.280885,-0.886244,0.463219,60.0,19.0,10.0,0.979571,1625251785.0,366985270.0,37.815078,-122.468565,11.400299,-0.996581,0.082622,60.0,25.0,9.0,0.623668,1625251785.0,367145450.0,37.829661,-122.474005,3.75224,0.898603,0.438763,60.0,16.0,9.0,0.958707,1625251785.0,368052630.0,37.840985,-122.465736,10.867969,-0.24177,-0.970334,60.0,42.0,10.0,0.698699,1625251785.0,368060190.0,37.80494,-122.49512,17.685709,-0.861772,-0.507296,50.0,21.0,6.0,0.693882,296.2083333333333,5.8375,10.0
1625251786.0,338368567.0,37.816781,-122.443095,6.9866,-0.442132,0.89695,37.0,13.0,4.0,0.740542,1625251786.0,366864850.0,37.810229,-122.465734,3.357163,-0.862401,0.506226,60.0,19.0,10.0,0.978301,1625251786.0,366985270.0,37.815082,-122.468632,11.392733,-0.996417,0.084576,60.0,25.0,9.0,0.620373,1625251786.0,367145450.0,37.829668,-122.473985,3.75383,0.910404,0.41372,60.0,16.0,9.0,0.957066,1625251786.0,368052630.0,37.840936,-122.465751,10.863702,-0.242129,-0.970244,60.0,42.0,10.0,0.696225,1625251786.0,368060190.0,37.804898,-122.495209,17.690374,-0.861283,-0.508125,50.0,21.0,6.0,0.691299,296.22777777777776,5.838333333333333,10.0
1625251787.0,338368567.0,37.81681,-122.443113,6.99181,-0.435584,0.900148,37.0,13.0,4.0,0.738604,1625251787.0,366864850.0,37.810237,-122.46575,3.440981,-0.838136,0.545462,60.0,19.0,10.0,0.976991,1625251787.0,366985270.0,37.815086,-122.468698,11.384495,-0.996249,0.086536,60.0,25.0,9.0,0.617079,1625251787.0,367145450.0,37.829676,-122.473965,3.7573,0.921681,0.387949,60.0,16.0,9.0,0.955388,1625251787.0,368052630.0,37.840887,-122.465767,10.859769,-0.242362,-0.970186,60.0,42.0,10.0,0.693753,1625251787.0,368060190.0,37.804857,-122.495298,17.694973,-0.860808,-0.508929,50.0,21.0,6.0,0.688715,296.2472222222222,5.839166666666667,10.0
1625251788.0,338368567.0,37.816839,-122.443131,6.997552,-0.428685,0.903454,37.0,13.0,4.0,0.73666,1625251788.0,366864850.0,37.810246,-122.465767,3.531446,-0.813839,0.58109,60.0,19.0,10.0,0.975639,1625251788.0,366985270.0,37.815091,-122.468765,11.375587,-0.996076,0.0885,60.0,25.0,9.0,0.613788,1625251788.0,367145450.0,37.829682,-122.473945,3.762795,0.932382,0.361474,60.0,16.0,9.0,0.953673,1625251788.0,368052630.0,37.840838,-122.465782,10.856169,-0.24247,-0.970159,60.0,42.0,10.0,0.691281,1625251788.0,368060190.0,37.804815,-122.495388,17.699504,-0.860347,-0.509709,50.0,21.0,6.0,0.686131,296.26666666666665,5.84,10.0
1625251789.0,338368567.0,37.816868,-122.443148,7.003887,-0.421434,0.906859,37.0,13.0,4.0,0.734707,1625251789.0,366864850.0,37.810255,-122.465784,3.627723,-0.789829,0.613327,60.0,19.0,10.0,0.974246,1625251789.0,366985270.0,37.815096,-122.468831,11.366008,-0.995899,0.090471,60.0,25.0,9.0,0.6105,1625251789.0,367145450.0,37.829689,-122.473924,3.770462,0.942456,0.33433,60.0,16.0,9.0,0.951922,1625251789.0,368052630.0,37.840789,-122.465798,10.852902,-0.242451,-0.970164,60.0,42.0,10.0,0.688811,1625251789.0,368060190.0,37.804774,-122.495477,17.703965,-0.8599,-0.510463,50.0,21.0,6.0,0.683546,296.2861111111111,5.840833333333333,10.0
1625251790.0,338368567.0,37.816897,-122.443166,7.010876,-0.413829,0.910355,37.0,13.0,4.0,0.732745,1625251790.0,366864850.0,37.810266,-122.465801,3.729036,-0.766356,0.642417,60.0,19.0,10.0,0.972813,1625251790.0,366985270.0,37.8151,-122.468897,11.355758,-0.995718,0.092447,60.0,25.0,9.0,0.607214,1625251790.0,367145450.0,37.829694,-122.473903,3.780446,0.951853,0.306554,60.0,16.0,9.0,0.950132,1625251790.0,368052630.0,37.840741,-122.465813,10.849967,-0.242306,-0.9702,60.0,42.0,10.0,0.686341,1625251790.0,368060190.0,37.804732,-122.495566,17.708356,-0.859466,-0.511193,50.0,21.0,6.0,0.680962,296.30555555555554,5.841666666666667,10.0
1625251791.0,338368567.0,37.816927,-122.443183,7.018583,-0.405869,0.913931,37.0,13.0,4.0,0.730774,1625251791.0,366864850.0,37.810277,-122.465818,3.834675,-0.743606,0.668619,60.0,19.0,10.0,0.971339,1625251791.0,366985270.0,37.815105,-122.468963,11.344838,-0.995531,0.09443,60.0,25.0,9.0,0.603931,1625251791.0,367145450.0,37.8297,-122.473882,3.792889,0.960525,0.278194,60.0,16.0,9.0,0.948306,1625251791.0,368052630.0,37.840692,-122.465828,10.847366,-0.242035,-0.970267,60.0,42.0,10.0,0.683872,1625251791.0,368060190.0,37.80469,-122.495655,17.712676,-0.859046,-0.511898,50.0,21.0,6.0,0.678377,296.325,5.8425,10.0
1625251792.0,338368567.0,37.816957,-122.443199,7.027076,-0.397556,0.917578,37.0,13.0,4.0,0.728792,1625251792.0,366864850.0,37.810289,-122.465834,3.943995,-0.721714,0.692192,60.0,19.0,10.0,0.969824,1625251792.0,366985270.0,37.81511,-122.46903,11.333249,-0.995341,0.09642,60.0,25.0,9.0,0.600651,1625251792.0,367145450.0,37.829705,-122.473861,3.807931,0.968427,0.249299,60.0,16.0,9.0,0.946441,1625251792.0,368052630.0,37.840643,-122.465844,10.845099,-0.241638,-0.970366,60.0,42.0,10.0,0.681405,1625251792.0,368060190.0,37.804648,-122.495744,17.716922,-0.85864,-0.512579,50.0,21.0,6.0,0.675792,296.34444444444443,5.843333333333334,10.0
1625251793.0,338368567.0,37.816986,-122.443216,7.036423,-0.388889,0.921285,37.0,13.0,4.0,0.7268,1625251793.0,366864850.0,37.810301,-122.465851,4.056415,-0.700771,0.713386,60.0,19.0,10.0,0.968269,1625251793.0,366985270.0,37.815115,-122.469096,11.32099,-0.995145,0.098417,60.0,25.0,9.0,0.597374,1625251793.0,367145450.0,37.829709,-122.473839,3.825708,0.975516,0.219927,60.0,16.0,9.0,0.944538,1625251793.0,368052630.0,37.840595,-122.465859,10.843169,-0.241114,-0.970497,60.0,42.0,10.0,0.678938,1625251793.0,368060190.0,37.804606,-122.495833,17.721094,-0.858248,-0.513236,50.0,21.0,6.0,0.673207,296.3638888888889,5.844166666666666,10.0
1625251794.0,338368567.0,37.817016,-122.443232,7.046696,-0.379868,0.925041,37.0,13.0,4.0,0.724797,1625251794.0,366864850.0,37.810315,-122.465868,4.171413,-0.680832,0.732439,60.0,19.0,10.0,0.966674,1625251794.0,366985270.0,37.81512,-122.469162,11.308063,-0.994945,0.100422,60.0,25.0,9.0,0.594101,1625251794.0,367145450.0,37.829713,-122.473817,3.846351,0.981757,0.190142,60.0,16.0,9.0,0.942597,1625251794.0,368052630.0,37.840546,-122.465875,10.841577,-0.240464,-0.970658,60.0,42.0,10.0,0.676473,1625251794.0,368060190.0,37.804564,-122.495922,17.725191,-0.857869,-0.513868,50.0,21.0,6.0,0.670622,296.3833333333333,5.845000000000001,10.0
1625251795.0,338368567.0,37.817047,-122.443247,7.057968,-0.370496,0.928834,37.0,13.0,4.0,0.722782,1625251795.0,366864850.0,37.810329,-122.465884,4.288521,-0.661925,0.74957,60.0,19.0,10.0,0.965039,1625251795.0,366985270.0,37.815126,-122.469227,11.294467,-0.99474,0.102435,60.0,25.0,9.0,0.590832,1625251795.0,367145450.0,37.829716,-122.473795,3.869985,0.987115,0.160011,60.0,16.0,9.0,0.940616,1625251795.0,368052630.0,37.840497,-122.46589,10.840327,-0.239687,-0.97085,60.0,42.0,10.0,0.674009,1625251795.0,368060190.0,37.804522,-122.496011,17.729211,-0.857505,-0.514475,50.0,21.0,6.0,0.668036,296.40277777777777,5.845833333333333,10.0
1625251796.0,338368567.0,37.817077,-122.443263,7.070315,-0.360773,0.932654,37.0,13.0,4.0,0.720754,1625251796.0,366864850.0,37.810344,-122.465901,4.407325,-0.644055,0.764979,60.0,19.0,10.0,0.963364,1625251796.0,366985270.0,37.815131,-122.469293,11.280202,-0.994529,0.104456,60.0,25.0,9.0,0.587566,1625251796.0,367145450.0,37.829719,-122.473773,3.896731,0.991566,0.129605,60.0,16.0,9.0,0.938596,1625251796.0,368052630.0,37.840449,-122.465905,10.839421,-0.238784,-0.971073,60.0,42.0,10.0,0.671546,1625251796.0,368060190.0,37.804479,-122.4961,17.733154,-0.857155,-0.515059,50.0,21.0,6.0,0.66545,296.4222222222222,5.846666666666667,10.0
1625251797.0,338368567.0,37.817107,-122.443278,7.083814,-0.350702,0.936487,37.0,13.0,4.0,0.718713,1625251797.0,366864850.0,37.810359,-122.465918,4.527454,-0.627212,0.778849,60.0,19.0,10.0,0.96165,1625251797.0,366985270.0,37.815136,-122.469359,11.26527,-0.994314,0.106486,60.0,25.0,9.0,0.584305,1625251797.0,367145450.0,37.829721,-122.47375,3.926699,0.995087,0.099,60.0,16.0,9.0,0.936537,1625251797.0,368052630.0,37.8404,-122.46592,10.838864,-0.237754,-0.971325,60.0,42.0,10.0,0.669084,1625251797.0,368060190.0,37.804437,-122.496189,17.737018,-0.856819,-0.515618,50.0,21.0,6.0,0.662864,296.44166666666666,5.8475,10.0
1625251798.0,338368567.0,37.817138,-122.443292,7.098546,-0.340287,0.940322,37.0,13.0,4.0,0.716658,1625251798.0,366864850.0,37.810376,-122.465934,4.648578,-0.611373,0.791343,60.0,19.0,10.0,0.959896,1625251798.0,366985270.0,37.815142,-122.469425,11.249671,-0.994094,0.108525,60.0,25.0,9.0,0.581047,1625251798.0,367145450.0,37.829723,-122.473727,3.959995,0.997667,0.068273,60.0,16.0,9.0,0.934438,1625251798.0,368052630.0,37.840351,-122.465935,10.83866,-0.236598,-0.971608,60.0,42.0,10.0,0.666623,1625251798.0,368060190.0,37.804395,-122.496278,17.740803,-0.856496,-0.516153,50.0,21.0,6.0,0.660278,296.4611111111111,5.848333333333334,10.0
1625251799.0,338368567.0,37.817169,-122.443306,7.11459,-0.329531,0.944145,37.0,13.0,4.0,0.714588,1625251799.0,366864850.0,37.810393,-122.465951,4.770407,-0.596509,0.802606,60.0,19.0,10.0,0.958103,1625251799.0,366985270.0,37.815148,-122.46949,11.233405,-0.993868,0.110574,60.0,25.0,9.0,0.577795,1625251799.0,367145450.0,37.829725,-122.473704,3.996714,0.999297,0.037503,60.0,16.0,9.0,0.932299,1625251799.0,368052630.0,37.840303,-122.46595,10.838815,-0.235314,-0.971919,60.0,42.0,10.0,0.664164,1625251799.0,368060190.0,37.804352,-122.496367,17.744508,-0.856188,-0.516664,50.0,21.0,6.0,0.657692,296.48055555555555,5.849166666666667,10.0
1625251800.0,338368567.0,37.8172,-122.44332,7.131921,-0.318513,0.947918,37.0,13.0,4.0,0.712504,1625251800.0,366864850.0,37.81041,-122.465968,4.89268,-0.582585,0.81277,60.0,19.0,10.0,0.95627,1625251800.0,366985270.0,37.815153,-122.469555,11.216473,-0.993637,0.112633,60.0,25.0,9.0,0.574547,1625251800.0,367145450.0,37.829725,-122.473681,4.036944,0.999977,0.006769,60.0,16.0,9.0,0.930119,1625251800.0,368052630.0,37.840254,-122.465965,10.839333,-0.233905,-0.97226,60.0,42.0,10.0,0.661707,1625251800.0,368060190.0,37.80431,-122.496456,17.748131,-0.855894,-0.517151,50.0,21.0,6.0,0.655105,296.5,5.85,10.0
1625251801.0,338368567.0,37.817231,-122.443333,7.150135,-0.307539,0.951536,37.0,13.0,4.0,0.710404,1625251801.0,366864850.0,37.810429,-122.465984,5.015168,-0.569561,0.821949,60.0,19.0,10.0,0.954399,1625251801.0,366985270.0,37.815159,-122.469621,11.198876,-0.9934,0.114702,60.0,25.0,9.0,0.571303,1625251801.0,367145450.0,37.829725,-122.473657,4.080763,0.999716,-0.02385,60.0,16.0,9.0,0.927899,1625251801.0,368052630.0,37.840205,-122.46598,10.840221,-0.232368,-0.972628,60.0,42.0,10.0,0.65925,1625251801.0,368060190.0,37.804268,-122.496545,17.751672,-0.855615,-0.517613,50.0,21.0,6.0,0.652518,296.51944444444445,5.850833333333334,10.0
1625251802.0,338368567.0,37.817263,-122.443346,7.169097,-0.296686,0.954975,37.0,13.0,4.0,0.708287,1625251802.0,366864850.0,37.810448,-122.466001,5.137665,-0.557396,0.830247,60.0,19.0,10.0,0.952489,1625251802.0,366985270.0,37.815165,-122.469686,11.180613,-0.993158,0.116781,60.0,25.0,9.0,0.568065,1625251802.0,367145450.0,37.829725,-122.473633,4.12824,0.998526,-0.054277,60.0,16.0,9.0,0.925637,1625251802.0,368052630.0,37.840156,-122.465995,10.841486,-0.230705,-0.973024,60.0,42.0,10.0,0.656795,1625251802.0,368060190.0,37.804225,-122.496634,17.755131,-0.855349,-0.518052,50.0,21.0,6.0,0.649931,296.5388888888889,5.851666666666667,10.0
1625251803.0,338368567.0,37.817294,-122.443359,7.188771,-0.285958,0.958242,37.0,13.0,4.0,0.706156,1625251803.0,366864850.0,37.810468,-122.466018,5.259991,-0.54605,0.837752,60.0,19.0,10.0,0.950541,1625251803.0,366985270.0,37.815171,-122.469751,11.161686,-0.99291,0.118872,60.0,25.0,9.0,0.564833,1625251803.0,367145450.0,37.829724,-122.473609,4.179433,0.996429,-0.084437,60.0,16.0,9.0,0.923334,1625251803.0,368052630.0,37.840107,-122.46601,10.843134,-0.228916,-0.973446,60.0,42.0,10.0,0.654342,1625251803.0,368060190.0,37.804183,-122.496723,17.758505,-0.855098,-0.518467,50.0,21.0,6.0,0.647344,296.55833333333334,5.8525,10.0
1625251804.0,338368567.0,37.817326,-122.443371,7.209123,-0.27536,0.961341,37.0,13.0,4.0,0.704008,1625251804.0,366864850.0,37.810488,-122.466035,5.381984,-0.535483,0.844546,60.0,19.0,10.0,0.948555,1625251804.0,366985270.0,37.815177,-122.469816,11.142094,-0.992656,0.120975,60.0,25.0,9.0,0.561605,1625251804.0,367145450.0,37.829722,-122.473585,4.234394,0.993451,-0.11426,60.0,16.0,9.0,0.92099,1625251804.0,368052630.0,37.840059,-122.466024,10.845174,-0.227,-0.973895,60.0,42.0,10.0,0.65189,1625251804.0,368060190.0,37.80414,-122.496812,17.761796,-0.854861,-0.518858,50.0,21.0,6.0,0.644756,296.5777777777778,5.8533333333333335,10.0
1625251805.0,338368567.0,37.817358,-122.443382,7.23012,-0.264894,0.964278,37.0,13.0,4.0,0.701845,1625251805.0,366864850.0,37.810509,-122.466051,5.503501,-0.525652,0.850699,60.0,19.0,10.0,0.946531,1625251805.0,366985270.0,37.815184,-122.469881,11.12184,-0.992396,0.123089,60.0,25.0,9.0,0.558384,1625251805.0,367145450.0,37.82972,-122.47356,4.292998,0.989651,-0.143498,60.0,16.0,9.0,0.918603,1625251805.0,368052630.0,37.84001,-122.466038,10.847614,-0.224958,-0.974369,60.0,42.0,10.0,0.64944,1625251805.0,368060190.0,37.804097,-122.496901,17.765001,-0.854638,-0.519225,50.0,21.0,6.0,0.642168,296.59722222222223,5.854166666666667,10.0
1625251806.0,338368567.0,37.817391,-122.443394,7.251729,-0.254563,0.967056,37.0,13.0,4.0,0.699667,1625251806.0,366864850.0,37.810531,-122.466068,5.624414,-0.516522,0.856274,60.0,19.0,10.0,0.944468,1625251806.0,366985270.0,37.81519,-122.469945,11.100922,-0.992129,0.125217,60.0,25.0,9.0,0.555168,1625251806.0,367145450.0,37.829717,-122.473535,4.354456,0.985201,-0.171401,60.0,16.0,9.0,0.916175,1625251806.0,368052630.0,37.839961,-122.466053,10.850462,-0.22279,-0.974867,60.0,42.0,10.0,0.646991,1625251806.0,368060190.0,37.804055,-122.49699,17.76812,-0.854429,-0.519568,50.0,21.0,6.0,0.63958,296.6166666666667,5.855,10.0
1625251807.0,338368567.0,37.817423,-122.443404,7.273917,-0.24437,0.969682,37.0,13.0,4.0,0.697472,1625251807.0,366864850.0,37.810553,-122.466085,5.74461,-0.508053,0.861326,60.0,19.0,10.0,0.942369,1625251807.0,366985270.0,37.815196,-122.47001,11.079343,-0.991857,0.127357,60.0,25.0,9.0,0.551958,1625251807.0,367145450.0,37.829714,-122.47351,4.418262,0.98024,-0.197814,60.0,16.0,9.0,0.913705,1625251807.0,368052630.0,37.839912,-122.466067,10.853728,-0.220495,-0.975388,60.0,42.0,10.0,0.644545,1625251807.0,368060190.0,37.804012,-122.497079,17.771154,-0.854235,-0.519887,50.0,21.0,6.0,0.636992,296.6361111111111,5.855833333333333,10.0
1625251808.0,338368567.0,37.817456,-122.443415,7.296653,-0.234316,0.972161,37.0,13.0,4.0,0.695263,1625251808.0,366864850.0,37.810576,-122.466102,5.863988,-0.500211,0.865903,60.0,19.0,10.0,0.940231,1625251808.0,366985270.0,37.815203,-122.470074,11.057102,-0.991578,0.12951,60.0,25.0,9.0,0.548755,1625251808.0,367145450.0,37.82971,-122.473485,4.484073,0.97487,-0.222775,60.0,16.0,9.0,0.911194,1625251808.0,368052630.0,37.839863,-122.466081,10.857422,-0.218075,-0.975932,60.0,42.0,10.0,0.6421,1625251808.0,368060190.0,37.803969,-122.497168,17.7741,-0.854055,-0.520183,50.0,21.0,6.0,0.634404,296.6555555555556,5.856666666666667,10.0
1625251809.0,338368567.0,37.817489,-122.443425,7.319904,-0.224404,0.974496,37.0,13.0,4.0,0.693038,1625251809.0,366864850.0,37.810599,-122.46612,5.982457,-0.492964,0.87005,60.0,19.0,10.0,0.938057,1625251809.0,366985270.0,37.81521,-122.470138,11.034201,-0.991293,0.131677,60.0,25.0,9.0,0.545558,1625251809.0,367145450.0,37.829705,-122.473459,4.551565,0.969185,-0.246333,60.0,16.0,9.0,0.908642,1625251809.0,368052630.0,37.839814,-122.466095,10.861555,-0.215529,-0.976497,60.0,42.0,10.0,0.639656,1625251809.0,368060190.0,37.803926,-122.497257,17.77696,-0.853889,-0.520455,50.0,21.0,6.0,0.631815,296.675,5.8575,10.0
1625251810.0,338368567.0,37.817522,-122.443434,7.343639,-0.214635,0.976694,37.0,13.0,4.0,0.690798,1625251810.0,366864850.0,37.810623,-122.466137,6.099938,-0.486278,0.873804,60.0,19.0,10.0,0.935846,1625251810.0,366985270.0,37.815216,-122.470202,11.01064,-0.991,0.133859,60.0,25.0,9.0,0.542368,1625251810.0,367145450.0,37.8297,-122.473433,4.62044,0.963268,-0.26854,60.0,16.0,9.0,0.906051,1625251810.0,368052630.0,37.839765,-122.466109,10.866136,-0.212858,-0.977083,60.0,42.0,10.0,0.637215,1625251810.0,368060190.0,37.803884,-122.497345,17.779731,-0.853738,-0.520703,50.0,21.0,6.0,0.629226,296.69444444444446,5.858333333333333,10.0
1625251811.0,338368567.0,37.817555,-122.443444,7.36783,-0.205011,0.97876,37.0,13.0,4.0,0.688543,1625251811.0,366864850.0,37.810648,-122.466154,6.21636,-0.480125,0.8772,60.0,19.0,10.0,0.933598,1625251811.0,366985270.0,37.815223,-122.470266,10.98642,-0.990701,0.136055,60.0,25.0,9.0,0.539184,1625251811.0,367145450.0,37.829694,-122.473407,4.690418,0.957192,-0.289454,60.0,16.0,9.0,0.90342,1625251811.0,368052630.0,37.839716,-122.466122,10.871177,-0.210062,-0.977688,60.0,42.0,10.0,0.634776,1625251811.0,368060190.0,37.803841,-122.497434,17.782414,-0.853601,-0.520928,50.0,21.0,6.0,0.626637,296.7138888888889,5.859166666666667,10.0
1625251812.0,338368567.0,37.817588,-122.443452,7.392445,-0.195533,0.980697,37.0,13.0,4.0,0.686273,1625251812.0,366864850.0,37.810673,-122.466172,6.33166,-0.474477,0.880268,60.0,19.0,10.0,0.931314,1625251812.0,366985270.0,37.81523,-122.47033,10.961684,-0.990396,0.13826,60.0,25.0,9.0,0.536008,1625251812.0,367145450.0,37.829688,-122.473381,4.761239,0.951019,-0.309133,60.0,16.0,9.0,0.900751,1625251812.0,368052630.0,37.839667,-122.466135,10.876691,-0.207141,-0.978311,60.0,42.0,10.0,0.632338,1625251812.0,368060190.0,37.803798,-122.497523,17.785009,-0.853478,-0.521129,50.0,21.0,6.0,0.624047,296.7333333333333,5.86,10.0
1625251813.0,338368567.0,37.817622,-122.443461,7.417455,-0.186201,0.982512,37.0,13.0,4.0,0.683987,1625251813.0,366864850.0,37.810699,-122.466189,6.445781,-0.469308,0.883035,60.0,19.0,10.0,0.928993,1625251813.0,366985270.0,37.815237,-122.470394,10.937004,-0.990088,0.140447,60.0,25.0,9.0,0.532839,1625251813.0,367145450.0,37.829681,-122.473354,4.832665,0.944803,-0.327639,60.0,16.0,9.0,0.898044,1625251813.0,368052630.0,37.839617,-122.466149,10.882689,-0.204096,-0.978951,60.0,42.0,10.0,0.629903,1625251813.0,368060190.0,37.803755,-122.497612,17.787514,-0.85337,-0.521306,50.0,21.0,6.0,0.621458,296.7527777777778,5.860833333333334,10.0
1625251814.0,338368567.0,37.817655,-122.443469,7.442833,-0.177017,0.984208,37.0,13.0,4.0,0.681687,1625251814.0,366864850.0,37.810725,-122.466207,6.558673,-0.464593,0.885524,60.0,19.0,10.0,0.926637,1625251814.0,366985270.0,37.815244,-122.470457,10.912521,-0.989779,0.142608,60.0,25.0,9.0,0.529677,1625251814.0,367145450.0,37.829674,-122.473328,4.904473,0.938592,-0.34503,60.0,16.0,9.0,0.8953,1625251814.0,368052630.0,37.839568,-122.466162,10.889185,-0.200926,-0.979606,60.0,42.0,10.0,0.62747,1625251814.0,368060190.0,37.803712,-122.497701,17.78993,-0.853276,-0.52146,50.0,21.0,6.0,0.618868,296.77222222222224,5.861666666666666,10.0
1625251815.0,338368567.0,37.817689,-122.443477,7.468549,-0.167981,0.98579,37.0,13.0,4.0,0.679372,1625251815.0,366864850.0,37.810752,-122.466225,6.670292,-0.460311,0.887758,60.0,19.0,10.0,0.924245,1625251815.0,366985270.0,37.815251,-122.47052,10.888232,-0.989469,0.144744,60.0,25.0,9.0,0.526523,1625251815.0,367145450.0,37.829666,-122.473301,4.976459,0.932424,-0.361366,60.0,16.0,9.0,0.892519,1625251815.0,368052630.0,37.839519,-122.466174,10.896192,-0.197633,-0.980276,60.0,42.0,10.0,0.625039,1625251815.0,368060190.0,37.803669,-122.49779,17.792257,-0.853196,-0.52159,50.0,21.0,6.0,0.616277,296.7916666666667,5.862500000000001,10.0
1625251816.0,338368567.0,37.817723,-122.443484,7.494578,-0.159092,0.987264,37.0,13.0,4.0,0.677042,1625251816.0,366864850.0,37.81078,-122.466243,6.7806,-0.45644,0.889754,60.0,19.0,10.0,0.921817,1625251816.0,366985270.0,37.815259,-122.470583,10.864136,-0.989158,0.146854,60.0,25.0,9.0,0.523375,1625251816.0,367145450.0,37.829658,-122.473273,5.048435,0.926333,-0.376705,60.0,16.0,9.0,0.889702,1625251816.0,368052630.0,37.839469,-122.466187,10.903723,-0.194216,-0.980959,60.0,42.0,10.0,0.62261,1625251816.0,368060190.0,37.803626,-122.497879,17.794494,-0.853131,-0.521696,50.0,21.0,6.0,0.613687,296.8111111111112,5.863333333333333,10.0
1625251817.0,338368567.0,37.817758,-122.443491,7.520891,-0.150353,0.988632,37.0,13.0,4.0,0.674698,1625251817.0,366864850.0,37.810808,-122.466261,6.889562,-0.45296,0.891531,60.0,19.0,10.0,0.919354,1625251817.0,366985270.0,37.815266,-122.470646,10.840229,-0.988846,0.148939,60.0,25.0,9.0,0.520235,1625251817.0,367145450.0,37.829649,-122.473246,5.120228,0.920347,-0.391102,60.0,16.0,9.0,0.88685,1625251817.0,368052630.0,37.83942,-122.4662,10.911794,-0.190677,-0.981653,60.0,42.0,10.0,0.620184,1625251817.0,368060190.0,37.803583,-122.497968,17.796641,-0.853081,-0.521779,50.0,21.0,6.0,0.611096,296.8305555555556,5.864166666666667,10.0
1625251818.0,338368567.0,37.817792,-122.443498,7.547462,-0.141761,0.989901,37.0,13.0,4.0,0.672339,1625251818.0,366864850.0,37.810836,-122.466279,6.997149,-0.449852,0.893103,60.0,19.0,10.0,0.916855,1625251818.0,366985270.0,37.815273,-122.470709,10.816511,-0.988534,0.150997,60.0,25.0,9.0,0.517102,1625251818.0,367145450.0,37.829639,-122.473218,5.191679,0.914489,-0.40461,60.0,16.0,9.0,0.883963,1625251818.0,368052630.0,37.83937,-122.466212,10.920418,-0.187016,-0.982357,60.0,42.0,10.0,0.61776,1625251818.0,368060190.0,37.80354,-122.498056,17.798698,-0.853044,-0.521839,50.0,21.0,6.0,0.608505,296.85,5.865,10.0
1625251819.0,338368567.0,37.817826,-122.443504,7.574267,-0.133317,0.991073,37.0,13.0,4.0,0.669966,1625251819.0,366864850.0,37.810865,-122.466298,7.103333,-0.447101,0.894483,60.0,19.0,10.0,0.914322,1625251819.0,366985270.0,37.815281,-122.470772,10.792979,-0.988222,0.153028,60.0,25.0,9.0,0.513975,1625251819.0,367145450.0,37.82963,-122.473191,5.26264,0.908778,-0.417279,60.0,16.0,9.0,0.881042,1625251819.0,368052630.0,37.839321,-122.466224,10.929611,-0.183233,-0.98307,60.0,42.0,10.0,0.615339,1625251819.0,368060190.0,37.803497,-122.498145,17.800665,-0.853022,-0.521875,50.0,21.0,6.0,0.605914,296.8694444444444,5.865833333333334,10.0
1625251820.0,338368567.0,37.817861,-122.44351,7.60128,-0.125021,0.992154,37.0,13.0,4.0,0.667578,1625251820.0,366864850.0,37.810894,-122.466316,7.208092,-0.444689,0.895685,60.0,19.0,10.0,0.911755,1625251820.0,366985270.0,37.815289,-122.470834,10.769631,-0.987909,0.155033,60.0,25.0,9.0,0.510856,1625251820.0,367145450.0,37.82962,-122.473163,5.332977,0.90323,-0.429158,60.0,16.0,9.0,0.878088,1625251820.0,368052630.0,37.839271,-122.466235,10.939388,-0.179329,-0.983789,60.0,42.0,10.0,0.61292,1625251820.0,368060190.0,37.803454,-122.498234,17.802541,-0.853015,-0.521887,50.0,21.0,6.0,0.603323,296.8888888888889,5.866666666666667,10.0
1625251821.0,338368567.0,37.817896,-122.443515,7.628477,-0.116872,0.993147,37.0,13.0,4.0,0.665176,1625251821.0,366864850.0,37.810924,-122.466335,7.311408,-0.442603,0.896718,60.0,19.0,10.0,0.909152,1625251821.0,366985270.0,37.815296,-122.470896,10.746465,-0.987597,0.157011,60.0,25.0,9.0,0.507744,1625251821.0,367145450.0,37.829609,-122.473134,5.402566,0.897856,-0.44029,60.0,16.0,9.0,0.875102,1625251821.0,368052630.0,37.839221,-122.466247,10.949767,-0.175305,-0.984514,60.0,42.0,10.0,0.610504,1625251821.0,368060190.0,37.803411,-122.498323,17.804328,-0.853021,-0.521876,50.0,21.0,6.0,0.600731,296.9083333333333,5.8675,10.0
1625251822.0,338368567.0,37.817931,-122.443521,7.655833,-0.10887,0.994056,37.0,13.0,4.0,0.66276,1625251822.0,366864850.0,37.810954,-122.466354,7.413263,-0.440827,0.897592,60.0,19.0,10.0,0.906516,1625251822.0,366985270.0,37.815304,-122.470959,10.723479,-0.987285,0.158961,60.0,25.0,9.0,0.504638,1625251822.0,367145450.0,37.829598,-122.473106,5.471295,0.892666,-0.450719,60.0,16.0,9.0,0.872084,1625251822.0,368052630.0,37.839171,-122.466258,10.960762,-0.171161,-0.985243,60.0,42.0,10.0,0.608091,1625251822.0,368060190.0,37.803368,-122.498412,17.806024,-0.853043,-0.521841,50.0,21.0,6.0,0.598139,296.9277777777778,5.868333333333334,10.0
1625251823.0,338368567.0,37.817966,-122.443526,7.683327,-0.101013,0.994885,37.0,13.0,4.0,0.660331,1625251823.0,366864850.0,37.810985,-122.466373,7.513643,-0.43935,0.898316,60.0,19.0,10.0,0.903846,1625251823.0,366985270.0,37.815312,-122.471021,10.700671,-0.986973,0.160885,60.0,25.0,9.0,0.50154,1625251823.0,367145450.0,37.829587,-122.473077,5.539058,0.887667,-0.460485,60.0,16.0,9.0,0.869034,1625251823.0,368052630.0,37.839121,-122.466269,10.972391,-0.166899,-0.985974,60.0,42.0,10.0,0.60568,1625251823.0,368060190.0,37.803325,-122.498501,17.807629,-0.853078,-0.521783,50.0,21.0,6.0,0.595547,296.9472222222222,5.869166666666667,10.0
1625251824.0,338368567.0,37.818002,-122.44353,7.710935,-0.093301,0.995638,37.0,13.0,4.0,0.657887,1625251824.0,366864850.0,37.811016,-122.466393,7.612538,-0.438159,0.898897,60.0,19.0,10.0,0.901142,1625251824.0,366985270.0,37.81532,-122.471082,10.678039,-0.986662,0.16278,60.0,25.0,9.0,0.498448,1625251824.0,367145450.0,37.829575,-122.473049,5.60576,0.882866,-0.469624,60.0,16.0,9.0,0.865954,1625251824.0,368052630.0,37.839071,-122.46628,10.984671,-0.162518,-0.986706,60.0,42.0,10.0,0.603273,1625251824.0,368060190.0,37.803282,-122.49859,17.809145,-0.853128,-0.521702,50.0,21.0,6.0,0.592955,296.9666666666667,5.87,10.0
1625251825.0,338368567.0,37.818037,-122.443534,7.738635,-0.085733,0.996318,37.0,13.0,4.0,0.65543,1625251825.0,366864850.0,37.811048,-122.466412,7.709939,-0.437244,0.899343,60.0,19.0,10.0,0.898404,1625251825.0,366985270.0,37.815328,-122.471144,10.655581,-0.986352,0.164647,60.0,25.0,9.0,0.495363,1625251825.0,367145450.0,37.829563,-122.47302,5.671314,0.878266,-0.478171,60.0,16.0,9.0,0.862844,1625251825.0,368052630.0,37.839021,-122.46629,10.99762,-0.158021,-0.987436,60.0,42.0,10.0,0.600868,1625251825.0,368060190.0,37.803239,-122.498679,17.810571,-0.853192,-0.521596,50.0,21.0,6.0,0.590362,296.9861111111111,5.870833333333334,10.0
1625251826.0,338368567.0,37.818073,-122.443538,7.766405,-0.078307,0.996929,37.0,13.0,4.0,0.652959,1625251826.0,366864850.0,37.81108,-122.466432,7.805838,-0.436593,0.899659,60.0,19.0,10.0,0.895633,1625251826.0,366985270.0,37.815336,-122.471206,10.633295,-0.986044,0.166487,60.0,25.0,9.0,0.492284,1625251826.0,367145450.0,37.82955,-122.47299,5.735638,0.87387,-0.486159,60.0,16.0,9.0,0.859705,1625251826.0,368052630.0,37.838971,-122.466301,11.011256,-0.153408,-0.988163,60.0,42.0,10.0,0.598467,1625251826.0,368060190.0,37.803197,-122.498768,17.811907,-0.853271,-0.521468,50.0,21.0,6.0,0.587769,297.0055555555556,5.871666666666667,10.0
1625251827.0,338368567.0,37.818109,-122.443542,7.794226,-0.071024,0.997475,37.0,13.0,4.0,0.650474,1625251827.0,366864850.0,37.811113,-122.466452,7.900232,-0.436196,0.899852,60.0,19.0,10.0,0.892829,1625251827.0,366985270.0,37.815344,-122.471267,10.61118,-0.985736,0.168298,60.0,25.0,9.0,0.489212,1625251827.0,367145450.0,37.829537,-122.472961,5.798659,0.869679,-0.493617,60.0,16.0,9.0,0.856538,1625251827.0,368052630.0,37.83892,-122.46631,11.025597,-0.14868,-0.988885,60.0,42.0,10.0,0.596069,1625251827.0,368060190.0,37.803154,-122.498857,17.813153,-0.853364,-0.521316,50.0,21.0,6.0,0.585176,297.025,5.8725000000000005,10.0
1625251828.0,338368567.0,37.818145,-122.443545,7.822076,-0.06388,0.997958,37.0,13.0,4.0,0.647977,1625251828.0,366864850.0,37.811146,-122.466472,7.993116,-0.436046,0.899924,60.0,19.0,10.0,0.889992,1625251828.0,366985270.0,37.815353,-122.471328,10.589233,-0.98543,0.17008,60.0,25.0,9.0,0.486147,1625251828.0,367145450.0,37.829524,-122.472931,5.86031,0.865694,-0.500573,60.0,16.0,9.0,0.853343,1625251828.0,368052630.0,37.83887,-122.46632,11.040505,-0.143897,-0.989593,60.0,42.0,10.0,0.593675,1625251828.0,368060190.0,37.803111,-122.498946,17.81431,-0.853471,-0.52114,50.0,21.0,6.0,0.582582,297.0444444444445,5.873333333333333,10.0
1625251829.0,338368567.0,37.818181,-122.443548,7.849935,-0.056876,0.998381,37.0,13.0,4.0,0.645466,1625251829.0,366864850.0,37.811179,-122.466492,8.084491,-0.436133,0.899882,60.0,19.0,10.0,0.887123,1625251829.0,366985270.0,37.815361,-122.471389,10.567452,-0.985126,0.171833,60.0,25.0,9.0,0.483089,1625251829.0,367145450.0,37.82951,-122.472902,5.920528,0.861915,-0.507053,60.0,16.0,9.0,0.850121,1625251829.0,368052630.0,37.838819,-122.466329,11.055351,-0.139297,-0.990251,60.0,42.0,10.0,0.591283,1625251829.0,368060190.0,37.803068,-122.499035,17.815379,-0.853593,-0.520941,50.0,21.0,6.0,0.579988,297.06388888888887,5.874166666666667,10.0
1625251830.0,338368567.0,37.818217,-122.443551,7.877786,-0.05001,0.998749,37.0,13.0,4.0,0.642942,1625251830.0,366864850.0,37.811213,-122.466513,8.174357,-0.436449,0.899729,60.0,19.0,10.0,0.884221,1625251830.0,366985270.0,37.815369,-122.47145,10.545836,-0.984824,0.173557,60.0,25.0,9.0,0.480036,1625251830.0,367145450.0,37.829496,-122.472872,5.979257,0.85834,-0.513081,60.0,16.0,9.0,0.846873,1625251830.0,368052630.0,37.838769,-122.466338,11.069944,-0.134937,-0.990854,60.0,42.0,10.0,0.588896,1625251830.0,368060190.0,37.803025,-122.499124,17.816358,-0.853728,-0.520718,50.0,21.0,6.0,0.577394,297.0833333333333,5.875,10.0
1625251831.0,338368567.0,37.818253,-122.443553,7.905607,-0.04328,0.999063,37.0,13.0,4.0,0.640405,1625251831.0,366864850.0,37.811247,-122.466534,8.262715,-0.436987,0.899468,60.0,19.0,10.0,0.881287,1625251831.0,366985270.0,37.815378,-122.471511,10.524383,-0.984524,0.175252,60.0,25.0,9.0,0.476991,1625251831.0,367145450.0,37.829482,-122.472842,6.036445,0.854969,-0.518679,60.0,16.0,9.0,0.843599,1625251831.0,368052630.0,37.838718,-122.466347,11.084249,-0.130818,-0.991406,60.0,42.0,10.0,0.586511,1625251831.0,368060190.0,37.802982,-122.499213,17.817249,-0.853879,-0.520472,50.0,21.0,6.0,0.5748,297.10277777777776,5.8758333333333335,10.0
1625251832.0,338368567.0,37.81829,-122.443555,7.933382,-0.036686,0.999327,37.0,13.0,4.0,0.637855,1625251832.0,366864850.0,37.811281,-122.466555,8.34957,-0.43774,0.899102,60.0,19.0,10.0,0.87832,1625251832.0,366985270.0,37.815386,-122.471572,10.503091,-0.984226,0.176917,60.0,25.0,9.0,0.473951,1625251832.0,367145450.0,37.829468,-122.472812,6.092044,0.8518,-0.523868,60.0,16.0,9.0,0.8403,1625251832.0,368052630.0,37.838667,-122.466356,11.098233,-0.126937,-0.991911,60.0,42.0,10.0,0.58413,1625251832.0,368060190.0,37.802939,-122.499302,17.818053,-0.854043,-0.520203,50.0,21.0,6.0,0.572205,297.1222222222222,5.876666666666667,10.0
1625251833.0,338368567.0,37.818327,-122.443557,7.961093,-0.030225,0.999543,37.0,13.0,4.0,0.635293,1625251833.0,366864850.0,37.811316,-122.466576,8.434927,-0.438702,0.898633,60.0,19.0,10.0,0.875322,1625251833.0,366985270.0,37.815395,-122.471632,10.481958,-0.98393,0.178553,60.0,25.0,9.0,0.470919,1625251833.0,367145450.0,37.829453,-122.472781,6.146012,0.84883,-0.528666,60.0,16.0,9.0,0.836977,1625251833.0,368052630.0,37.838616,-122.466364,11.111865,-0.123295,-0.99237,60.0,42.0,10.0,0.581751,1625251833.0,368060190.0,37.802896,-122.499391,17.818769,-0.854221,-0.519909,50.0,21.0,6.0,0.56961,297.14166666666665,5.8775,10.0
1625251834.0,338368567.0,37.818364,-122.443558,7.988723,-0.023896,0.999714,37.0,13.0,4.0,0.632718,1625251834.0,366864850.0,37.811351,-122.466598,8.518792,-0.439866,0.898064,60.0,19.0,10.0,0.872292,1625251834.0,366985270.0,37.815404,-122.471693,10.460983,-0.983638,0.180158,60.0,25.0,9.0,0.467892,1625251834.0,367145450.0,37.829438,-122.472751,6.198309,0.846059,-0.53309,60.0,16.0,9.0,0.833631,1625251834.0,368052630.0,37.838565,-122.466372,11.125117,-0.119889,-0.992787,60.0,42.0,10.0,0.579376,1625251834.0,368060190.0,37.802853,-122.49948,17.819398,-0.854414,-0.519593,50.0,21.0,6.0,0.567015,297.1611111111111,5.878333333333334,10.0
1625251835.0,338368567.0,37.8184,-122.443559,8.016254,-0.017697,0.999843,37.0,13.0,4.0,0.630131,1625251835.0,366864850.0,37.811386,-122.46662,8.601172,-0.441226,0.897396,60.0,19.0,10.0,0.869231,1625251835.0,366985270.0,37.815412,-122.471753,10.440163,-0.983348,0.181733,60.0,25.0,9.0,0.464872,1625251835.0,367145450.0,37.829423,-122.47272,6.248899,0.843482,-0.537157,60.0,16.0,9.0,0.830262,1625251835.0,368052630.0,37.838514,-122.46638,11.13796,-0.116721,-0.993165,60.0,42.0,10.0,0.577004,1625251835.0,368060190.0,37.80281,-122.49957,17.819941,-0.854621,-0.519252,50.0,21.0,6.0,0.56442,297.18055555555554,5.879166666666666,10.0
1625251836.0,338368567.0,37.818438,-122.44356,8.04367,-0.011628,0.999932,37.0,13.0,4.0,0.627531,1625251836.0,366864850.0,37.811422,-122.466642,8.682078,-0.442778,0.896631,60.0,19.0,10.0,0.866139,1625251836.0,366985270.0,37.815421,-122.471813,10.419498,-0.983061,0.183278,60.0,25.0,9.0,0.461858,1625251836.0,367145450.0,37.829407,-122.472689,6.29775,0.841099,-0.540882,60.0,16.0,9.0,0.82687,1625251836.0,368052630.0,37.838463,-122.466387,11.150371,-0.113787,-0.993505,60.0,42.0,10.0,0.574634,1625251836.0,368060190.0,37.802767,-122.499659,17.820398,-0.854842,-0.518888,50.0,21.0,6.0,0.561824,297.2,5.880000000000001,10.0
1625251837.0,338368567.0,37.818475,-122.44356,8.070956,-0.005686,0.999984,37.0,13.0,4.0,0.62492,1625251837.0,366864850.0,37.811458,-122.466665,8.761519,-0.444516,0.895771,60.0,19.0,10.0,0.863015,1625251837.0,366985270.0,37.81543,-122.471873,10.398985,-0.982778,0.184791,60.0,25.0,9.0,0.45885,1625251837.0,367145450.0,37.829391,-122.472658,6.344832,0.838906,-0.544277,60.0,16.0,9.0,0.823458,1625251837.0,368052630.0,37.838412,-122.466395,11.162325,-0.111088,-0.993811,60.0,42.0,10.0,0.572267,1625251837.0,368060190.0,37.802725,-122.499748,17.82077,-0.855077,-0.518501,50.0,21.0,6.0,0.559228,297.21944444444443,5.880833333333333,10.0
1625251838.0,338368567.0,37.818512,-122.443561,8.098097,0.00013,1.0,37.0,13.0,4.0,0.622296,1625251838.0,366864850.0,37.811494,-122.466688,8.839506,-0.446436,0.894816,60.0,19.0,10.0,0.859861,1625251838.0,366985270.0,37.815439,-122.471933,10.378623,-0.982498,0.186274,60.0,25.0,9.0,0.455848,1625251838.0,367145450.0,37.829375,-122.472627,6.39012,0.8369,-0.547355,60.0,16.0,9.0,0.820025,1625251838.0,368052630.0,37.83836,-122.466402,11.173802,-0.108623,-0.994083,60.0,42.0,10.0,0.569902,1625251838.0,368060190.0,37.802682,-122.499837,17.821057,-0.855327,-0.518089,50.0,21.0,6.0,0.556632,297.2388888888889,5.881666666666667,10.0
1625251839.0,338368567.0,37.81855,-122.443561,8.125077,0.005822,0.999983,37.0,13.0,4.0,0.619661,1625251839.0,366864850.0,37.811531,-122.466711,8.916053,-0.448533,0.893766,60.0,19.0,10.0,0.856676,1625251839.0,366985270.0,37.815448,-122.471993,10.35841,-0.982221,0.187726,60.0,25.0,9.0,0.452853,1625251839.0,367145450.0,37.829359,-122.472595,6.433589,0.83508,-0.550129,60.0,16.0,9.0,0.816572,1625251839.0,368052630.0,37.838309,-122.466409,11.184783,-0.106391,-0.994324,60.0,42.0,10.0,0.56754,1625251839.0,368060190.0,37.802639,-122.499926,17.821261,-0.85559,-0.517654,50.0,21.0,6.0,0.554035,297.2583333333333,5.8825,10.0
1625251840.0,338368567.0,37.818587,-122.44356,8.151882,0.011391,0.999935,37.0,13.0,4.0,0.617014,1625251840.0,366864850.0,37.811568,-122.466734,8.991172,-0.450803,0.892624,60.0,19.0,10.0,0.85346,1625251840.0,366985270.0,37.815457,-122.472052,10.338345,-0.981949,0.189147,60.0,25.0,9.0,0.449863,1625251840.0,367145450.0,37.829343,-122.472564,6.475219,0.833442,-0.552606,60.0,16.0,9.0,0.813099,1625251840.0,368052630.0,37.838258,-122.466416,11.195249,-0.10439,-0.994536,60.0,42.0,10.0,0.565179,1625251840.0,368060190.0,37.802597,-122.500016,17.821382,-0.855867,-0.517196,50.0,21.0,6.0,0.551438,297.27777777777777,5.883333333333333,10.0
1625251841.0,338368567.0,37.818625,-122.44356,8.178497,0.016839,0.999858,37.0,13.0,4.0,0.614356,1625251841.0,366864850.0,37.811605,-122.466758,9.064878,-0.453241,0.891388,60.0,19.0,10.0,0.850215,1625251841.0,366985270.0,37.815466,-122.472112,10.318426,-0.98168,0.190535,60.0,25.0,9.0,0.44688,1625251841.0,367145450.0,37.829326,-122.472532,6.514991,0.831985,-0.554798,60.0,16.0,9.0,0.809608,1625251841.0,368052630.0,37.838206,-122.466423,11.205186,-0.102621,-0.994721,60.0,42.0,10.0,0.562821,1625251841.0,368060190.0,37.802554,-122.500105,17.82142,-0.856159,-0.516713,50.0,21.0,6.0,0.548841,297.2972222222222,5.884166666666667,10.0
1625251842.0,338368567.0,37.818663,-122.443559,8.20491,0.022167,0.999754,37.0,13.0,4.0,0.611687,1625251842.0,366864850.0,37.811642,-122.466782,9.137188,-0.455845,0.890059,60.0,19.0,10.0,0.846939,1625251842.0,366985270.0,37.815475,-122.472171,10.298652,-0.981416,0.191892,60.0,25.0,9.0,0.443902,1625251842.0,367145450.0,37.82931,-122.472501,6.552889,0.830705,-0.556713,60.0,16.0,9.0,0.8061,1625251842.0,368052630.0,37.838154,-122.46643,11.214579,-0.101082,-0.994878,60.0,42.0,10.0,0.560465,1625251842.0,368060190.0,37.802511,-122.500194,17.821378,-0.856464,-0.516207,50.0,21.0,6.0,0.546243,297.31666666666666,5.885,10.0
1625251843.0,338368567.0,37.818701,-122.443558,8.231107,0.027377,0.999625,37.0,13.0,4.0,0.609006,1625251843.0,366864850.0,37.81168,-122.466806,9.208118,-0.45861,0.888637,60.0,19.0,10.0,0.843633,1625251843.0,366985270.0,37.815484,-122.47223,10.279021,-0.981156,0.193218,60.0,25.0,9.0,0.44093,1625251843.0,367145450.0,37.829293,-122.472469,6.588898,0.8296,-0.558357,60.0,16.0,9.0,0.802574,1625251843.0,368052630.0,37.838103,-122.466436,11.223417,-0.099773,-0.99501,60.0,42.0,10.0,0.558111,1625251843.0,368060190.0,37.802469,-122.500284,17.821254,-0.856783,-0.515677,50.0,21.0,6.0,0.543646,297.3361111111111,5.885833333333334,10.0
1625251844.0,338368567.0,37.818739,-122.443557,8.257075,0.032471,0.999473,37.0,13.0,4.0,0.606314,1625251844.0,366864850.0,37.811718,-122.466831,9.277686,-0.461534,0.887122,60.0,19.0,10.0,0.840297,1625251844.0,366985270.0,37.815493,-122.472289,10.259531,-0.9809,0.19451,60.0,25.0,9.0,0.437965,1625251844.0,367145450.0,37.829276,-122.472437,6.623007,0.828669,-0.559739,60.0,16.0,9.0,0.799031,1625251844.0,368052630.0,37.838051,-122.466443,11.231689,-0.098694,-0.995118,60.0,42.0,10.0,0.555758,1625251844.0,368060190.0,37.802426,-122.500373,17.821052,-0.857116,-0.515123,50.0,21.0,6.0,0.541047,297.35555555555555,5.886666666666667,10.0
1625251845.0,338368567.0,37.818777,-122.443555,8.282802,0.037451,0.999298,37.0,13.0,4.0,0.603612,1625251845.0,366864850.0,37.811756,-122.466856,9.34591,-0.464613,0.885514,60.0,19.0,10.0,0.836932,1625251845.0,366985270.0,37.815503,-122.472348,10.240182,-0.98065,0.195771,60.0,25.0,9.0,0.435005,1625251845.0,367145450.0,37.829259,-122.472405,6.655206,0.827908,-0.560864,60.0,16.0,9.0,0.795473,1625251845.0,368052630.0,37.837999,-122.466449,11.239386,-0.097842,-0.995202,60.0,42.0,10.0,0.553407,1625251845.0,368060190.0,37.802384,-122.500463,17.82077,-0.857463,-0.514545,50.0,21.0,6.0,0.538449,297.375,5.8875,10.0
1625251846.0,338368567.0,37.818815,-122.443553,8.308275,0.042317,0.999104,37.0,13.0,4.0,0.600899,1625251846.0,366864850.0,37.811794,-122.466882,9.412812,-0.467844,0.883811,60.0,19.0,10.0,0.833537,1625251846.0,366985270.0,37.815512,-122.472407,10.220972,-0.980404,0.196999,60.0,25.0,9.0,0.432051,1625251846.0,367145450.0,37.829241,-122.472372,6.685486,0.827316,-0.561737,60.0,16.0,9.0,0.7919,1625251846.0,368052630.0,37.837948,-122.466456,11.246504,-0.097219,-0.995263,60.0,42.0,10.0,0.551057,1625251846.0,368060190.0,37.802341,-122.500552,17.820411,-0.857824,-0.513944,50.0,21.0,6.0,0.53585,297.39444444444445,5.888333333333334,10.0
1625251847.0,338368567.0,37.818854,-122.443551,8.333484,0.047071,0.998892,37.0,13.0,4.0,0.598175,1625251847.0,366864850.0,37.811832,-122.466907,9.478411,-0.471224,0.882014,60.0,19.0,10.0,0.830113,1625251847.0,366985270.0,37.815521,-122.472466,10.201899,-0.980163,0.198193,60.0,25.0,9.0,0.429103,1625251847.0,367145450.0,37.829224,-122.47234,6.713841,0.82689,-0.562364,60.0,16.0,9.0,0.788313,1625251847.0,368052630.0,37.837896,-122.466462,11.253036,-0.096823,-0.995302,60.0,42.0,10.0,0.548709,1625251847.0,368060190.0,37.802299,-122.500642,17.819975,-0.858198,-0.513318,50.0,21.0,6.0,0.533251,297.4138888888889,5.889166666666666,10.0
1625251848.0,338368567.0,37.818892,-122.443549,8.358416,0.051715,0.998662,37.0,13.0,4.0,0.595441,1625251848.0,366864850.0,37.811871,-122.466933,9.542729,-0.47475,0.880121,60.0,19.0,10.0,0.82666,1625251848.0,366985270.0,37.81553,-122.472524,10.182962,-0.979927,0.199355,60.0,25.0,9.0,0.42616,1625251848.0,367145450.0,37.829206,-122.472307,6.740267,0.826629,-0.562747,60.0,16.0,9.0,0.784711,1625251848.0,368052630.0,37.837844,-122.466469,11.258979,-0.096655,-0.995318,60.0,42.0,10.0,0.546361,1625251848.0,368060190.0,37.802257,-122.500731,17.819464,-0.858586,-0.512669,50.0,21.0,6.0,0.530652,297.43333333333334,5.890000000000001,10.0
1625251849.0,338368567.0,37.818931,-122.443546,8.38306,0.056251,0.998417,37.0,13.0,4.0,0.592697,1625251849.0,366864850.0,37.81191,-122.46696,9.60582,-0.478384,0.878151,60.0,19.0,10.0,0.823178,1625251849.0,366985270.0,37.81554,-122.472583,10.16416,-0.979697,0.200484,60.0,25.0,9.0,0.423223,1625251849.0,367145450.0,37.829189,-122.472275,6.764761,0.826531,-0.562891,60.0,16.0,9.0,0.781097,1625251849.0,368052630.0,37.837792,-122.466475,11.264332,-0.096713,-0.995312,60.0,42.0,10.0,0.544015,1625251849.0,368060190.0,37.802214,-122.500821,17.818879,-0.858988,-0.511995,50.0,21.0,6.0,0.528052,297.4527777777778,5.890833333333333,10.0
1625251850.0,338368567.0,37.818969,-122.443544,8.407407,0.060679,0.998157,37.0,13.0,4.0,0.589943,1625251850.0,366864850.0,37.811949,-122.466987,9.667816,-0.481979,0.876183,60.0,19.0,10.0,0.819667,1625251850.0,366985270.0,37.815549,-122.472641,10.145492,-0.979472,0.201579,60.0,25.0,9.0,0.420292,1625251850.0,367145450.0,37.829171,-122.472242,6.787323,0.826594,-0.562798,60.0,16.0,9.0,0.777471,1625251850.0,368052630.0,37.83774,-122.466481,11.269096,-0.096997,-0.995285,60.0,42.0,10.0,0.541669,1625251850.0,368060190.0,37.802172,-122.50091,17.81822,-0.859404,-0.511298,50.0,21.0,6.0,0.525452,297.47222222222223,5.891666666666668,10.0
1625251851.0,338368567.0,37.819008,-122.443541,8.431445,0.065002,0.997885,37.0,13.0,4.0,0.587179,1625251851.0,366864850.0,37.811988,-122.467014,9.728743,-0.485501,0.874236,60.0,19.0,10.0,0.816128,1625251851.0,366985270.0,37.815559,-122.472699,10.126956,-0.979253,0.202641,60.0,25.0,9.0,0.417367,1625251851.0,367145450.0,37.829154,-122.472209,6.807952,0.826817,-0.562471,60.0,16.0,9.0,0.773832,1625251851.0,368052630.0,37.837689,-122.466488,11.273273,-0.097508,-0.995235,60.0,42.0,10.0,0.539324,1625251851.0,368060190.0,37.80213,-122.501,17.817516,-0.859828,-0.510584,50.0,21.0,6.0,0.522852,297.4916666666667,5.8925,10.0
1625251852.0,338368567.0,37.819047,-122.443537,8.455164,0.06922,0.997601,37.0,13.0,4.0,0.584405,1625251852.0,366864850.0,37.812028,-122.467042,9.788596,-0.488954,0.87231,60.0,19.0,10.0,0.81256,1625251852.0,366985270.0,37.815568,-122.472757,10.108551,-0.97904,0.203668,60.0,25.0,9.0,0.414447,1625251852.0,367145450.0,37.829136,-122.472176,6.826651,0.827197,-0.561911,60.0,16.0,9.0,0.770183,1625251852.0,368052630.0,37.837637,-122.466494,11.276866,-0.098244,-0.995162,60.0,42.0,10.0,0.536979,1625251852.0,368060190.0,37.802088,-122.50109,17.81688,-0.86024,-0.509889,50.0,21.0,6.0,0.520251,297.5111111111111,5.8933333333333335,10.0
1625251853.0,338368567.0,37.819086,-122.443534,8.478555,0.073336,0.997307,37.0,13.0,4.0,0.581622,1625251853.0,366864850.0,37.812067,-122.46707,9.84737,-0.49234,0.870403,60.0,19.0,10.0,0.808966,1625251853.0,366985270.0,37.815578,-122.472815,10.090277,-0.978833,0.204662,60.0,25.0,9.0,0.411532,1625251853.0,367145450.0,37.829118,-122.472143,6.843423,0.827735,-0.56112,60.0,16.0,9.0,0.766523,1625251853.0,368052630.0,37.837585,-122.466501,11.279882,-0.099206,-0.995067,60.0,42.0,10.0,0.534634,1625251853.0,368060190.0,37.802046,-122.501179,17.816336,-0.860637,-0.509219,50.0,21.0,6.0,0.51765,297.5305555555556,5.894166666666667,10.0
1625251854.0,338368567.0,37.819125,-122.44353,8.501609,0.077351,0.997004,37.0,13.0,4.0,0.57883,1625251854.0,366864850.0,37.812107,-122.467098,9.905058,-0.495661,0.868516,60.0,19.0,10.0,0.805345,1625251854.0,366985270.0,37.815587,-122.472873,10.072131,-0.978632,0.205621,60.0,25.0,9.0,0.408623,1625251854.0,367145450.0,37.8291,-122.47211,6.858276,0.828427,-0.560097,60.0,16.0,9.0,0.762854,1625251854.0,368052630.0,37.837533,-122.466507,11.282328,-0.100394,-0.994948,60.0,42.0,10.0,0.532289,1625251854.0,368060190.0,37.802004,-122.501269,17.815883,-0.861018,-0.508575,50.0,21.0,6.0,0.515049,297.55,5.895,10.0
1625251855.0,338368567.0,37.819165,-122.443527,8.524316,0.081265,0.996693,37.0,13.0,4.0,0.576028,1625251855.0,366864850.0,37.812147,-122.467127,9.961658,-0.49892,0.866648,60.0,19.0,10.0,0.801697,1625251855.0,366985270.0,37.815597,-122.472931,10.054113,-0.978437,0.206546,60.0,25.0,9.0,0.405719,1625251855.0,367145450.0,37.829083,-122.472077,6.871215,0.829273,-0.558844,60.0,16.0,9.0,0.759176,1625251855.0,368052630.0,37.837481,-122.466514,11.284213,-0.101808,-0.994804,60.0,42.0,10.0,0.529944,1625251855.0,368060190.0,37.801962,-122.501359,17.815522,-0.861382,-0.507958,50.0,21.0,6.0,0.512447,297.56944444444446,5.895833333333334,10.0
1625251856.0,338368567.0,37.819204,-122.443522,8.546668,0.085081,0.996374,37.0,13.0,4.0,0.573218,1625251856.0,366864850.0,37.812186,-122.467156,10.017163,-0.50212,0.864798,60.0,19.0,10.0,0.798023,1625251856.0,366985270.0,37.815607,-122.472989,10.036222,-0.978249,0.207436,60.0,25.0,9.0,0.402821,1625251856.0,367145450.0,37.829065,-122.472043,6.882249,0.830272,-0.557358,60.0,16.0,9.0,0.755489,1625251856.0,368052630.0,37.837429,-122.466521,11.285548,-0.103447,-0.994635,60.0,42.0,10.0,0.527598,1625251856.0,368060190.0,37.80192,-122.501449,17.815249,-0.86173,-0.507366,50.0,21.0,6.0,0.509845,297.5888888888889,5.8966666666666665,10.0
1625251857.0,338368567.0,37.819243,-122.443518,8.568655,0.0888,0.99605,37.0,13.0,4.0,0.570398,1625251857.0,366864850.0,37.812227,-122.467186,10.071571,-0.505262,0.862966,60.0,19.0,10.0,0.794323,1625251857.0,366985270.0,37.815616,-122.473046,10.018456,-0.978067,0.208291,60.0,25.0,9.0,0.399928,1625251857.0,367145450.0,37.829047,-122.47201,6.891388,0.831422,-0.555641,60.0,16.0,9.0,0.751795,1625251857.0,368052630.0,37.837377,-122.466527,11.286345,-0.105312,-0.994439,60.0,42.0,10.0,0.525252,1625251857.0,368060190.0,37.801878,-122.501539,17.815065,-0.862063,-0.506801,50.0,21.0,6.0,0.507243,297.6083333333333,5.8975,10.0
1625251858.0,338368567.0,37.819283,-122.443514,8.59027,0.092422,0.99572,37.0,13.0,4.0,0.56757,1625251858.0,366864850.0,37.812267,-122.467215,10.124876,-0.508349,0.861151,60.0,19.0,10.0,0.790598,1625251858.0,366985270.0,37.815626,-122.473103,10.000815,-0.977892,0.209112,60.0,25.0,9.0,0.39704,1625251858.0,367145450.0,37.829029,-122.471976,6.898646,0.832723,-0.553689,60.0,16.0,9.0,0.748094,1625251858.0,368052630.0,37.837325,-122.466534,11.28662,-0.107402,-0.994216,60.0,42.0,10.0,0.522905,1625251858.0,368060190.0,37.801837,-122.501629,17.814967,-0.86238,-0.506262,50.0,21.0,6.0,0.504641,297.6277777777778,5.898333333333333,10.0
1625251859.0,338368567.0,37.819322,-122.443509,8.611505,0.09595,0.995386,37.0,13.0,4.0,0.564734,1625251859.0,366864850.0,37.812307,-122.467246,10.177075,-0.511383,0.859353,60.0,19.0,10.0,0.786849,1625251859.0,366985270.0,37.815635,-122.473161,9.983299,-0.977724,0.209896,60.0,25.0,9.0,0.394158,1625251859.0,367145450.0,37.829012,-122.471943,6.904034,0.834173,-0.551502,60.0,16.0,9.0,0.744386,1625251859.0,368052630.0,37.837273,-122.466541,11.286387,-0.109718,-0.993963,60.0,42.0,10.0,0.520557,1625251859.0,368060190.0,37.801795,-122.501719,17.814956,-0.86268,-0.50575,50.0,21.0,6.0,0.502038,297.64722222222224,5.899166666666667,10.0
1625251860.0,338368567.0,37.819362,-122.443504,8.632352,0.099385,0.995049,37.0,13.0,4.0,0.56189,1625251860.0,366864850.0,37.812348,-122.467276,10.228163,-0.514365,0.857571,60.0,19.0,10.0,0.783076,1625251860.0,366985270.0,37.815645,-122.473218,9.965905,-0.977562,0.210646,60.0,25.0,9.0,0.391281,1625251860.0,367145450.0,37.828994,-122.471909,6.907569,0.835772,-0.549077,60.0,16.0,9.0,0.740672,1625251860.0,368052630.0,37.837221,-122.466549,11.285666,-0.112261,-0.993679,60.0,42.0,10.0,0.518208,1625251860.0,368060190.0,37.801753,-122.501809,17.815029,-0.862965,-0.505263,50.0,21.0,6.0,0.499435,297.6666666666667,5.9,10.0
1625251861.0,338368567.0,37.819402,-122.443499,8.652803,0.102727,0.99471,37.0,13.0,4.0,0.559037,1625251861.0,366864850.0,37.812388,-122.467307,10.278138,-0.517298,0.855805,60.0,19.0,10.0,0.779278,1625251861.0,366985270.0,37.815655,-122.473275,9.948633,-0.977408,0.21136,60.0,25.0,9.0,0.388409,1625251861.0,367145450.0,37.828977,-122.471875,6.909268,0.837518,-0.54641,60.0,16.0,9.0,0.736953,1625251861.0,368052630.0,37.837169,-122.466556,11.284477,-0.115029,-0.993362,60.0,42.0,10.0,0.515857,1625251861.0,368060190.0,37.801711,-122.501899,17.815187,-0.863234,-0.504803,50.0,21.0,6.0,0.496831,297.6861111111112,5.900833333333333,10.0
1625251862.0,338368567.0,37.819442,-122.443494,8.672852,0.105979,0.994368,37.0,13.0,4.0,0.556177,1625251862.0,366864850.0,37.812429,-122.467338,10.326996,-0.520184,0.854054,60.0,19.0,10.0,0.775458,1625251862.0,366985270.0,37.815665,-122.473332,9.931482,-0.977261,0.212038,60.0,25.0,9.0,0.385542,1625251862.0,367145450.0,37.828959,-122.471841,6.909149,0.83941,-0.543499,60.0,16.0,9.0,0.73323,1625251862.0,368052630.0,37.837117,-122.466564,11.282839,-0.118024,-0.993011,60.0,42.0,10.0,0.513504,1625251862.0,368060190.0,37.80167,-122.501989,17.815428,-0.863488,-0.50437,50.0,21.0,6.0,0.494228,297.7055555555556,5.901666666666667,10.0
1625251863.0,338368567.0,37.819481,-122.443489,8.692491,0.10914,0.994026,37.0,13.0,4.0,0.553308,1625251863.0,366864850.0,37.81247,-122.467369,10.374733,-0.523024,0.852318,60.0,19.0,10.0,0.771615,1625251863.0,366985270.0,37.815674,-122.473389,9.914452,-0.977122,0.21268,60.0,25.0,9.0,0.38268,1625251863.0,367145450.0,37.828942,-122.471807,6.907233,0.841448,-0.540339,60.0,16.0,9.0,0.729503,1625251863.0,368052630.0,37.837066,-122.466572,11.280778,-0.121246,-0.992623,60.0,42.0,10.0,0.51115,1625251863.0,368060190.0,37.801628,-122.502079,17.815751,-0.863725,-0.503963,50.0,21.0,6.0,0.491624,297.725,5.9025,10.0
1625251864.0,338368567.0,37.819521,-122.443483,8.711713,0.112213,0.993684,37.0,13.0,4.0,0.550433,1625251864.0,366864850.0,37.812511,-122.467401,10.421347,-0.52582,0.850596,60.0,19.0,10.0,0.767749,1625251864.0,366985270.0,37.815684,-122.473446,9.897541,-0.97699,0.213285,60.0,25.0,9.0,0.379824,1625251864.0,367145450.0,37.828924,-122.471773,6.903542,0.843629,-0.536926,60.0,16.0,9.0,0.725773,1625251864.0,368052630.0,37.837014,-122.46658,11.278317,-0.124694,-0.992195,60.0,42.0,10.0,0.508793,1625251864.0,368060190.0,37.801587,-122.502169,17.816157,-0.863947,-0.503582,50.0,21.0,6.0,0.489019,297.7444444444444,5.903333333333333,10.0
1625251865.0,338368567.0,37.819561,-122.443477,8.730513,0.115198,0.993343,37.0,13.0,4.0,0.54755,1625251865.0,366864850.0,37.812552,-122.467433,10.466834,-0.528574,0.848887,60.0,19.0,10.0,0.763862,1625251865.0,366985270.0,37.815694,-122.473502,9.88075,-0.976866,0.213855,60.0,25.0,9.0,0.376972,1625251865.0,367145450.0,37.828907,-122.471739,6.898101,0.845954,-0.533255,60.0,16.0,9.0,0.72204,1625251865.0,368052630.0,37.836962,-122.466588,11.275485,-0.128369,-0.991726,60.0,42.0,10.0,0.506434,1625251865.0,368060190.0,37.801545,-122.502259,17.816643,-0.864154,-0.503228,50.0,21.0,6.0,0.486415,297.7638888888889,5.904166666666667,10.0
1625251866.0,338368567.0,37.819602,-122.443471,8.748883,0.118097,0.993002,37.0,13.0,4.0,0.544659,1625251866.0,366864850.0,37.812593,-122.467466,10.511192,-0.531287,0.847192,60.0,19.0,10.0,0.759953,1625251866.0,366985270.0,37.815704,-122.473559,9.864077,-0.976749,0.214387,60.0,25.0,9.0,0.374125,1625251866.0,367145450.0,37.82889,-122.471705,6.890937,0.848422,-0.529321,60.0,16.0,9.0,0.718305,1625251866.0,368052630.0,37.83691,-122.466596,11.27231,-0.132272,-0.991213,60.0,42.0,10.0,0.504072,1625251866.0,368060190.0,37.801504,-122.502349,17.817209,-0.864345,-0.5029,50.0,21.0,6.0,0.48381,297.7833333333333,5.905,10.0
1625251867.0,338368567.0,37.819642,-122.443465,8.766818,0.12091,0.992663,37.0,13.0,4.0,0.541762,1625251867.0,366864850.0,37.812634,-122.467498,10.554418,-0.533961,0.845509,60.0,19.0,10.0,0.756024,1625251867.0,366985270.0,37.815713,-122.473615,9.847522,-0.97664,0.214883,60.0,25.0,9.0,0.371283,1625251867.0,367145450.0,37.828873,-122.471671,6.882077,0.85103,-0.525118,60.0,16.0,9.0,0.714569,1625251867.0,368052630.0,37.836859,-122.466605,11.268821,-0.136402,-0.990654,60.0,42.0,10.0,0.501707,1625251867.0,368060190.0,37.801462,-122.502439,17.817855,-0.86452,-0.502599,50.0,21.0,6.0,0.481205,297.8027777777778,5.905833333333334,10.0
1625251868.0,338368567.0,37.819682,-122.443459,8.784312,0.123639,0.992327,37.0,13.0,4.0,0.538858,1625251868.0,366864850.0,37.812675,-122.467531,10.596508,-0.536597,0.843839,60.0,19.0,10.0,0.752074,1625251868.0,366985270.0,37.815723,-122.473671,9.831083,-0.976539,0.215342,60.0,25.0,9.0,0.368446,1625251868.0,367145450.0,37.828857,-122.471636,6.871551,0.853777,-0.520639,60.0,16.0,9.0,0.710832,1625251868.0,368052630.0,37.836807,-122.466614,11.265053,-0.140759,-0.990044,60.0,42.0,10.0,0.499338,1625251868.0,368060190.0,37.801421,-122.50253,17.81858,-0.86468,-0.502324,50.0,21.0,6.0,0.4786,297.8222222222222,5.906666666666666,10.0
1625251869.0,338368567.0,37.819722,-122.443453,8.801359,0.126284,0.991994,37.0,13.0,4.0,0.535948,1625251869.0,366864850.0,37.812717,-122.467565,10.637462,-0.539196,0.84218,60.0,19.0,10.0,0.748103,1625251869.0,366985270.0,37.815733,-122.473728,9.814762,-0.976446,0.215763,60.0,25.0,9.0,0.365614,1625251869.0,367145450.0,37.82884,-122.471602,6.859394,0.856663,-0.515877,60.0,16.0,9.0,0.707094,1625251869.0,368052630.0,37.836755,-122.466623,11.26104,-0.145344,-0.989381,60.0,42.0,10.0,0.496966,1625251869.0,368060190.0,37.801379,-122.50262,17.819383,-0.864824,-0.502076,50.0,21.0,6.0,0.475994,297.8416666666667,5.907500000000001,10.0
1625251870.0,338368567.0,37.819763,-122.443446,8.817953,0.128847,0.991664,37.0,13.0,4.0,0.533031,1625251870.0,366864850.0,37.812758,-122.467598,10.677275,-0.541761,0.840533,60.0,19.0,10.0,0.744114,1625251870.0,366985270.0,37.815743,-122.473784,9.798557,-0.976361,0.216148,60.0,25.0,9.0,0.362787,1625251870.0,367145450.0,37.828824,-122.471568,6.84564,0.859685,-0.510825,60.0,16.0,9.0,0.703357,1625251870.0,368052630.0,37.836704,-122.466633,11.256816,-0.150157,-0.988662,60.0,42.0,10.0,0.494591,1625251870.0,368060190.0,37.801338,-122.50271,17.820264,-0.864952,-0.501854,50.0,21.0,6.0,0.473388,297.8611111111111,5.908333333333333,10.0
1625251871.0,338368567.0,37.819803,-122.44344,8.83409,0.131329,0.991339,37.0,13.0,4.0,0.530108,1625251871.0,366864850.0,37.812799,-122.467632,10.715947,-0.544292,0.838896,60.0,19.0,10.0,0.740105,1625251871.0,366985270.0,37.815753,-122.47384,9.782467,-0.976284,0.216494,60.0,25.0,9.0,0.359964,1625251871.0,367145450.0,37.828808,-122.471533,6.830327,0.862842,-0.505474,60.0,16.0,9.0,0.699622,1625251871.0,368052630.0,37.836652,-122.466643,11.252422,-0.155197,-0.987884,60.0,42.0,10.0,0.492211,1625251871.0,368060190.0,37.801297,-122.5028,17.821224,-0.865065,-0.501659,50.0,21.0,6.0,0.470782,297.8805555555556,5.909166666666667,10.0
1625251872.0,338368567.0,37.819844,-122.443433,8.849764,0.13373,0.991018,37.0,13.0,4.0,0.527179,1625251872.0,366864850.0,37.812841,-122.467666,10.753475,-0.54679,0.83727,60.0,19.0,10.0,0.736078,1625251872.0,366985270.0,37.815762,-122.473896,9.766492,-0.976215,0.216803,60.0,25.0,9.0,0.357147,1625251872.0,367145450.0,37.828792,-122.471499,6.813494,0.866131,-0.499817,60.0,16.0,9.0,0.695887,1625251872.0,368052630.0,37.836601,-122.466653,11.247896,-0.160465,-0.987042,60.0,42.0,10.0,0.489827,1625251872.0,368060190.0,37.801255,-122.502891,17.82226,-0.865163,-0.50149,50.0,21.0,6.0,0.468176,297.9,5.91,10.0
1625251873.0,338368567.0,37.819884,-122.443426,8.864971,0.136051,0.990702,37.0,13.0,4.0,0.524244,1625251873.0,366864850.0,37.812883,-122.467701,10.789856,-0.549258,0.835653,60.0,19.0,10.0,0.732033,1625251873.0,366985270.0,37.815772,-122.473952,9.750633,-0.976155,0.217074,60.0,25.0,9.0,0.354333,1625251873.0,367145450.0,37.828776,-122.471464,6.795185,0.869551,-0.493843,60.0,16.0,9.0,0.692156,1625251873.0,368052630.0,37.83655,-122.466664,11.243281,-0.165961,-0.986132,60.0,42.0,10.0,0.487438,1625251873.0,368060190.0,37.801214,-122.502981,17.823373,-0.865245,-0.501349,50.0,21.0,6.0,0.465569,297.9194444444445,5.910833333333334,10.0
1625251874.0,338368567.0,37.819925,-122.443419,8.879706,0.138293,0.990391,37.0,13.0,4.0,0.521303,1625251874.0,366864850.0,37.812924,-122.467735,10.825089,-0.551695,0.834046,60.0,19.0,10.0,0.72797,1625251874.0,366985270.0,37.815782,-122.474007,9.734888,-0.976103,0.217307,60.0,25.0,9.0,0.351525,1625251874.0,367145450.0,37.82876,-122.471429,6.775445,0.873099,-0.487544,60.0,16.0,9.0,0.688426,1625251874.0,368052630.0,37.836498,-122.466675,11.23862,-0.171683,-0.985152,60.0,42.0,10.0,0.485044,1625251874.0,368060190.0,37.801173,-122.503071,17.824563,-0.865312,-0.501233,50.0,21.0,6.0,0.462962,297.93888888888887,5.911666666666667,10.0
1625251875.0,338368567.0,37.819966,-122.443412,8.893963,0.140457,0.990087,37.0,13.0,4.0,0.518357,1625251875.0,366864850.0,37.812966,-122.46777,10.859172,-0.554104,0.832448,60.0,19.0,10.0,0.723889,1625251875.0,366985270.0,37.815792,-122.474063,9.719257,-0.97606,0.217501,60.0,25.0,9.0,0.348721,1625251875.0,367145450.0,37.828745,-122.471395,6.754323,0.876771,-0.480908,60.0,16.0,9.0,0.684701,1625251875.0,368052630.0,37.836447,-122.466686,11.23396,-0.177633,-0.984097,60.0,42.0,10.0,0.482645,1625251875.0,368060190.0,37.801131,-122.503161,17.82583,-0.865364,-0.501144,50.0,21.0,6.0,0.460355,297.9583333333333,5.9125,10.0
1625251876.0,338368567.0,37.820006,-122.443404,8.90774,0.142544,0.989788,37.0,13.0,4.0,0.515406,1625251876.0,366864850.0,37.813008,-122.467806,10.892103,-0.556485,0.830858,60.0,19.0,10.0,0.719792,1625251876.0,366985270.0,37.815802,-122.474119,9.70374,-0.976025,0.217657,60.0,25.0,9.0,0.345921,1625251876.0,367145450.0,37.82873,-122.47136,6.732276,0.880528,-0.473994,60.0,16.0,9.0,0.680979,1625251876.0,368052630.0,37.836396,-122.466698,11.229347,-0.183808,-0.982962,60.0,42.0,10.0,0.48024,1625251876.0,368060190.0,37.80109,-122.503252,17.827173,-0.8654,-0.501082,50.0,21.0,6.0,0.457748,297.97777777777776,5.913333333333334,10.0
1625251877.0,338368567.0,37.820047,-122.443397,8.921032,0.144555,0.989497,37.0,13.0,4.0,0.51245,1625251877.0,366864850.0,37.81305,-122.467841,10.923881,-0.558839,0.829276,60.0,19.0,10.0,0.715679,1625251877.0,366985270.0,37.815811,-122.474174,9.688338,-0.975999,0.217775,60.0,25.0,9.0,0.343127,1625251877.0,367145450.0,37.828715,-122.471325,6.710954,0.884218,-0.467074,60.0,16.0,9.0,0.677262,1625251877.0,368052630.0,37.836345,-122.46671,11.224832,-0.19021,-0.981743,60.0,42.0,10.0,0.47783,1625251877.0,368060190.0,37.801049,-122.503342,17.828592,-0.86542,-0.501047,50.0,21.0,6.0,0.45514,297.9972222222222,5.914166666666667,10.0
1625251878.0,338368567.0,37.820088,-122.443389,8.933834,0.146489,0.989212,37.0,13.0,4.0,0.509488,1625251878.0,366864850.0,37.813092,-122.467877,10.954503,-0.561168,0.827702,60.0,19.0,10.0,0.71155,1625251878.0,366985270.0,37.815821,-122.474229,9.673049,-0.975982,0.217853,60.0,25.0,9.0,0.340336,1625251878.0,367145450.0,37.828701,-122.471291,6.690749,0.887804,-0.460221,60.0,16.0,9.0,0.673549,1625251878.0,368052630.0,37.836294,-122.466722,11.220466,-0.196836,-0.980436,60.0,42.0,10.0,0.475413,1625251878.0,368060190.0,37.801007,-122.503432,17.830087,-0.865426,-0.501037,50.0,21.0,6.0,0.452532,298.01666666666665,5.915,10.0
1625251879.0,338368567.0,37.820129,-122.443382,8.946144,0.148349,0.988935,37.0,13.0,4.0,0.506522,1625251879.0,366864850.0,37.813134,-122.467913,10.983968,-0.563473,0.826135,60.0,19.0,10.0,0.707406,1625251879.0,366985270.0,37.815831,-122.474285,9.657873,-0.975973,0.217892,60.0,25.0,9.0,0.33755,1625251879.0,367145450.0,37.828686,-122.471256,6.671637,0.891286,-0.453441,60.0,16.0,9.0,0.66984,1625251879.0,368052630.0,37.836243,-122.466735,11.216303,-0.203687,-0.979036,60.0,42.0,10.0,0.472989,1625251879.0,368060190.0,37.800966,-122.503523,17.831658,-0.865415,-0.501055,50.0,21.0,6.0,0.449924,298.0361111111111,5.9158333333333335,10.0
1625251880.0,338368567.0,37.82017,-122.443374,8.957957,0.150134,0.988666,37.0,13.0,4.0,0.503552,1625251880.0,366864850.0,37.813176,-122.467949,11.012275,-0.565754,0.824574,60.0,19.0,10.0,0.703247,1625251880.0,366985270.0,37.815841,-122.47434,9.642812,-0.975973,0.217892,60.0,25.0,9.0,0.334768,1625251880.0,367145450.0,37.828672,-122.471221,6.6536,0.894664,-0.446739,60.0,16.0,9.0,0.666135,1625251880.0,368052630.0,37.836192,-122.466748,11.212397,-0.21076,-0.977538,60.0,42.0,10.0,0.470559,1625251880.0,368060190.0,37.800925,-122.503613,17.833305,-0.86539,-0.501099,50.0,21.0,6.0,0.447316,298.05555555555554,5.916666666666667,10.0
1625251881.0,338368567.0,37.820211,-122.443366,8.969269,0.151845,0.988404,37.0,13.0,4.0,0.500577,1625251881.0,366864850.0,37.813218,-122.467986,11.039422,-0.568012,0.82302,60.0,19.0,10.0,0.699073,1625251881.0,366985270.0,37.81585,-122.474395,9.627863,-0.975982,0.217853,60.0,25.0,9.0,0.331991,1625251881.0,367145450.0,37.828659,-122.471186,6.636615,0.897939,-0.44012,60.0,16.0,9.0,0.662433,1625251881.0,368052630.0,37.836141,-122.466762,11.208807,-0.218054,-0.975937,60.0,42.0,10.0,0.468122,1625251881.0,368060190.0,37.800883,-122.503703,17.835029,-0.865349,-0.50117,50.0,21.0,6.0,0.444708,298.075,5.9175,10.0
1625251882.0,338368567.0,37.820252,-122.443358,8.980079,0.153484,0.988151,37.0,13.0,4.0,0.497598,1625251882.0,366864850.0,37.81326,-122.468022,11.065408,-0.570249,0.821472,60.0,19.0,10.0,0.694886,1625251882.0,366985270.0,37.81586,-122.47445,9.612921,-0.975999,0.217777,60.0,25.0,9.0,0.329218,1625251882.0,367145450.0,37.828645,-122.471151,6.620663,0.90111,-0.43359,60.0,16.0,9.0,0.658734,1625251882.0,368052630.0,37.836091,-122.466777,11.205591,-0.225568,-0.974227,60.0,42.0,10.0,0.465676,1625251882.0,368060190.0,37.800842,-122.503794,17.836829,-0.865293,-0.501267,50.0,21.0,6.0,0.442099,298.09444444444443,5.918333333333333,10.0
1625251883.0,338368567.0,37.820293,-122.44335,8.990381,0.155049,0.987907,37.0,13.0,4.0,0.494615,1625251883.0,366864850.0,37.813302,-122.468059,11.090231,-0.572466,0.819929,60.0,19.0,10.0,0.690685,1625251883.0,366985270.0,37.81587,-122.474505,9.597551,-0.97602,0.217679,60.0,25.0,9.0,0.326449,1625251883.0,367145450.0,37.828632,-122.471116,6.605722,0.904179,-0.427154,60.0,16.0,9.0,0.655039,1625251883.0,368052630.0,37.83604,-122.466791,11.202811,-0.2333,-0.972405,60.0,42.0,10.0,0.463224,1625251883.0,368060190.0,37.800801,-122.503884,17.838705,-0.865221,-0.501391,50.0,21.0,6.0,0.43949,298.1138888888889,5.919166666666667,10.0
1625251884.0,338368567.0,37.820334,-122.443342,9.000174,0.156543,0.987671,37.0,13.0,4.0,0.491629,1625251884.0,366864850.0,37.813344,-122.468096,11.113891,-0.574662,0.818391,60.0,19.0,10.0,0.686471,1625251884.0,366985270.0,37.815879,-122.47456,9.581646,-0.976046,0.217562,60.0,25.0,9.0,0.323685,1625251884.0,367145450.0,37.828619,-122.471081,6.591771,0.907146,-0.420816,60.0,16.0,9.0,0.651346,1625251884.0,368052630.0,37.83599,-122.466807,11.200529,-0.241248,-0.970463,60.0,42.0,10.0,0.460762,1625251884.0,368060190.0,37.800759,-122.503975,17.840658,-0.865134,-0.501541,50.0,21.0,6.0,0.436881,298.1333333333333,5.92,10.0
1625251885.0,338368567.0,37.820375,-122.443334,9.009455,0.157966,0.987445,37.0,13.0,4.0,0.488638,1625251885.0,366864850.0,37.813386,-122.468134,11.136387,-0.57684,0.816857,60.0,19.0,10.0,0.682245,1625251885.0,366985270.0,37.815889,-122.474615,9.565205,-0.976077,0.217426,60.0,25.0,9.0,0.320925,1625251885.0,367145450.0,37.828606,-122.471046,6.578791,0.910012,-0.414581,60.0,16.0,9.0,0.647656,1625251885.0,368052630.0,37.83594,-122.466823,11.198811,-0.24941,-0.968398,60.0,42.0,10.0,0.458293,1625251885.0,368060190.0,37.800718,-122.504065,17.842688,-0.865032,-0.501717,50.0,21.0,6.0,0.434272,298.15277777777777,5.920833333333333,10.0
1625251886.0,338368567.0,37.820416,-122.443325,9.01822,0.159317,0.987227,37.0,13.0,4.0,0.485645,1625251886.0,366864850.0,37.813428,-122.468172,11.157716,-0.579,0.815328,60.0,19.0,10.0,0.678007,1625251886.0,366985270.0,37.815899,-122.474669,9.548229,-0.976111,0.21727,60.0,25.0,9.0,0.31817,1625251886.0,367145450.0,37.828593,-122.471011,6.566759,0.912779,-0.408454,60.0,16.0,9.0,0.643967,1625251886.0,368052630.0,37.835889,-122.466839,11.197722,-0.257782,-0.966203,60.0,42.0,10.0,0.455814,1625251886.0,368060190.0,37.800676,-122.504155,17.844796,-0.864914,-0.501921,50.0,21.0,6.0,0.431663,298.1722222222222,5.921666666666667,10.0
1625251887.0,338368567.0,37.820457,-122.443317,9.026467,0.160598,0.98702,37.0,13.0,4.0,0.482648,1625251887.0,366864850.0,37.81347,-122.468209,11.177879,-0.581142,0.813802,60.0,19.0,10.0,0.673757,1625251887.0,366985270.0,37.815908,-122.474724,9.530718,-0.97615,0.217096,60.0,25.0,9.0,0.31542,1625251887.0,367145450.0,37.828581,-122.470976,6.555657,0.915446,-0.40244,60.0,16.0,9.0,0.640281,1625251887.0,368052630.0,37.835839,-122.466856,11.197332,-0.266363,-0.963873,60.0,42.0,10.0,0.453326,1625251887.0,368060190.0,37.800635,-122.504246,17.846981,-0.86478,-0.50215,50.0,21.0,6.0,0.429053,298.19166666666666,5.9225,10.0
1625251888.0,338368567.0,37.820499,-122.443308,9.034194,0.161809,0.986822,37.0,13.0,4.0,0.479649,1625251888.0,366864850.0,37.813512,-122.468247,11.196874,-0.583268,0.81228,60.0,19.0,10.0,0.669496,1625251888.0,366985270.0,37.815918,-122.474778,9.512672,-0.976194,0.216901,60.0,25.0,9.0,0.312675,1625251888.0,367145450.0,37.828569,-122.470941,6.545463,0.918016,-0.396543,60.0,16.0,9.0,0.636596,1625251888.0,368052630.0,37.835789,-122.466873,11.19771,-0.275147,-0.961402,60.0,42.0,10.0,0.450829,1625251888.0,368060190.0,37.800594,-122.504336,17.849245,-0.864632,-0.502406,50.0,21.0,6.0,0.426443,298.2111111111111,5.923333333333334,10.0
1625251889.0,338368567.0,37.82054,-122.4433,9.041398,0.162951,0.986634,37.0,13.0,4.0,0.476646,1625251889.0,366864850.0,37.813554,-122.468286,11.2147,-0.585379,0.81076,60.0,19.0,10.0,0.665224,1625251889.0,366985270.0,37.815927,-122.474833,9.494091,-0.976241,0.216687,60.0,25.0,9.0,0.309935,1625251889.0,367145450.0,37.828557,-122.470906,6.536158,0.92049,-0.390767,60.0,16.0,9.0,0.632913,1625251889.0,368052630.0,37.83574,-122.466891,11.198929,-0.284133,-0.958785,60.0,42.0,10.0,0.448321,1625251889.0,368060190.0,37.800552,-122.504426,17.851587,-0.864467,-0.502689,50.0,21.0,6.0,0.423833,298.23055555555555,5.924166666666666,10.0
1625251890.0,338368567.0,37.820581,-122.443291,9.048078,0.164023,0.986457,37.0,13.0,4.0,0.473641,1625251890.0,366864850.0,37.813596,-122.468324,11.231356,-0.587474,0.809243,60.0,19.0,10.0,0.660942,1625251890.0,366985270.0,37.815937,-122.474887,9.474975,-0.976293,0.216453,60.0,25.0,9.0,0.3072,1625251890.0,367145450.0,37.828545,-122.47087,6.527722,0.922868,-0.385115,60.0,16.0,9.0,0.62923,1625251890.0,368052630.0,37.83569,-122.46691,11.201053,-0.293249,-0.956036,60.0,42.0,10.0,0.445803,1625251890.0,368060190.0,37.80051,-122.504517,17.854008,-0.864288,-0.502998,50.0,21.0,6.0,0.421223,298.25,5.925000000000001,10.0
1625251891.0,338368567.0,37.820622,-122.443283,9.054231,0.165027,0.986289,37.0,13.0,4.0,0.470634,1625251891.0,366864850.0,37.813638,-122.468363,11.246843,-0.589556,0.807727,60.0,19.0,10.0,0.656651,1625251891.0,366985270.0,37.815946,-122.474941,9.455325,-0.976349,0.216199,60.0,25.0,9.0,0.304471,1625251891.0,367145450.0,37.828533,-122.470835,6.520136,0.925154,-0.379593,60.0,16.0,9.0,0.625549,1625251891.0,368052630.0,37.83564,-122.466929,11.20407,-0.30223,-0.953235,60.0,42.0,10.0,0.443275,1625251891.0,368060190.0,37.800469,-122.504607,17.85651,-0.864093,-0.503333,50.0,21.0,6.0,0.418613,298.26944444444445,5.925833333333333,10.0
1625251892.0,338368567.0,37.820664,-122.443274,9.059855,0.165962,0.986132,37.0,13.0,4.0,0.467624,1625251892.0,366864850.0,37.81368,-122.468402,11.261158,-0.591625,0.806214,60.0,19.0,10.0,0.65235,1625251892.0,366985270.0,37.815956,-122.474995,9.43514,-0.97641,0.215924,60.0,25.0,9.0,0.301747,1625251892.0,367145450.0,37.828522,-122.4708,6.51338,0.927347,-0.374203,60.0,16.0,9.0,0.621868,1625251892.0,368052630.0,37.835591,-122.466949,11.207922,-0.311009,-0.950407,60.0,42.0,10.0,0.440736,1625251892.0,368060190.0,37.800427,-122.504697,17.859091,-0.863882,-0.503694,50.0,21.0,6.0,0.416002,298.2888888888889,5.926666666666667,10.0
1625251893.0,338368567.0,37.820705,-122.443265,9.064948,0.166829,0.985986,37.0,13.0,4.0,0.464613,1625251893.0,366864850.0,37.813722,-122.468441,11.274301,-0.59368,0.804701,60.0,19.0,10.0,0.64804,1625251893.0,366985270.0,37.815965,-122.475049,9.41442,-0.976475,0.21563,60.0,25.0,9.0,0.299029,1625251893.0,367145450.0,37.828511,-122.470764,6.507437,0.929449,-0.36895,60.0,16.0,9.0,0.618187,1625251893.0,368052630.0,37.835542,-122.466969,11.212553,-0.319585,-0.947558,60.0,42.0,10.0,0.438187,1625251893.0,368060190.0,37.800386,-122.504788,17.861754,-0.863656,-0.504082,50.0,21.0,6.0,0.413392,298.30833333333334,5.9275,10.0
1625251894.0,338368567.0,37.820746,-122.443256,9.069509,0.167628,0.98585,37.0,13.0,4.0,0.4616,1625251894.0,366864850.0,37.813764,-122.46848,11.286272,-0.595724,0.803189,60.0,19.0,10.0,0.643723,1625251894.0,366985270.0,37.815975,-122.475103,9.393167,-0.976545,0.215314,60.0,25.0,9.0,0.296317,1625251894.0,367145450.0,37.8285,-122.470729,6.502286,0.931463,-0.363836,60.0,16.0,9.0,0.614507,1625251894.0,368052630.0,37.835493,-122.46699,11.217906,-0.327958,-0.944692,60.0,42.0,10.0,0.435627,1625251894.0,368060190.0,37.800344,-122.504878,17.864499,-0.863414,-0.504496,50.0,21.0,6.0,0.410781,298.3277777777778,5.928333333333334,10.0
1625251895.0,338368567.0,37.820788,-122.443247,9.073537,0.16836,0.985726,37.0,13.0,4.0,0.458585,1625251895.0,366864850.0,37.813806,-122.468519,11.29707,-0.597757,0.801677,60.0,19.0,10.0,0.639397,1625251895.0,366985270.0,37.815984,-122.475157,9.371379,-0.976619,0.214978,60.0,25.0,9.0,0.293611,1625251895.0,367145450.0,37.828489,-122.470693,6.497912,0.933389,-0.358865,60.0,16.0,9.0,0.610827,1625251895.0,368052630.0,37.835444,-122.467012,11.223928,-0.33613,-0.941816,60.0,42.0,10.0,0.433057,1625251895.0,368060190.0,37.800302,-122.504968,17.867326,-0.863157,-0.504936,50.0,21.0,6.0,0.40817,298.34722222222223,5.929166666666667,10.0
1625251896.0,338368567.0,37.820829,-122.443238,9.07703,0.169025,0.985612,37.0,13.0,4.0,0.455568,1625251896.0,366864850.0,37.813848,-122.468559,11.306695,-0.59978,0.800165,60.0,19.0,10.0,0.635064,1625251896.0,366985270.0,37.815993,-122.47521,9.349058,-0.976697,0.214621,60.0,25.0,9.0,0.290911,1625251896.0,367145450.0,37.828478,-122.470658,6.494295,0.93523,-0.35404,60.0,16.0,9.0,0.607146,1625251896.0,368052630.0,37.835395,-122.467034,11.230566,-0.3441,-0.938933,60.0,42.0,10.0,0.430477,1625251896.0,368060190.0,37.800261,-122.505059,17.870237,-0.862884,-0.505402,50.0,21.0,6.0,0.405559,298.3666666666667,5.93,10.0
1625251897.0,338368567.0,37.820871,-122.443229,9.079986,0.169622,0.985509,37.0,13.0,4.0,0.452551,1625251897.0,366864850.0,37.81389,-122.468598,11.315145,-0.601792,0.798653,60.0,19.0,10.0,0.630724,1625251897.0,366985270.0,37.816003,-122.475264,9.326202,-0.97678,0.214243,60.0,25.0,9.0,0.288218,1625251897.0,367145450.0,37.828467,-122.470622,6.491418,0.936987,-0.349363,60.0,16.0,9.0,0.603464,1625251897.0,368052630.0,37.835346,-122.467057,11.237766,-0.351869,-0.936049,60.0,42.0,10.0,0.427888,1625251897.0,368060190.0,37.800219,-122.505149,17.873232,-0.862595,-0.505894,50.0,21.0,6.0,0.402948,298.3861111111111,5.930833333333334,10.0
1625251898.0,338368567.0,37.820912,-122.44322,9.082406,0.170153,0.985418,37.0,13.0,4.0,0.449532,1625251898.0,366864850.0,37.813932,-122.468638,11.322421,-0.603796,0.797139,60.0,19.0,10.0,0.626378,1625251898.0,366985270.0,37.816012,-122.475317,9.302814,-0.976868,0.213844,60.0,25.0,9.0,0.285531,1625251898.0,367145450.0,37.828457,-122.470587,6.489266,0.938662,-0.344838,60.0,16.0,9.0,0.599782,1625251898.0,368052630.0,37.835297,-122.46708,11.245478,-0.359438,-0.933169,60.0,42.0,10.0,0.425289,1625251898.0,368060190.0,37.800177,-122.505239,17.876313,-0.862291,-0.506413,50.0,21.0,6.0,0.400336,298.4055555555556,5.931666666666667,10.0
1625251899.0,338368567.0,37.820953,-122.443211,9.084286,0.170617,0.985337,37.0,13.0,4.0,0.446512,1625251899.0,366864850.0,37.813974,-122.468678,11.328522,-0.605791,0.795624,60.0,19.0,10.0,0.622026,1625251899.0,366985270.0,37.816021,-122.47537,9.278892,-0.97696,0.213422,60.0,25.0,9.0,0.282851,1625251899.0,367145450.0,37.828446,-122.470551,6.487821,0.940257,-0.340466,60.0,16.0,9.0,0.596099,1625251899.0,368052630.0,37.835249,-122.467104,11.253652,-0.366808,-0.930297,60.0,42.0,10.0,0.42268,1625251899.0,368060190.0,37.800135,-122.50533,17.87948,-0.861971,-0.506957,50.0,21.0,6.0,0.397725,298.425,5.9325,10.0
1625251900.0,338368567.0,37.820995,-122.443202,9.085628,0.171014,0.985269,37.0,13.0,4.0,0.443492,1625251900.0,366864850.0,37.814015,-122.468719,11.333448,-0.607778,0.794107,60.0,19.0,10.0,0.617669,1625251900.0,366985270.0,37.81603,-122.475423,9.254438,-0.977057,0.212979,60.0,25.0,9.0,0.280177,1625251900.0,367145450.0,37.828436,-122.470515,6.487069,0.941772,-0.336251,60.0,16.0,9.0,0.592414,1625251900.0,368052630.0,37.8352,-122.467128,11.262239,-0.37398,-0.927437,60.0,42.0,10.0,0.420062,1625251900.0,368060190.0,37.800093,-122.50542,17.882734,-0.861636,-0.507528,50.0,21.0,6.0,0.395113,298.44444444444446,5.933333333333334,10.0
1625251901.0,338368567.0,37.821036,-122.443193,9.08643,0.171345,0.985211,37.0,13.0,4.0,0.440472,1625251901.0,366864850.0,37.814057,-122.468759,11.337199,-0.609759,0.792587,60.0,19.0,10.0,0.613306,1625251901.0,366985270.0,37.816039,-122.475476,9.229451,-0.977158,0.212514,60.0,25.0,9.0,0.277511,1625251901.0,367145450.0,37.828426,-122.47048,6.486993,0.943211,-0.332194,60.0,16.0,9.0,0.588728,1625251901.0,368052630.0,37.835152,-122.467152,11.271191,-0.380956,-0.924593,60.0,42.0,10.0,0.417435,1625251901.0,368060190.0,37.800051,-122.50551,17.886076,-0.861284,-0.508124,50.0,21.0,6.0,0.392501,298.4638888888889,5.934166666666667,10.0
1625251902.0,338368567.0,37.821078,-122.443184,9.086691,0.17161,0.985165,37.0,13.0,4.0,0.437451,1625251902.0,366864850.0,37.814099,-122.468799,11.339774,-0.611732,0.791065,60.0,19.0,10.0,0.608939,1625251902.0,366985270.0,37.816048,-122.475529,9.203932,-0.977264,0.212026,60.0,25.0,9.0,0.274852,1625251902.0,367145450.0,37.828416,-122.470444,6.487578,0.944574,-0.328298,60.0,16.0,9.0,0.58504,1625251902.0,368052630.0,37.835104,-122.467178,11.280462,-0.387736,-0.921771,60.0,42.0,10.0,0.414799,1625251902.0,368060190.0,37.800009,-122.5056,17.889508,-0.860917,-0.508746,50.0,21.0,6.0,0.38989,298.4833333333333,5.9350000000000005,10.0
1625251903.0,338368567.0,37.821119,-122.443175,9.086411,0.171808,0.98513,37.0,13.0,4.0,0.43443,1625251903.0,366864850.0,37.81414,-122.46884,11.341173,-0.6137,0.789539,60.0,19.0,10.0,0.604568,1625251903.0,366985270.0,37.816057,-122.475582,9.17788,-0.977375,0.211516,60.0,25.0,9.0,0.2722,1625251903.0,367145450.0,37.828406,-122.470408,6.488812,0.945864,-0.324564,60.0,16.0,9.0,0.58135,1625251903.0,368052630.0,37.835056,-122.467203,11.290007,-0.394322,-0.918972,60.0,42.0,10.0,0.412154,1625251903.0,368060190.0,37.799967,-122.50569,17.893031,-0.860534,-0.509394,50.0,21.0,6.0,0.387278,298.5027777777778,5.935833333333333,10.0
1625251904.0,338368567.0,37.82116,-122.443166,9.085589,0.17194,0.985107,37.0,13.0,4.0,0.431409,1625251904.0,366864850.0,37.814182,-122.468881,11.341395,-0.615663,0.78801,60.0,19.0,10.0,0.600193,1625251904.0,366985270.0,37.816066,-122.475634,9.151297,-0.97749,0.210982,60.0,25.0,9.0,0.269555,1625251904.0,367145450.0,37.828396,-122.470372,6.49068,0.947081,-0.320994,60.0,16.0,9.0,0.577658,1625251904.0,368052630.0,37.835008,-122.467229,11.299781,-0.400717,-0.916202,60.0,42.0,10.0,0.409501,1625251904.0,368060190.0,37.799925,-122.505781,17.896646,-0.860134,-0.510067,50.0,21.0,6.0,0.384666,298.52222222222224,5.936666666666667,10.0
1625251905.0,338368567.0,37.821202,-122.443156,9.084226,0.172006,0.985096,37.0,13.0,4.0,0.428388,1625251905.0,366864850.0,37.814223,-122.468922,11.340442,-0.617621,0.786476,60.0,19.0,10.0,0.595816,1625251905.0,366985270.0,37.816075,-122.475687,9.124183,-0.97761,0.210425,60.0,25.0,9.0,0.266918,1625251905.0,367145450.0,37.828387,-122.470336,6.493169,0.948228,-0.317589,60.0,16.0,9.0,0.573963,1625251905.0,368052630.0,37.83496,-122.467256,11.309743,-0.406921,-0.913463,60.0,42.0,10.0,0.406839,1625251905.0,368060190.0,37.799883,-122.505871,17.900354,-0.859719,-0.510767,50.0,21.0,6.0,0.382053,298.5416666666667,5.9375,10.0
1625251906.0,338368567.0,37.821243,-122.443147,9.082322,0.172005,0.985096,37.0,13.0,4.0,0.425368,1625251906.0,366864850.0,37.814264,-122.468963,11.338312,-0.619575,0.784938,60.0,19.0,10.0,0.591435,1625251906.0,366985270.0,37.816084,-122.475739,9.096537,-0.977735,0.209845,60.0,25.0,9.0,0.264288,1625251906.0,367145450.0,37.828377,-122.4703,6.496266,0.949307,-0.314351,60.0,16.0,9.0,0.570266,1625251906.0,368052630.0,37.834912,-122.467283,11.319849,-0.412936,-0.91076,60.0,42.0,10.0,0.404169,1625251906.0,368060190.0,37.79984,-122.505961,17.904156,-0.859288,-0.511492,50.0,21.0,6.0,0.379441,298.5611111111112,5.9383333333333335,10.0
1625251907.0,338368567.0,37.821285,-122.443138,9.079875,0.171939,0.985108,37.0,13.0,4.0,0.422349,1625251907.0,366864850.0,37.814305,-122.469004,11.335006,-0.621525,0.783394,60.0,19.0,10.0,0.587053,1625251907.0,366985270.0,37.816093,-122.475791,9.068361,-0.977864,0.209241,60.0,25.0,9.0,0.261667,1625251907.0,367145450.0,37.828368,-122.470264,6.49996,0.950318,-0.311282,60.0,16.0,9.0,0.566566,1625251907.0,368052630.0,37.834864,-122.46731,11.33006,-0.418764,-0.908095,60.0,42.0,10.0,0.401491,1625251907.0,368060190.0,37.799798,-122.506051,17.908054,-0.858841,-0.512242,50.0,21.0,6.0,0.376829,298.5805555555556,5.939166666666667,10.0
1625251908.0,338368567.0,37.821326,-122.443129,9.076887,0.171805,0.985131,37.0,13.0,4.0,0.41933,1625251908.0,366864850.0,37.814346,-122.469045,11.330524,-0.623473,0.781845,60.0,19.0,10.0,0.582669,1625251908.0,366985270.0,37.816102,-122.475843,9.039654,-0.977998,0.208612,60.0,25.0,9.0,0.259053,1625251908.0,367145450.0,37.828358,-122.470228,6.50424,0.951263,-0.308381,60.0,16.0,9.0,0.562862,1625251908.0,368052630.0,37.834817,-122.467338,11.340336,-0.424407,-0.905472,60.0,42.0,10.0,0.398805,1625251908.0,368060190.0,37.799756,-122.506141,17.91205,-0.858378,-0.513018,50.0,21.0,6.0,0.374216,298.6,5.94,10.0
1625251909.0,338368567.0,37.821367,-122.44312,9.073357,0.171606,0.985166,37.0,13.0,4.0,0.416313,1625251909.0,366864850.0,37.814387,-122.469086,11.324865,-0.625419,0.780289,60.0,19.0,10.0,0.578283,1625251909.0,366985270.0,37.816111,-122.475895,9.010418,-0.978138,0.207959,60.0,25.0,9.0,0.256448,1625251909.0,367145450.0,37.828349,-122.470191,6.509094,0.952144,-0.305651,60.0,16.0,9.0,0.559155,1625251909.0,368052630.0,37.834769,-122.467366,11.35064,-0.429866,-0.902893,60.0,42.0,10.0,0.396112,1625251909.0,368060190.0,37.799713,-122.506231,17.916145,-0.857899,-0.513819,50.0,21.0,6.0,0.371604,298.6194444444444,5.940833333333334,10.0
1625251910.0,338368567.0,37.821409,-122.443111,9.069286,0.17134,0.985212,37.0,13.0,4.0,0.413296,1625251910.0,366864850.0,37.814428,-122.469128,11.31803,-0.627363,0.778727,60.0,19.0,10.0,0.573897,1625251910.0,366985270.0,37.816119,-122.475946,8.980652,-0.978281,0.207281,60.0,25.0,9.0,0.253851,1625251910.0,367145450.0,37.82834,-122.470155,6.514513,0.952961,-0.303092,60.0,16.0,9.0,0.555444,1625251910.0,368052630.0,37.834722,-122.467395,11.360934,-0.435144,-0.900361,60.0,42.0,10.0,0.393411,1625251910.0,368060190.0,37.79967,-122.506321,17.92034,-0.857403,-0.514646,50.0,21.0,6.0,0.368991,298.6388888888889,5.941666666666666,10.0
1625251911.0,338368567.0,37.82145,-122.443102,9.064675,0.171007,0.98527,37.0,13.0,4.0,0.410282,1625251911.0,366864850.0,37.814469,-122.469169,11.31002,-0.629305,0.777158,60.0,19.0,10.0,0.569511,1625251911.0,366985270.0,37.816128,-122.475998,8.950357,-0.97843,0.206577,60.0,25.0,9.0,0.251262,1625251911.0,367145450.0,37.828331,-122.470119,6.520488,0.953717,-0.300704,60.0,16.0,9.0,0.55173,1625251911.0,368052630.0,37.834674,-122.467424,11.371184,-0.440243,-0.897879,60.0,42.0,10.0,0.390704,1625251911.0,368060190.0,37.799628,-122.506411,17.924636,-0.856891,-0.515498,50.0,21.0,6.0,0.366379,298.6583333333333,5.942500000000001,10.0
1625251912.0,338368567.0,37.821491,-122.443093,9.059523,0.170607,0.985339,37.0,13.0,4.0,0.407268,1625251912.0,366864850.0,37.81451,-122.469211,11.300833,-0.631248,0.775581,60.0,19.0,10.0,0.565125,1625251912.0,366985270.0,37.816136,-122.476049,8.919534,-0.978584,0.205848,60.0,25.0,9.0,0.248682,1625251912.0,367145450.0,37.828322,-122.470082,6.527008,0.954413,-0.298489,60.0,16.0,9.0,0.548011,1625251912.0,368052630.0,37.834627,-122.467453,11.381354,-0.445163,-0.895449,60.0,42.0,10.0,0.387989,1625251912.0,368060190.0,37.799585,-122.506501,17.929037,-0.856363,-0.516375,50.0,21.0,6.0,0.363766,298.6777777777778,5.943333333333333,10.0
1625251913.0,338368567.0,37.821533,-122.443084,9.053833,0.17014,0.98542,37.0,13.0,4.0,0.404257,1625251913.0,366864850.0,37.81455,-122.469253,11.290471,-0.633191,0.773996,60.0,19.0,10.0,0.56074,1625251913.0,366985270.0,37.816145,-122.4761,8.888182,-0.978743,0.205092,60.0,25.0,9.0,0.246111,1625251913.0,367145450.0,37.828313,-122.470046,6.534067,0.955049,-0.296446,60.0,16.0,9.0,0.544288,1625251913.0,368052630.0,37.83458,-122.467483,11.391411,-0.449908,-0.893075,60.0,42.0,10.0,0.385268,1625251913.0,368060190.0,37.799542,-122.506591,17.933542,-0.855818,-0.517277,50.0,21.0,6.0,0.361153,298.6972222222222,5.944166666666667,10.0
1625251914.0,338368567.0,37.821574,-122.443075,9.047604,0.169606,0.985512,37.0,13.0,4.0,0.401248,1625251914.0,366864850.0,37.814591,-122.469295,11.278934,-0.635134,0.772402,60.0,19.0,10.0,0.556356,1625251914.0,366985270.0,37.816153,-122.476151,8.856303,-0.978906,0.20431,60.0,25.0,9.0,0.243548,1625251914.0,367145450.0,37.828304,-122.470009,6.541657,0.955628,-0.294577,60.0,16.0,9.0,0.540561,1625251914.0,368052630.0,37.834533,-122.467513,11.401324,-0.454479,-0.890758,60.0,42.0,10.0,0.38254,1625251914.0,368060190.0,37.799499,-122.506681,17.938154,-0.855257,-0.518204,50.0,21.0,6.0,0.358541,298.7166666666667,5.945,10.0
1625251915.0,338368567.0,37.821615,-122.443066,9.040838,0.169004,0.985615,37.0,13.0,4.0,0.39824,1625251915.0,366864850.0,37.814631,-122.469337,11.266222,-0.637079,0.770799,60.0,19.0,10.0,0.551973,1625251915.0,366985270.0,37.816162,-122.476202,8.823897,-0.979075,0.203501,60.0,25.0,9.0,0.240995,1625251915.0,367145450.0,37.828295,-122.469973,6.54977,0.956149,-0.29288,60.0,16.0,9.0,0.536829,1625251915.0,368052630.0,37.834486,-122.467543,11.411062,-0.458878,-0.888499,60.0,42.0,10.0,0.379806,1625251915.0,368060190.0,37.799456,-122.50677,17.942875,-0.85468,-0.519156,50.0,21.0,6.0,0.355928,298.7361111111111,5.945833333333333,10.0
1625251916.0,338368567.0,37.821657,-122.443057,9.033536,0.168334,0.98573,37.0,13.0,4.0,0.395236,1625251916.0,366864850.0,37.814671,-122.469379,11.252335,-0.639026,0.769185,60.0,19.0,10.0,0.547593,1625251916.0,366985270.0,37.81617,-122.476253,8.790964,-0.979248,0.202665,60.0,25.0,9.0,0.238451,1625251916.0,367145450.0,37.828286,-122.469936,6.558401,0.956615,-0.291357,60.0,16.0,9.0,0.533091,1625251916.0,368052630.0,37.834439,-122.467574,11.420594,-0.463106,-0.886303,60.0,42.0,10.0,0.377065,1625251916.0,368060190.0,37.799413,-122.50686,17.947707,-0.854086,-0.520132,50.0,21.0,6.0,0.353315,298.7555555555556,5.946666666666667,10.0
1625251917.0,338368567.0,37.821698,-122.443048,9.025699,0.167596,0.985856,37.0,13.0,4.0,0.392233,1625251917.0,366864850.0,37.814711,-122.469421,11.237275,-0.640975,0.767562,60.0,19.0,10.0,0.543215,1625251917.0,366985270.0,37.816178,-122.476303,8.757505,-0.979427,0.2018,60.0,25.0,9.0,0.235916,1625251917.0,367145450.0,37.828277,-122.469899,6.567544,0.957025,-0.290006,60.0,16.0,9.0,0.529349,1625251917.0,368052630.0,37.834392,-122.467605,11.429892,-0.467166,-0.884169,60.0,42.0,10.0,0.374319,1625251917.0,368060190.0,37.79937,-122.50695,17.952624,-0.853481,-0.521124,50.0,21.0,6.0,0.350702,298.775,5.9475,10.0
1625251918.0,338368567.0,37.821739,-122.443039,9.017328,0.16679,0.985992,37.0,13.0,4.0,0.389234,1625251918.0,366864850.0,37.814751,-122.469463,11.22104,-0.642928,0.765927,60.0,19.0,10.0,0.538841,1625251918.0,366985270.0,37.816186,-122.476353,8.723521,-0.97961,0.200907,60.0,25.0,9.0,0.233391,1625251918.0,367145450.0,37.828268,-122.469862,6.577193,0.957381,-0.288828,60.0,16.0,9.0,0.525601,1625251918.0,368052630.0,37.834345,-122.467636,11.438929,-0.47106,-0.882101,60.0,42.0,10.0,0.371568,1625251918.0,368060190.0,37.799327,-122.50704,17.957522,-0.852892,-0.522088,50.0,21.0,6.0,0.348089,298.7944444444445,5.948333333333334,10.0
1625251919.0,338368567.0,37.82178,-122.44303,9.008547,0.165928,0.986138,37.0,13.0,4.0,0.386237,1625251919.0,366864850.0,37.814791,-122.469505,11.203633,-0.644884,0.764281,60.0,19.0,10.0,0.53447,1625251919.0,366985270.0,37.816195,-122.476403,8.689012,-0.979799,0.199985,60.0,25.0,9.0,0.230876,1625251919.0,367145450.0,37.82826,-122.469825,6.587346,0.957684,-0.287823,60.0,16.0,9.0,0.521847,1625251919.0,368052630.0,37.834299,-122.467668,11.447679,-0.474788,-0.8801,60.0,42.0,10.0,0.368811,1625251919.0,368060190.0,37.799283,-122.507129,17.962372,-0.852323,-0.523016,50.0,21.0,6.0,0.345476,298.81388888888887,5.949166666666667,10.0
1625251920.0,338368567.0,37.821821,-122.443021,8.999842,0.16506,0.986283,37.0,13.0,4.0,0.383244,1625251920.0,366864850.0,37.814831,-122.469548,11.185053,-0.646844,0.762622,60.0,19.0,10.0,0.530103,1625251920.0,366985270.0,37.816203,-122.476453,8.653979,-0.979993,0.199033,60.0,25.0,9.0,0.22837,1625251920.0,367145450.0,37.828251,-122.469788,6.597997,0.957933,-0.28699,60.0,16.0,9.0,0.518087,1625251920.0,368052630.0,37.834252,-122.467699,11.456116,-0.478354,-0.878167,60.0,42.0,10.0,0.366049,1625251920.0,368060190.0,37.79924,-122.507219,17.967172,-0.851776,-0.523906,50.0,21.0,6.0,0.342863,298.8333333333333,5.95,10.0
1625251921.0,338368567.0,37.821862,-122.443013,8.991336,0.164201,0.986427,37.0,13.0,4.0,0.380253,1625251921.0,366864850.0,37.81487,-122.46959,11.165557,-0.6488,0.760959,60.0,19.0,10.0,0.52574,1625251921.0,366985270.0,37.816211,-122.476503,8.618422,-0.980192,0.198051,60.0,25.0,9.0,0.225874,1625251921.0,367145450.0,37.828242,-122.469751,6.609143,0.958131,-0.286329,60.0,16.0,9.0,0.514321,1625251921.0,368052630.0,37.834206,-122.467732,11.464216,-0.481758,-0.876304,60.0,42.0,10.0,0.363282,1625251921.0,368060190.0,37.799196,-122.507309,17.971919,-0.85125,-0.52476,50.0,21.0,6.0,0.34025,298.85277777777776,5.950833333333334,10.0
1625251922.0,338368567.0,37.821903,-122.443004,8.983027,0.16335,0.986568,37.0,13.0,4.0,0.377266,1625251922.0,366864850.0,37.814909,-122.469632,11.146159,-0.650711,0.759325,60.0,19.0,10.0,0.521383,1625251922.0,366985270.0,37.816218,-122.476552,8.582343,-0.980396,0.197039,60.0,25.0,9.0,0.223389,1625251922.0,367145450.0,37.828233,-122.469714,6.620784,0.958278,-0.285839,60.0,16.0,9.0,0.510549,1625251922.0,368052630.0,37.834159,-122.467764,11.471956,-0.485002,-0.874513,60.0,42.0,10.0,0.36051,1625251922.0,368060190.0,37.799153,-122.507398,17.976611,-0.850746,-0.525577,50.0,21.0,6.0,0.337637,298.8722222222222,5.951666666666666,10.0
1625251923.0,338368567.0,37.821944,-122.442995,8.974916,0.162507,0.986707,37.0,13.0,4.0,0.374281,1625251923.0,366864850.0,37.814948,-122.469675,11.127111,-0.652569,0.757729,60.0,19.0,10.0,0.51703,1625251923.0,366985270.0,37.816226,-122.476602,8.545742,-0.980605,0.195996,60.0,25.0,9.0,0.220913,1625251923.0,367145450.0,37.828225,-122.469677,6.632915,0.958373,-0.285519,60.0,16.0,9.0,0.50677,1625251923.0,368052630.0,37.834113,-122.467796,11.479315,-0.488088,-0.872795,60.0,42.0,10.0,0.357735,1625251923.0,368060190.0,37.799109,-122.507488,17.981245,-0.850263,-0.526358,50.0,21.0,6.0,0.335024,298.89166666666665,5.952500000000001,10.0
1625251924.0,338368567.0,37.821985,-122.442987,8.967002,0.161672,0.986845,37.0,13.0,4.0,0.3713,1625251924.0,366864850.0,37.814987,-122.469717,11.108407,-0.654372,0.756173,60.0,19.0,10.0,0.512683,1625251924.0,366985270.0,37.816234,-122.476651,8.508619,-0.980819,0.19492,60.0,25.0,9.0,0.218448,1625251924.0,367145450.0,37.828216,-122.46964,6.645537,0.958418,-0.285369,60.0,16.0,9.0,0.502984,1625251924.0,368052630.0,37.834066,-122.467829,11.486271,-0.491016,-0.87115,60.0,42.0,10.0,0.354954,1625251924.0,368060190.0,37.799065,-122.507577,17.985821,-0.849802,-0.527102,50.0,21.0,6.0,0.332411,298.9111111111111,5.953333333333333,10.0
1625251925.0,338368567.0,37.822026,-122.442978,8.959286,0.160846,0.98698,37.0,13.0,4.0,0.368321,1625251925.0,366864850.0,37.815026,-122.46976,11.090039,-0.656121,0.754655,60.0,19.0,10.0,0.50834,1625251925.0,366985270.0,37.816242,-122.4767,8.470976,-0.981039,0.193813,60.0,25.0,9.0,0.215994,1625251925.0,367145450.0,37.828207,-122.469603,6.658649,0.958412,-0.285387,60.0,16.0,9.0,0.499191,1625251925.0,368052630.0,37.83402,-122.467862,11.492805,-0.49379,-0.869581,60.0,42.0,10.0,0.35217,1625251925.0,368060190.0,37.799021,-122.507667,17.990334,-0.849363,-0.52781,50.0,21.0,6.0,0.329798,298.93055555555554,5.954166666666668,10.0
1625251926.0,338368567.0,37.822067,-122.44297,8.951766,0.160028,0.987112,37.0,13.0,4.0,0.365344,1625251926.0,366864850.0,37.815065,-122.469803,11.072004,-0.657816,0.753178,60.0,19.0,10.0,0.504003,1625251926.0,366985270.0,37.816249,-122.476748,8.432813,-0.981263,0.192672,60.0,25.0,9.0,0.213551,1625251926.0,367145450.0,37.828198,-122.469565,6.672251,0.958357,-0.285572,60.0,16.0,9.0,0.49539,1625251926.0,368052630.0,37.833974,-122.467896,11.498898,-0.496409,-0.868089,60.0,42.0,10.0,0.349383,1625251926.0,368060190.0,37.798977,-122.507756,17.994785,-0.848945,-0.528481,50.0,21.0,6.0,0.327184,298.95,5.955,10.0
1625251927.0,338368567.0,37.822108,-122.442961,8.944444,0.159218,0.987243,37.0,13.0,4.0,0.362371,1625251927.0,366864850.0,37.815104,-122.469845,11.054296,-0.659457,0.751743,60.0,19.0,10.0,0.49967,1625251927.0,366985270.0,37.816257,-122.476797,8.394131,-0.981493,0.191497,60.0,25.0,9.0,0.211118,1625251927.0,367145450.0,37.828189,-122.469528,6.686343,0.958252,-0.285925,60.0,16.0,9.0,0.491582,1625251927.0,368052630.0,37.833928,-122.467929,11.504533,-0.498876,-0.866673,60.0,42.0,10.0,0.346591,1625251927.0,368060190.0,37.798933,-122.507846,17.99917,-0.848549,-0.529117,50.0,21.0,6.0,0.324571,298.96944444444443,5.9558333333333335,10.0
1625251928.0,338368567.0,37.822149,-122.442953,8.937318,0.158418,0.987372,37.0,13.0,4.0,0.3594,1625251928.0,366864850.0,37.815142,-122.469888,11.036909,-0.661043,0.750348,60.0,19.0,10.0,0.495342,1625251928.0,366985270.0,37.816264,-122.476845,8.354931,-0.981728,0.190288,60.0,25.0,9.0,0.208696,1625251928.0,367145450.0,37.828181,-122.46949,6.700927,0.958097,-0.286442,60.0,16.0,9.0,0.487766,1625251928.0,368052630.0,37.833881,-122.467963,11.509692,-0.501192,-0.865336,60.0,42.0,10.0,0.343797,1625251928.0,368060190.0,37.798889,-122.507935,18.003489,-0.848175,-0.529716,50.0,21.0,6.0,0.321957,298.9888888888889,5.956666666666667,10.0
1625251929.0,338368567.0,37.82219,-122.442945,8.930388,0.157625,0.987499,37.0,13.0,4.0,0.356431,1625251929.0,366864850.0,37.81518,-122.469931,11.019839,-0.662574,0.748997,60.0,19.0,10.0,0.491019,1625251929.0,366985270.0,37.816272,-122.476893,8.315214,-0.981969,0.189043,60.0,25.0,9.0,0.206286,1625251929.0,367145450.0,37.828172,-122.469453,6.716005,0.957893,-0.287124,60.0,16.0,9.0,0.483942,1625251929.0,368052630.0,37.833835,-122.467996,11.514361,-0.503357,-0.864079,60.0,42.0,10.0,0.341,1625251929.0,368060190.0,37.798845,-122.508025,18.00774,-0.847823,-0.530279,50.0,21.0,6.0,0.319343,299.0083333333333,5.9575,10.0
1625251930.0,338368567.0,37.82223,-122.442937,8.923654,0.156842,0.987624,37.0,13.0,4.0,0.353465,1625251930.0,366864850.0,37.815219,-122.469973,11.00308,-0.66405,0.747688,60.0,19.0,10.0,0.486701,1625251930.0,366985270.0,37.816279,-122.476941,8.274981,-0.982214,0.187763,60.0,25.0,9.0,0.203887,1625251930.0,367145450.0,37.828163,-122.469415,6.731579,0.95764,-0.287968,60.0,16.0,9.0,0.48011,1625251930.0,368052630.0,37.833789,-122.46803,11.518524,-0.505372,-0.862901,60.0,42.0,10.0,0.3382,1625251930.0,368060190.0,37.798801,-122.508114,18.01192,-0.847493,-0.530807,50.0,21.0,6.0,0.316729,299.02777777777777,5.958333333333334,10.0
1625251931.0,338368567.0,37.822271,-122.442928,8.917117,0.156067,0.987746,37.0,13.0,4.0,0.350502,1625251931.0,366864850.0,37.815257,-122.470016,10.986629,-0.665472,0.746423,60.0,19.0,10.0,0.482387,1625251931.0,366985270.0,37.816286,-122.476988,8.234233,-0.982465,0.186446,60.0,25.0,9.0,0.201499,1625251931.0,367145450.0,37.828154,-122.469377,6.747652,0.957337,-0.288974,60.0,16.0,9.0,0.476269,1625251931.0,368052630.0,37.833743,-122.468064,11.522169,-0.50724,-0.861805,60.0,42.0,10.0,0.335397,1625251931.0,368060190.0,37.798757,-122.508203,18.016029,-0.847185,-0.531298,50.0,21.0,6.0,0.314115,299.0472222222222,5.9591666666666665,10.0
1625251932.0,338368567.0,37.822312,-122.44292,8.910775,0.155301,0.987867,37.0,13.0,4.0,0.34754,1625251932.0,366864850.0,37.815295,-122.470059,10.97048,-0.666839,0.745202,60.0,19.0,10.0,0.478078,1625251932.0,366985270.0,37.816293,-122.477036,8.19297,-0.982721,0.185091,60.0,25.0,9.0,0.199123,1625251932.0,367145450.0,37.828145,-122.469339,6.764229,0.956984,-0.290139,60.0,16.0,9.0,0.472419,1625251932.0,368052630.0,37.833697,-122.468099,11.525282,-0.508961,-0.86079,60.0,42.0,10.0,0.332592,1625251932.0,368060190.0,37.798713,-122.508293,18.020066,-0.846899,-0.531754,50.0,21.0,6.0,0.311501,299.06666666666666,5.960000000000001,10.0
1625251933.0,338368567.0,37.822353,-122.442912,8.904629,0.154545,0.987986,37.0,13.0,4.0,0.344581,1625251933.0,366864850.0,37.815332,-122.470102,10.954628,-0.668151,0.744026,60.0,19.0,10.0,0.473774,1625251933.0,366985270.0,37.8163,-122.477083,8.151195,-0.982983,0.183698,60.0,25.0,9.0,0.196759,1625251933.0,367145450.0,37.828136,-122.469301,6.781312,0.956582,-0.291463,60.0,16.0,9.0,0.46856,1625251933.0,368052630.0,37.833652,-122.468133,11.527852,-0.510535,-0.859857,60.0,42.0,10.0,0.329786,1625251933.0,368060190.0,37.798668,-122.508382,18.024029,-0.846635,-0.532173,50.0,21.0,6.0,0.308887,299.0861111111111,5.960833333333333,10.0
1625251934.0,338368567.0,37.822393,-122.442904,8.898678,0.153797,0.988103,37.0,13.0,4.0,0.341624,1625251934.0,366864850.0,37.81537,-122.470145,10.939071,-0.669408,0.742895,60.0,19.0,10.0,0.469475,1625251934.0,366985270.0,37.816307,-122.47713,8.108907,-0.983249,0.182265,60.0,25.0,9.0,0.194407,1625251934.0,367145450.0,37.828127,-122.469263,6.798907,0.95613,-0.292942,60.0,16.0,9.0,0.464692,1625251934.0,368052630.0,37.833606,-122.468168,11.529868,-0.511963,-0.859007,60.0,42.0,10.0,0.326977,1625251934.0,368060190.0,37.798624,-122.508471,18.027917,-0.846394,-0.532558,50.0,21.0,6.0,0.306272,299.10555555555555,5.961666666666667,10.0
1625251935.0,338368567.0,37.822434,-122.442896,8.892922,0.153058,0.988217,37.0,13.0,4.0,0.33867,1625251935.0,366864850.0,37.815408,-122.470188,10.923802,-0.670609,0.741811,60.0,19.0,10.0,0.46518,1625251935.0,366985270.0,37.816314,-122.477177,8.066109,-0.983521,0.180792,60.0,25.0,9.0,0.192067,1625251935.0,367145450.0,37.828117,-122.469225,6.817019,0.955628,-0.294577,60.0,16.0,9.0,0.460814,1625251935.0,368052630.0,37.83356,-122.468202,11.531321,-0.513247,-0.858241,60.0,42.0,10.0,0.324167,1625251935.0,368060190.0,37.798579,-122.508561,18.031729,-0.846174,-0.532906,50.0,21.0,6.0,0.303657,299.125,5.9625,10.0
1625251936.0,338368567.0,37.822475,-122.442888,8.887361,0.152328,0.98833,37.0,13.0,4.0,0.335717,1625251936.0,366864850.0,37.815445,-122.470231,10.90882,-0.671756,0.740773,60.0,19.0,10.0,0.46089,1625251936.0,366985270.0,37.816321,-122.477223,8.022801,-0.983798,0.179278,60.0,25.0,9.0,0.189739,1625251936.0,367145450.0,37.828108,-122.469187,6.835654,0.955075,-0.296364,60.0,16.0,9.0,0.456927,1625251936.0,368052630.0,37.833514,-122.468237,11.532203,-0.514386,-0.857559,60.0,42.0,10.0,0.321356,1625251936.0,368060190.0,37.798535,-122.50865,18.035464,-0.845977,-0.533219,50.0,21.0,6.0,0.301042,299.14444444444445,5.963333333333333,10.0
1625251937.0,338368567.0,37.822515,-122.44288,8.881995,0.151608,0.988441,37.0,13.0,4.0,0.332766,1625251937.0,366864850.0,37.815483,-122.470273,10.894119,-0.672847,0.739782,60.0,19.0,10.0,0.456604,1625251937.0,366985270.0,37.816327,-122.477269,7.978985,-0.984081,0.177721,60.0,25.0,9.0,0.187424,1625251937.0,367145450.0,37.828099,-122.469149,6.854818,0.954471,-0.298302,60.0,16.0,9.0,0.453029,1625251937.0,368052630.0,37.833468,-122.468272,11.532504,-0.515382,-0.85696,60.0,42.0,10.0,0.318544,1625251937.0,368060190.0,37.79849,-122.508739,18.039121,-0.845802,-0.533497,50.0,21.0,6.0,0.298427,299.1638888888889,5.964166666666667,10.0
1625251938.0,338368567.0,37.822556,-122.442872,8.876823,0.150897,0.988549,37.0,13.0,4.0,0.329817,1625251938.0,366864850.0,37.81552,-122.470316,10.879697,-0.673883,0.738838,60.0,19.0,10.0,0.452323,1625251938.0,366985270.0,37.816334,-122.477315,7.934662,-0.984368,0.176122,60.0,25.0,9.0,0.185121,1625251938.0,367145450.0,37.828089,-122.469111,6.874518,0.953817,-0.300389,60.0,16.0,9.0,0.449121,1625251938.0,368052630.0,37.833423,-122.468306,11.53222,-0.516235,-0.856447,60.0,42.0,10.0,0.315731,1625251938.0,368060190.0,37.798446,-122.508829,18.0427,-0.845649,-0.533739,50.0,21.0,6.0,0.295811,299.18333333333334,5.965,10.0
1625251939.0,338368567.0,37.822597,-122.442864,8.871846,0.150195,0.988656,37.0,13.0,4.0,0.32687,1625251939.0,366864850.0,37.815557,-122.470359,10.865549,-0.674863,0.737943,60.0,19.0,10.0,0.448046,1625251939.0,366985270.0,37.81634,-122.477361,7.889833,-0.984661,0.174478,60.0,25.0,9.0,0.182831,1625251939.0,367145450.0,37.82808,-122.469072,6.894761,0.95311,-0.302623,60.0,16.0,9.0,0.445203,1625251939.0,368052630.0,37.833377,-122.468341,11.531344,-0.516945,-0.856019,60.0,42.0,10.0,0.312918,1625251939.0,368060190.0,37.798401,-122.508918,18.0462,-0.845519,-0.533945,50.0,21.0,6.0,0.293196,299.2027777777778,5.965833333333333,10.0
1625251940.0,338368567.0,37.822637,-122.442857,8.867063,0.149503,0.988761,37.0,13.0,4.0,0.323925,1625251940.0,366864850.0,37.815594,-122.470402,10.851673,-0.675788,0.737096,60.0,19.0,10.0,0.443774,1625251940.0,366985270.0,37.816347,-122.477406,7.8445,-0.984959,0.172788,60.0,25.0,9.0,0.180554,1625251940.0,367145450.0,37.82807,-122.469034,6.915556,0.952352,-0.305002,60.0,16.0,9.0,0.441273,1625251940.0,368052630.0,37.833331,-122.468376,11.529871,-0.517512,-0.855676,60.0,42.0,10.0,0.310104,1625251940.0,368060190.0,37.798357,-122.509007,18.04962,-0.845411,-0.534116,50.0,21.0,6.0,0.29058,299.22222222222223,5.966666666666667,10.0
1625251941.0,338368567.0,37.822678,-122.442849,8.862475,0.148821,0.988864,37.0,13.0,4.0,0.320981,1625251941.0,366864850.0,37.815631,-122.470445,10.838065,-0.676657,0.736299,60.0,19.0,10.0,0.439506,1625251941.0,366985270.0,37.816353,-122.477452,7.798664,-0.985262,0.171053,60.0,25.0,9.0,0.17829,1625251941.0,367145450.0,37.82806,-122.468995,6.93691,0.951541,-0.307522,60.0,16.0,9.0,0.437333,1625251941.0,368052630.0,37.833286,-122.468411,11.527798,-0.517937,-0.855419,60.0,42.0,10.0,0.307291,1625251941.0,368060190.0,37.798312,-122.509097,18.05296,-0.845325,-0.534252,50.0,21.0,6.0,0.287963,299.2416666666667,5.9675,10.0
1625251942.0,338368567.0,37.822718,-122.442841,8.85808,0.148147,0.988965,37.0,13.0,4.0,0.31804,1625251942.0,366864850.0,37.815668,-122.470488,10.824723,-0.67747,0.735551,60.0,19.0,10.0,0.435243,1625251942.0,366985270.0,37.816359,-122.477497,7.752327,-0.98557,0.169269,60.0,25.0,9.0,0.176039,1625251942.0,367145450.0,37.82805,-122.468957,6.958832,0.950677,-0.310183,60.0,16.0,9.0,0.433381,1625251942.0,368052630.0,37.83324,-122.468446,11.525121,-0.518219,-0.855248,60.0,42.0,10.0,0.304477,1625251942.0,368060190.0,37.798268,-122.509186,18.056219,-0.845261,-0.534353,50.0,21.0,6.0,0.285347,299.2611111111111,5.968333333333334,10.0
1625251943.0,338368567.0,37.822759,-122.442833,8.853878,0.147484,0.989064,37.0,13.0,4.0,0.315099,1625251943.0,366864850.0,37.815705,-122.470531,10.811644,-0.678227,0.734852,60.0,19.0,10.0,0.430985,1625251943.0,366985270.0,37.816365,-122.477541,7.70549,-0.985883,0.167436,60.0,25.0,9.0,0.173801,1625251943.0,367145450.0,37.82804,-122.468918,6.981331,0.949759,-0.312982,60.0,16.0,9.0,0.429418,1625251943.0,368052630.0,37.833194,-122.468481,11.521839,-0.51836,-0.855163,60.0,42.0,10.0,0.301664,1625251943.0,368060190.0,37.798223,-122.509275,18.059398,-0.84522,-0.534418,50.0,21.0,6.0,0.28273,299.2805555555556,5.969166666666666,10.0
1625251944.0,338368567.0,37.822799,-122.442826,8.84987,0.14683,0.989162,37.0,13.0,4.0,0.312161,1625251944.0,366864850.0,37.815742,-122.470574,10.798824,-0.678929,0.734204,60.0,19.0,10.0,0.42673,1625251944.0,366985270.0,37.816371,-122.477586,7.658155,-0.986201,0.165553,60.0,25.0,9.0,0.171578,1625251944.0,367145450.0,37.82803,-122.468879,7.004418,0.948787,-0.315915,60.0,16.0,9.0,0.425443,1625251944.0,368052630.0,37.833149,-122.468516,11.517951,-0.518358,-0.855164,60.0,42.0,10.0,0.298852,1625251944.0,368060190.0,37.798178,-122.509365,18.062496,-0.845201,-0.534448,50.0,21.0,6.0,0.280113,299.3,5.970000000000001,10.0
1625251945.0,338368567.0,37.82284,-122.442818,8.846056,0.146186,0.989257,37.0,13.0,4.0,0.309223,1625251945.0,366864850.0,37.815778,-122.470617,10.786263,-0.679574,0.733607,60.0,19.0,10.0,0.42248,1625251945.0,366985270.0,37.816377,-122.47763,7.610323,-0.986524,0.163618,60.0,25.0,9.0,0.169367,1625251945.0,367145450.0,37.82802,-122.46884,7.027905,0.947773,-0.318945,60.0,16.0,9.0,0.421456,1625251945.0,368052630.0,37.833103,-122.468551,11.513456,-0.518214,-0.855251,60.0,42.0,10.0,0.296041,1625251945.0,368060190.0,37.798134,-122.509454,18.065512,-0.845205,-0.534443,50.0,21.0,6.0,0.277495,299.31944444444446,5.970833333333333,10.0
1625251946.0,338368567.0,37.82288,-122.442811,8.842434,0.145552,0.989351,37.0,13.0,4.0,0.306287,1625251946.0,366864850.0,37.815815,-122.47066,10.773958,-0.680163,0.733061,60.0,19.0,10.0,0.418235,1625251946.0,366985270.0,37.816383,-122.477674,7.561998,-0.986851,0.161631,60.0,25.0,9.0,0.167171,1625251946.0,367145450.0,37.82801,-122.468801,7.05101,0.946765,-0.321925,60.0,16.0,9.0,0.417457,1625251946.0,368052630.0,37.833058,-122.468586,11.508356,-0.517927,-0.855425,60.0,42.0,10.0,0.293231,1625251946.0,368060190.0,37.798089,-122.509544,18.068448,-0.84523,-0.534402,50.0,21.0,6.0,0.274877,299.3388888888889,5.971666666666667,10.0
1625251947.0,338368567.0,37.822921,-122.442803,8.839005,0.144927,0.989442,37.0,13.0,4.0,0.303353,1625251947.0,366864850.0,37.815852,-122.470703,10.761906,-0.680696,0.732566,60.0,19.0,10.0,0.413993,1625251947.0,366985270.0,37.816388,-122.477718,7.513179,-0.987184,0.159588,60.0,25.0,9.0,0.164988,1625251947.0,367145450.0,37.827999,-122.468762,7.073535,0.945776,-0.32482,60.0,16.0,9.0,0.413446,1625251947.0,368052630.0,37.833012,-122.468621,11.502653,-0.517497,-0.855685,60.0,42.0,10.0,0.290422,1625251947.0,368060190.0,37.798044,-122.509633,18.071303,-0.845278,-0.534327,50.0,21.0,6.0,0.272259,299.3583333333333,5.9725,10.0
1625251948.0,338368567.0,37.822961,-122.442796,8.835769,0.144313,0.989532,37.0,13.0,4.0,0.30042,1625251948.0,366864850.0,37.815888,-122.470746,10.750106,-0.681173,0.732123,60.0,19.0,10.0,0.409756,1625251948.0,366985270.0,37.816394,-122.477761,7.46387,-0.987521,0.15749,60.0,25.0,9.0,0.16282,1625251948.0,367145450.0,37.827988,-122.468723,7.095473,0.944805,-0.327632,60.0,16.0,9.0,0.409423,1625251948.0,368052630.0,37.832967,-122.468656,11.49635,-0.516924,-0.856032,60.0,42.0,10.0,0.287615,1625251948.0,368060190.0,37.798,-122.509722,18.074077,-0.845348,-0.534216,50.0,21.0,6.0,0.269641,299.3777777777778,5.973333333333334,10.0
1625251949.0,338368567.0,37.823002,-122.442788,8.832726,0.143708,0.98962,37.0,13.0,4.0,0.297487,1625251949.0,366864850.0,37.815924,-122.470789,10.738556,-0.681593,0.731732,60.0,19.0,10.0,0.405523,1625251949.0,366985270.0,37.816399,-122.477804,7.414073,-0.987862,0.155334,60.0,25.0,9.0,0.160666,1625251949.0,367145450.0,37.827978,-122.468683,7.116819,0.943854,-0.330362,60.0,16.0,9.0,0.405388,1625251949.0,368052630.0,37.832921,-122.468691,11.48945,-0.516207,-0.856464,60.0,42.0,10.0,0.28481,1625251949.0,368060190.0,37.797955,-122.509812,18.076771,-0.84544,-0.53407,50.0,21.0,6.0,0.267022,299.39722222222224,5.974166666666667,10.0
1625251950.0,338368567.0,37.823042,-122.442781,8.829875,0.143114,0.989706,37.0,13.0,4.0,0.294556,1625251950.0,366864850.0,37.815961,-122.470831,10.727255,-0.681956,0.731393,60.0,19.0,10.0,0.401295,1625251950.0,366985270.0,37.816405,-122.477847,7.363789,-0.988208,0.153119,60.0,25.0,9.0,0.158527,1625251950.0,367145450.0,37.827967,-122.468644,7.13757,0.942923,-0.333012,60.0,16.0,9.0,0.401343,1625251950.0,368052630.0,37.832876,-122.468725,11.481959,-0.515345,-0.856983,60.0,42.0,10.0,0.282007,1625251950.0,368060190.0,37.79791,-122.509901,18.079385,-0.845555,-0.533889,50.0,21.0,6.0,0.264402,299.4166666666667,5.975,10.0
1625251951.0,338368567.0,37.823083,-122.442773,8.827217,0.142529,0.989791,37.0,13.0,4.0,0.291626,1625251951.0,366864850.0,37.815997,-122.470874,10.716202,-0.682263,0.731107,60.0,19.0,10.0,0.397071,1625251951.0,366985270.0,37.81641,-122.47789,7.313211,-0.988554,0.150868,60.0,25.0,9.0,0.156402,1625251951.0,367145450.0,37.827956,-122.468605,7.15772,0.94201,-0.335583,60.0,16.0,9.0,0.397287,1625251951.0,368052630.0,37.83283,-122.46876,11.474058,-0.514365,-0.857571,60.0,42.0,10.0,0.279207,1625251951.0,368060190.0,37.797866,-122.509991,18.081919,-0.845692,-0.533672,50.0,21.0,6.0,0.261783,299.4361111111112,5.975833333333334,10.0
1625251952.0,338368567.0,37.823123,-122.442766,8.82475,0.141955,0.989873,37.0,13.0,4.0,0.288698,1625251952.0,366864850.0,37.816033,-122.470917,10.705395,-0.682513,0.730873,60.0,19.0,10.0,0.39285,1625251952.0,366985270.0,37.816415,-122.477932,7.263102,-0.988885,0.148682,60.0,25.0,9.0,0.154292,1625251952.0,367145450.0,37.827945,-122.468565,7.177266,0.941118,-0.338078,60.0,16.0,9.0,0.393221,1625251952.0,368052630.0,37.832784,-122.468795,11.466462,-0.513374,-0.858165,60.0,42.0,10.0,0.276409,1625251952.0,368060190.0,37.797821,-122.51008,18.084374,-0.84585,-0.53342,50.0,21.0,6.0,0.259163,299.4555555555556,5.976666666666667,10.0
1625251953.0,338368567.0,37.823163,-122.442759,8.822476,0.14139,0.989954,37.0,13.0,4.0,0.28577,1625251953.0,366864850.0,37.81607,-122.47096,10.694834,-0.682706,0.730693,60.0,19.0,10.0,0.388634,1625251953.0,366985270.0,37.81642,-122.477974,7.213648,-0.989198,0.146589,60.0,25.0,9.0,0.152197,1625251953.0,367145450.0,37.827934,-122.468526,7.196203,0.940245,-0.340498,60.0,16.0,9.0,0.389145,1625251953.0,368052630.0,37.832739,-122.468829,11.459347,-0.512399,-0.858748,60.0,42.0,10.0,0.273614,1625251953.0,368060190.0,37.797776,-122.51017,18.086751,-0.846031,-0.533134,50.0,21.0,6.0,0.256542,299.475,5.9775,10.0
1625251954.0,338368567.0,37.823204,-122.442751,8.820393,0.140836,0.990033,37.0,13.0,4.0,0.282842,1625251954.0,366864850.0,37.816106,-122.471003,10.684518,-0.682842,0.730566,60.0,19.0,10.0,0.384422,1625251954.0,366985270.0,37.816425,-122.478016,7.164844,-0.989492,0.14459,60.0,25.0,9.0,0.150116,1625251954.0,367145450.0,37.827922,-122.468486,7.214528,0.939393,-0.342843,60.0,16.0,9.0,0.385059,1625251954.0,368052630.0,37.832693,-122.468863,11.452712,-0.511439,-0.859319,60.0,42.0,10.0,0.270821,1625251954.0,368060190.0,37.797732,-122.51026,18.089051,-0.846234,-0.532811,50.0,21.0,6.0,0.253921,299.4944444444444,5.9783333333333335,10.0
1625251955.0,338368567.0,37.823244,-122.442744,8.818502,0.140293,0.99011,37.0,13.0,4.0,0.279916,1625251955.0,366864850.0,37.816142,-122.471045,10.674446,-0.68292,0.730493,60.0,19.0,10.0,0.380214,1625251955.0,366985270.0,37.81643,-122.478058,7.116684,-0.989768,0.142688,60.0,25.0,9.0,0.14805,1625251955.0,367145450.0,37.827911,-122.468446,7.232236,0.93856,-0.345115,60.0,16.0,9.0,0.380964,1625251955.0,368052630.0,37.832648,-122.468898,11.446556,-0.510496,-0.85988,60.0,42.0,10.0,0.268031,1625251955.0,368060190.0,37.797687,-122.510349,18.091274,-0.846459,-0.532454,50.0,21.0,6.0,0.2513,299.5138888888889,5.979166666666667,10.0
1625251956.0,338368567.0,37.823285,-122.442737,8.816802,0.139759,0.990185,37.0,13.0,4.0,0.27699,1625251956.0,366864850.0,37.816178,-122.471088,10.664619,-0.682941,0.730473,60.0,19.0,10.0,0.37601,1625251956.0,366985270.0,37.816434,-122.478099,7.069164,-0.990026,0.140887,60.0,25.0,9.0,0.145998,1625251956.0,367145450.0,37.827899,-122.468407,7.249325,0.937748,-0.347316,60.0,16.0,9.0,0.37686,1625251956.0,368052630.0,37.832602,-122.468932,11.44088,-0.509569,-0.86043,60.0,42.0,10.0,0.265242,1625251956.0,368060190.0,37.797643,-122.510439,18.093421,-0.846706,-0.532062,50.0,21.0,6.0,0.248678,299.5333333333333,5.98,10.0
1625251957.0,338368567.0,37.823325,-122.442729,8.815294,0.139236,0.990259,37.0,13.0,4.0,0.274065,1625251957.0,366864850.0,37.816214,-122.471131,10.655036,-0.682904,0.730508,60.0,19.0,10.0,0.371811,1625251957.0,366985270.0,37.816439,-122.47814,7.022281,-0.990266,0.139188,60.0,25.0,9.0,0.143959,1625251957.0,367145450.0,37.827888,-122.468367,7.265791,0.936956,-0.349447,60.0,16.0,9.0,0.372747,1625251957.0,368052630.0,37.832557,-122.468966,11.435681,-0.508658,-0.860968,60.0,42.0,10.0,0.262456,1625251957.0,368060190.0,37.797598,-122.510529,18.095493,-0.846974,-0.531634,50.0,21.0,6.0,0.246056,299.5527777777778,5.980833333333333,10.0
1625251958.0,338368567.0,37.823365,-122.442722,8.813976,0.138724,0.990331,37.0,13.0,4.0,0.271141,1625251958.0,366864850.0,37.81625,-122.471173,10.645697,-0.68281,0.730596,60.0,19.0,10.0,0.367615,1625251958.0,366985270.0,37.816444,-122.478181,6.976028,-0.990489,0.137595,60.0,25.0,9.0,0.141935,1625251958.0,367145450.0,37.827876,-122.468327,7.28163,0.936185,-0.351509,60.0,16.0,9.0,0.368626,1625251958.0,368052630.0,37.832511,-122.469,11.430959,-0.507764,-0.861496,60.0,42.0,10.0,0.259671,1625251958.0,368060190.0,37.797554,-122.510618,18.097492,-0.847265,-0.53117,50.0,21.0,6.0,0.243433,299.5722222222222,5.981666666666667,10.0
1625251959.0,338368567.0,37.823406,-122.442715,8.81285,0.138221,0.990401,37.0,13.0,4.0,0.268217,1625251959.0,366864850.0,37.816286,-122.471216,10.636603,-0.682658,0.730738,60.0,19.0,10.0,0.363423,1625251959.0,366985270.0,37.816448,-122.478221,6.930403,-0.990694,0.136109,60.0,25.0,9.0,0.139924,1625251959.0,367145450.0,37.827864,-122.468287,7.296839,0.935433,-0.353503,60.0,16.0,9.0,0.364498,1625251959.0,368052630.0,37.832466,-122.469034,11.426714,-0.506887,-0.862012,60.0,42.0,10.0,0.256889,1625251959.0,368060190.0,37.797509,-122.510708,18.099419,-0.847577,-0.530672,50.0,21.0,6.0,0.240809,299.5916666666667,5.9825,10.0
1625251960.0,338368567.0,37.823446,-122.442708,8.811915,0.13773,0.99047,37.0,13.0,4.0,0.265294,1625251960.0,366864850.0,37.816322,-122.471258,10.627754,-0.682447,0.730935,60.0,19.0,10.0,0.359235,1625251960.0,366985270.0,37.816452,-122.478261,6.885401,-0.990882,0.134735,60.0,25.0,9.0,0.137927,1625251960.0,367145450.0,37.827852,-122.468247,7.311416,0.934703,-0.35543,60.0,16.0,9.0,0.360361,1625251960.0,368052630.0,37.83242,-122.469068,11.422944,-0.506027,-0.862518,60.0,42.0,10.0,0.254108,1625251960.0,368060190.0,37.797465,-122.510798,18.101275,-0.847911,-0.530138,50.0,21.0,6.0,0.238185,299.6111111111111,5.983333333333333,10.0
1625251961.0,338368567.0,37.823486,-122.442701,8.81117,0.137248,0.990537,37.0,13.0,4.0,0.262371,1625251961.0,366864850.0,37.816358,-122.471301,10.619151,-0.682179,0.731185,60.0,19.0,10.0,0.355051,1625251961.0,366985270.0,37.816457,-122.478301,6.84102,-0.991052,0.133473,60.0,25.0,9.0,0.135943,1625251961.0,367145450.0,37.82784,-122.468207,7.325357,0.933993,-0.357292,60.0,16.0,9.0,0.356218,1625251961.0,368052630.0,37.832375,-122.469102,11.419649,-0.505183,-0.863012,60.0,42.0,10.0,0.251328,1625251961.0,368060190.0,37.79742,-122.510888,18.103061,-0.848267,-0.529569,50.0,21.0,6.0,0.235561,299.6305555555556,5.984166666666667,10.0
1625251962.0,338368567.0,37.823527,-122.442694,8.810616,0.136778,0.990602,37.0,13.0,4.0,0.259448,1625251962.0,366864850.0,37.816394,-122.471343,10.610795,-0.681852,0.73149,60.0,19.0,10.0,0.35087,1625251962.0,366985270.0,37.816461,-122.478341,6.797255,-0.991206,0.132327,60.0,25.0,9.0,0.133973,1625251962.0,367145450.0,37.827828,-122.468167,7.338659,0.933304,-0.359088,60.0,16.0,9.0,0.352067,1625251962.0,368052630.0,37.832329,-122.469136,11.416829,-0.504357,-0.863495,60.0,42.0,10.0,0.24855,1625251962.0,368060190.0,37.797376,-122.510978,18.104779,-0.848644,-0.528964,50.0,21.0,6.0,0.232936,299.65,5.985,10.0
1625251963.0,338368567.0,37.823567,-122.442687,8.810253,0.136317,0.990665,37.0,13.0,4.0,0.256526,1625251963.0,366864850.0,37.81643,-122.471386,10.602687,-0.681466,0.73185,60.0,19.0,10.0,0.346694,1625251963.0,366985270.0,37.816465,-122.47838,6.754105,-0.991343,0.1313,60.0,25.0,9.0,0.132015,1625251963.0,367145450.0,37.827816,-122.468127,7.35132,0.932635,-0.360821,60.0,16.0,9.0,0.34791,1625251963.0,368052630.0,37.832283,-122.46917,11.414483,-0.503549,-0.863967,60.0,42.0,10.0,0.245773,1625251963.0,368060190.0,37.797332,-122.511068,18.106431,-0.849043,-0.528324,50.0,21.0,6.0,0.230311,299.6694444444445,5.985833333333334,10.0
1625251964.0,338368567.0,37.823608,-122.44268,8.810079,0.135868,0.990727,37.0,13.0,4.0,0.253604,1625251964.0,366864850.0,37.816466,-122.471428,10.594828,-0.681021,0.732263,60.0,19.0,10.0,0.342521,1625251964.0,366985270.0,37.816469,-122.47842,6.711565,-0.991462,0.130393,60.0,25.0,9.0,0.13007,1625251964.0,367145450.0,37.827803,-122.468087,7.363336,0.931987,-0.362491,60.0,16.0,9.0,0.343747,1625251964.0,368052630.0,37.832238,-122.469203,11.412609,-0.502758,-0.864427,60.0,42.0,10.0,0.242997,1625251964.0,368060190.0,37.797287,-122.511158,18.108018,-0.849463,-0.527648,50.0,21.0,6.0,0.227685,299.68888888888887,5.986666666666666,10.0
1625251965.0,338368567.0,37.823648,-122.442673,8.810096,0.135429,0.990787,37.0,13.0,4.0,0.250682,1625251965.0,366864850.0,37.816501,-122.47147,10.58722,-0.680518,0.732732,60.0,19.0,10.0,0.338352,1625251965.0,366985270.0,37.816473,-122.478459,6.669635,-0.991565,0.12961,60.0,25.0,9.0,0.128138,1625251965.0,367145450.0,37.827791,-122.468046,7.374707,0.93136,-0.364099,60.0,16.0,9.0,0.339578,1625251965.0,368052630.0,37.832192,-122.469237,11.411208,-0.501984,-0.864877,60.0,42.0,10.0,0.240222,1625251965.0,368060190.0,37.797243,-122.511248,18.109543,-0.849905,-0.526937,50.0,21.0,6.0,0.225058,299.7083333333333,5.987500000000001,10.0
1625251966.0,338368567.0,37.823688,-122.442666,8.810304,0.135001,0.990846,37.0,13.0,4.0,0.24776,1625251966.0,366864850.0,37.816537,-122.471513,10.579865,-0.679955,0.733254,60.0,19.0,10.0,0.334187,1625251966.0,366985270.0,37.816477,-122.478497,6.628311,-0.991651,0.128954,60.0,25.0,9.0,0.126218,1625251966.0,367145450.0,37.827779,-122.468006,7.385429,0.930754,-0.365646,60.0,16.0,9.0,0.335403,1625251966.0,368052630.0,37.832146,-122.46927,11.410278,-0.501229,-0.865315,60.0,42.0,10.0,0.237449,1625251966.0,368060190.0,37.797199,-122.511338,18.111006,-0.850367,-0.52619,50.0,21.0,6.0,0.222431,299.72777777777776,5.988333333333333,10.0
1625251967.0,338368567.0,37.823729,-122.442659,8.810701,0.134583,0.990902,37.0,13.0,4.0,0.244838,1625251967.0,366864850.0,37.816573,-122.471555,10.572764,-0.679333,0.73383,60.0,19.0,10.0,0.330025,1625251967.0,366985270.0,37.816481,-122.478536,6.587592,-0.991719,0.128426,60.0,25.0,9.0,0.124311,1625251967.0,367145450.0,37.827766,-122.467966,7.3955,0.930169,-0.367132,60.0,16.0,9.0,0.331224,1625251967.0,368052630.0,37.832101,-122.469304,11.40982,-0.500491,-0.865742,60.0,42.0,10.0,0.234675,1625251967.0,368060190.0,37.797155,-122.511428,18.11241,-0.850851,-0.525407,50.0,21.0,6.0,0.219803,299.7472222222222,5.989166666666667,10.0
1625251968.0,338368567.0,37.823769,-122.442652,8.811287,0.134176,0.990957,37.0,13.0,4.0,0.241916,1625251968.0,366864850.0,37.816609,-122.471597,10.56592,-0.678651,0.734461,60.0,19.0,10.0,0.325867,1625251968.0,366985270.0,37.816485,-122.478574,6.547477,-0.99177,0.12803,60.0,25.0,9.0,0.122416,1625251968.0,367145450.0,37.827754,-122.467926,7.404917,0.929605,-0.368559,60.0,16.0,9.0,0.327039,1625251968.0,368052630.0,37.832055,-122.469337,11.409832,-0.499771,-0.866157,60.0,42.0,10.0,0.231903,1625251968.0,368060190.0,37.797111,-122.511518,18.113757,-0.851356,-0.524589,50.0,21.0,6.0,0.217174,299.76666666666665,5.99,10.0
1625251969.0,338368567.0,37.82381,-122.442645,8.812064,0.13378,0.991011,37.0,13.0,4.0,0.238994,1625251969.0,366864850.0,37.816645,-122.471639,10.559334,-0.677909,0.735146,60.0,19.0,10.0,0.321713,1625251969.0,366985270.0,37.816489,-122.478612,6.507964,-0.991804,0.127768,60.0,25.0,9.0,0.120533,1625251969.0,367145450.0,37.827741,-122.467885,7.413679,0.929061,-0.369926,60.0,16.0,9.0,0.32285,1625251969.0,368052630.0,37.832009,-122.469371,11.410314,-0.49907,-0.866562,60.0,42.0,10.0,0.229131,1625251969.0,368060190.0,37.797067,-122.511609,18.11505,-0.851882,-0.523734,50.0,21.0,6.0,0.214545,299.7861111111111,5.990833333333334,10.0
1625251970.0,338368567.0,37.82385,-122.442638,8.81303,0.133395,0.991063,37.0,13.0,4.0,0.236072,1625251970.0,366864850.0,37.816681,-122.471681,10.553011,-0.677107,0.735885,60.0,19.0,10.0,0.317562,1625251970.0,366985270.0,37.816493,-122.47865,6.469053,-0.99182,0.127642,60.0,25.0,9.0,0.118661,1625251970.0,367145450.0,37.827728,-122.467845,7.421784,0.928539,-0.371236,60.0,16.0,9.0,0.318657,1625251970.0,368052630.0,37.831964,-122.469404,11.411265,-0.498387,-0.866955,60.0,42.0,10.0,0.226359,1625251970.0,368060190.0,37.797023,-122.511699,18.11629,-0.852428,-0.522844,50.0,21.0,6.0,0.211915,299.80555555555554,5.991666666666667,10.0
1625251971.0,338368567.0,37.82389,-122.442631,8.814186,0.133021,0.991113,37.0,13.0,4.0,0.233149,1625251971.0,366864850.0,37.816717,-122.471722,10.546952,-0.676245,0.736677,60.0,19.0,10.0,0.313414,1625251971.0,366985270.0,37.816497,-122.478688,6.430743,-0.991819,0.127656,60.0,25.0,9.0,0.116802,1625251971.0,367145450.0,37.827716,-122.467805,7.42923,0.928037,-0.372487,60.0,16.0,9.0,0.31446,1625251971.0,368052630.0,37.831918,-122.469437,11.412684,-0.497722,-0.867337,60.0,42.0,10.0,0.223588,1625251971.0,368060190.0,37.796979,-122.511789,18.11748,-0.852996,-0.521918,50.0,21.0,6.0,0.209284,299.825,5.9925,10.0
1625251972.0,338368567.0,37.823931,-122.442624,8.815531,0.132657,0.991162,37.0,13.0,4.0,0.230227,1625251972.0,366864850.0,37.816753,-122.471764,10.54116,-0.675322,0.737523,60.0,19.0,10.0,0.30927,1625251972.0,366985270.0,37.8165,-122.478725,6.393035,-0.991799,0.127811,60.0,25.0,9.0,0.114953,1625251972.0,367145450.0,37.827703,-122.467764,7.436015,0.927557,-0.373682,60.0,16.0,9.0,0.31026,1625251972.0,368052630.0,37.831872,-122.469471,11.414572,-0.497075,-0.867707,60.0,42.0,10.0,0.220817,1625251972.0,368060190.0,37.796935,-122.51188,18.118622,-0.853584,-0.520956,50.0,21.0,6.0,0.206653,299.84444444444443,5.993333333333334,10.0
1625251973.0,338368567.0,37.823971,-122.442617,8.817065,0.132304,0.991209,37.0,13.0,4.0,0.227303,1625251973.0,366864850.0,37.816789,-122.471806,10.535639,-0.674338,0.738423,60.0,19.0,10.0,0.305129,1625251973.0,366985270.0,37.816504,-122.478762,6.355929,-0.99176,0.12811,60.0,25.0,9.0,0.113116,1625251973.0,367145450.0,37.82769,-122.467724,7.442138,0.927098,-0.37482,60.0,16.0,9.0,0.306057,1625251973.0,368052630.0,37.831826,-122.469504,11.416928,-0.496448,-0.868067,60.0,42.0,10.0,0.218046,1625251973.0,368060190.0,37.796892,-122.51197,18.119719,-0.854192,-0.519958,50.0,21.0,6.0,0.204021,299.8638888888889,5.994166666666667,10.0
1625251974.0,338368567.0,37.824012,-122.442611,8.818789,0.131962,0.991255,37.0,13.0,4.0,0.22438,1625251974.0,366864850.0,37.816825,-122.471848,10.530391,-0.673294,0.739375,60.0,19.0,10.0,0.300992,1625251974.0,366985270.0,37.816508,-122.478799,6.319426,-0.991702,0.128555,60.0,25.0,9.0,0.111291,1625251974.0,367145450.0,37.827677,-122.467683,7.447596,0.926659,-0.375902,60.0,16.0,9.0,0.301851,1625251974.0,368052630.0,37.83178,-122.469537,11.41975,-0.495838,-0.868415,60.0,42.0,10.0,0.215274,1625251974.0,368060190.0,37.796848,-122.512061,18.120773,-0.854821,-0.518923,50.0,21.0,6.0,0.201388,299.8833333333333,5.995,10.0
1625251975.0,338368567.0,37.824052,-122.442604,8.820701,0.131631,0.991299,37.0,13.0,4.0,0.221456,1625251975.0,366864850.0,37.816861,-122.471889,10.525421,-0.672188,0.740381,60.0,19.0,10.0,0.296858,1625251975.0,366985270.0,37.816512,-122.478836,6.283527,-0.991625,0.129149,60.0,25.0,9.0,0.109476,1625251975.0,367145450.0,37.827664,-122.467643,7.452388,0.926242,-0.376929,60.0,16.0,9.0,0.297642,1625251975.0,368052630.0,37.831734,-122.46957,11.423039,-0.495248,-0.868752,60.0,42.0,10.0,0.212503,1625251975.0,368060190.0,37.796805,-122.512152,18.121788,-0.85547,-0.517853,50.0,21.0,6.0,0.198755,299.90277777777777,5.995833333333334,10.0
1625251976.0,338368567.0,37.824093,-122.442597,8.822803,0.131311,0.991341,37.0,13.0,4.0,0.218531,1625251976.0,366864850.0,37.816897,-122.471931,10.520733,-0.67102,0.741439,60.0,19.0,10.0,0.292727,1625251976.0,366985270.0,37.816516,-122.478872,6.248233,-0.991528,0.129895,60.0,25.0,9.0,0.107672,1625251976.0,367145450.0,37.827651,-122.467602,7.456513,0.925846,-0.377901,60.0,16.0,9.0,0.293432,1625251976.0,368052630.0,37.831689,-122.469603,11.426794,-0.494676,-0.869077,60.0,42.0,10.0,0.209731,1625251976.0,368060190.0,37.796761,-122.512242,18.122765,-0.856139,-0.516746,50.0,21.0,6.0,0.19612,299.9222222222222,5.996666666666667,10.0
1625251977.0,338368567.0,37.824133,-122.44259,8.825093,0.131002,0.991382,37.0,13.0,4.0,0.215606,1625251977.0,366864850.0,37.816933,-122.471972,10.516329,-0.669791,0.742549,60.0,19.0,10.0,0.2886,1625251977.0,366985270.0,37.816519,-122.478908,6.213547,-0.99141,0.130794,60.0,25.0,9.0,0.105879,1625251977.0,367145450.0,37.827638,-122.467562,7.459969,0.925471,-0.378818,60.0,16.0,9.0,0.289219,1625251977.0,368052630.0,37.831643,-122.469637,11.431014,-0.494124,-0.869392,60.0,42.0,10.0,0.206959,1625251977.0,368060190.0,37.796718,-122.512333,18.123709,-0.856828,-0.515602,50.0,21.0,6.0,0.193485,299.94166666666666,5.9975000000000005,10.0
1625251978.0,338368567.0,37.824173,-122.442583,8.827573,0.130703,0.991422,37.0,13.0,4.0,0.21268,1625251978.0,366864850.0,37.816969,-122.472013,10.512215,-0.6685,0.743712,60.0,19.0,10.0,0.284475,1625251978.0,366985270.0,37.816523,-122.478945,6.179472,-0.99127,0.131849,60.0,25.0,9.0,0.104096,1625251978.0,367145450.0,37.827625,-122.467522,7.462756,0.925118,-0.379681,60.0,16.0,9.0,0.285006,1625251978.0,368052630.0,37.831597,-122.46967,11.435699,-0.49359,-0.869695,60.0,42.0,10.0,0.204185,1625251978.0,368060190.0,37.796675,-122.512424,18.124622,-0.857537,-0.514422,50.0,21.0,6.0,0.190849,299.9611111111111,5.998333333333333,10.0
1625251979.0,338368567.0,37.824214,-122.442577,8.830241,0.130416,0.991459,37.0,13.0,4.0,0.209753,1625251979.0,366864850.0,37.817005,-122.472054,10.508395,-0.667147,0.744926,60.0,19.0,10.0,0.280354,1625251979.0,366985270.0,37.816527,-122.47898,6.146009,-0.991108,0.133062,60.0,25.0,9.0,0.102323,1625251979.0,367145450.0,37.827612,-122.467481,7.464871,0.924785,-0.38049,60.0,16.0,9.0,0.280791,1625251979.0,368052630.0,37.831551,-122.469703,11.440849,-0.493075,-0.869987,60.0,42.0,10.0,0.201412,1625251979.0,368060190.0,37.796632,-122.512515,18.125506,-0.858266,-0.513206,50.0,21.0,6.0,0.188212,299.98055555555555,5.999166666666667,10.0
1625251980.0,338368567.0,37.824254,-122.44257,8.833097,0.130139,0.991496,37.0,13.0,4.0,0.206825,1625251980.0,366864850.0,37.817041,-122.472095,10.504874,-0.665731,0.746192,60.0,19.0,10.0,0.276235,1625251980.0,366985270.0,37.816531,-122.479016,6.113164,-0.990922,0.134435,60.0,25.0,9.0,0.10056,1625251980.0,367145450.0,37.827599,-122.467441,7.466314,0.924474,-0.381245,60.0,16.0,9.0,0.276576,1625251980.0,368052630.0,37.831505,-122.469736,11.446463,-0.49258,-0.870267,60.0,42.0,10.0,0.198637,1625251980.0,368060190.0,37.796588,-122.512606,18.126366,-0.859014,-0.511953,50.0,21.0,6.0,0.185575,300.0,6.0,10.0
1625251981.0,338368567.0,37.824295,-122.442563,8.836142,0.129874,0.991531,37.0,13.0,4.0,0.203897,1625251981.0,366864850.0,37.817078,-122.472136,10.501655,-0.664252,0.747508,60.0,19.0,10.0,0.27212,1625251981.0,366985270.0,37.816534,-122.479052,6.08094,-0.990713,0.13597,60.0,25.0,9.0,0.098807,1625251981.0,367145450.0,37.827586,-122.4674,7.467084,0.924184,-0.381947,60.0,16.0,9.0,0.272361,1625251981.0,368052630.0,37.831458,-122.469769,11.452541,-0.492103,-0.870537,60.0,42.0,10.0,0.195861,1625251981.0,368060190.0,37.796546,-122.512697,18.127205,-0.859781,-0.510663,50.0,21.0,6.0,0.182936,300.0027777777778,6.001111111111111,10.0
1625251982.0,338368567.0,37.824336,-122.442556,8.839376,0.129619,0.991564,37.0,13.0,4.0,0.200968,1625251982.0,366864850.0,37.817114,-122.472177,10.498745,-0.662711,0.748875,60.0,19.0,10.0,0.268008,1625251982.0,366985270.0,37.816538,-122.479087,6.04934,-0.990478,0.13767,60.0,25.0,9.0,0.097064,1625251982.0,367145450.0,37.827572,-122.46736,7.46718,0.923916,-0.382596,60.0,16.0,9.0,0.268145,1625251982.0,368052630.0,37.831412,-122.469802,11.459082,-0.491646,-0.870795,60.0,42.0,10.0,0.193085,1625251982.0,368060190.0,37.796503,-122.512789,18.128026,-0.860568,-0.509336,50.0,21.0,6.0,0.180297,300.0055555555556,6.002222222222223,10.0
1625251983.0,338368567.0,37.824376,-122.44255,8.842798,0.129376,0.991596,37.0,13.0,4.0,0.198037,1625251983.0,366864850.0,37.81715,-122.472218,10.496148,-0.661106,0.750292,60.0,19.0,10.0,0.263898,1625251983.0,366985270.0,37.816542,-122.479122,6.018371,-0.990217,0.139535,60.0,25.0,9.0,0.095331,1625251983.0,367145450.0,37.827559,-122.467319,7.4666,0.923668,-0.383193,60.0,16.0,9.0,0.26393,1625251983.0,368052630.0,37.831366,-122.469835,11.466086,-0.491207,-0.871043,60.0,42.0,10.0,0.190306,1625251983.0,368060190.0,37.79646,-122.51288,18.128832,-0.861374,-0.507972,50.0,21.0,6.0,0.177657,300.0083333333333,6.003333333333333,10.0
1625251984.0,338368567.0,37.824417,-122.442543,8.846408,0.129143,0.991626,37.0,13.0,4.0,0.195106,1625251984.0,366864850.0,37.817187,-122.472259,10.493871,-0.659438,0.751759,60.0,19.0,10.0,0.259791,1625251984.0,366985270.0,37.816546,-122.479157,5.988038,-0.989928,0.141569,60.0,25.0,9.0,0.093607,1625251984.0,367145450.0,37.827546,-122.467279,7.465345,0.923443,-0.383736,60.0,16.0,9.0,0.259716,1625251984.0,368052630.0,37.83132,-122.469868,11.473553,-0.490789,-0.871279,60.0,42.0,10.0,0.187527,1625251984.0,368060190.0,37.796417,-122.512971,18.129627,-0.862198,-0.506571,50.0,21.0,6.0,0.175015,300.0111111111111,6.004444444444444,10.0
1625251985.0,338368567.0,37.824457,-122.442536,8.850207,0.128921,0.991655,37.0,13.0,4.0,0.192173,1625251985.0,366864850.0,37.817223,-122.472299,10.491917,-0.657706,0.753275,60.0,19.0,10.0,0.255687,1625251985.0,366985270.0,37.81655,-122.479192,5.958346,-0.989611,0.143773,60.0,25.0,9.0,0.091892,1625251985.0,367145450.0,37.827533,-122.467239,7.463413,0.923238,-0.384228,60.0,16.0,9.0,0.255503,1625251985.0,368052630.0,37.831274,-122.469901,11.481481,-0.490389,-0.871504,60.0,42.0,10.0,0.184746,1625251985.0,368060190.0,37.796375,-122.513063,18.130415,-0.863041,-0.505133,50.0,21.0,6.0,0.172373,300.0138888888889,6.005555555555556,10.0
1625251986.0,338368567.0,37.824498,-122.44253,8.854193,0.128711,0.991682,37.0,13.0,4.0,0.189239,1625251986.0,366864850.0,37.81726,-122.472339,10.490294,-0.65591,0.754839,60.0,19.0,10.0,0.251586,1625251986.0,366985270.0,37.816554,-122.479226,5.929303,-0.989263,0.146148,60.0,25.0,9.0,0.090185,1625251986.0,367145450.0,37.827519,-122.467198,7.460803,0.923055,-0.384667,60.0,16.0,9.0,0.251292,1625251986.0,368052630.0,37.831227,-122.469934,11.489872,-0.490009,-0.871718,60.0,42.0,10.0,0.181964,1625251986.0,368060190.0,37.796333,-122.513155,18.131199,-0.863903,-0.503658,50.0,21.0,6.0,0.16973,300.01666666666665,6.006666666666667,10.0
1625251987.0,338368567.0,37.824538,-122.442523,8.858368,0.128511,0.991708,37.0,13.0,4.0,0.186304,1625251987.0,366864850.0,37.817297,-122.47238,10.489007,-0.65405,0.756451,60.0,19.0,10.0,0.247487,1625251987.0,366985270.0,37.816558,-122.47926,5.900914,-0.988883,0.148696,60.0,25.0,9.0,0.088488,1625251987.0,367145450.0,37.827506,-122.467158,7.457516,0.922894,-0.385054,60.0,16.0,9.0,0.247082,1625251987.0,368052630.0,37.831181,-122.469967,11.498724,-0.489648,-0.87192,60.0,42.0,10.0,0.179179,1625251987.0,368060190.0,37.79629,-122.513246,18.131984,-0.864783,-0.502145,50.0,21.0,6.0,0.167086,300.01944444444445,6.007777777777778,10.0
1625251988.0,338368567.0,37.824579,-122.442516,8.862731,0.128322,0.991733,37.0,13.0,4.0,0.183367,1625251988.0,366864850.0,37.817333,-122.47242,10.488062,-0.652126,0.758111,60.0,19.0,10.0,0.243391,1625251988.0,366985270.0,37.816562,-122.479295,5.873188,-0.98847,0.151419,60.0,25.0,9.0,0.086799,1625251988.0,367145450.0,37.827493,-122.467118,7.45355,0.922754,-0.385389,60.0,16.0,9.0,0.242874,1625251988.0,368052630.0,37.831135,-122.47,11.508037,-0.489306,-0.872112,60.0,42.0,10.0,0.176393,1625251988.0,368060190.0,37.796248,-122.513338,18.132773,-0.865682,-0.500595,50.0,21.0,6.0,0.16444,300.02222222222224,6.0088888888888885,10.0
1625251989.0,338368567.0,37.82462,-122.44251,8.867282,0.128144,0.991756,37.0,13.0,4.0,0.180429,1625251989.0,366864850.0,37.81737,-122.47246,10.487372,-0.650155,0.759802,60.0,19.0,10.0,0.239298,1625251989.0,366985270.0,37.816566,-122.479329,5.846133,-0.988021,0.154318,60.0,25.0,9.0,0.085119,1625251989.0,367145450.0,37.827479,-122.467077,7.448905,0.922636,-0.385671,60.0,16.0,9.0,0.238669,1625251989.0,368052630.0,37.831088,-122.470033,11.51781,-0.488983,-0.872293,60.0,42.0,10.0,0.173605,1625251989.0,368060190.0,37.796206,-122.51343,18.133571,-0.866598,-0.499007,50.0,21.0,6.0,0.161794,300.025,6.01,10.0
1625251990.0,338368567.0,37.82466,-122.442503,8.872021,0.127978,0.991777,37.0,13.0,4.0,0.17749,1625251990.0,366864850.0,37.817407,-122.4725,10.486568,-0.64821,0.761462,60.0,19.0,10.0,0.235206,1625251990.0,366985270.0,37.81657,-122.479362,5.819756,-0.987536,0.157393,60.0,25.0,9.0,0.083447,1625251990.0,367145450.0,37.827466,-122.467037,7.44358,0.92254,-0.385902,60.0,16.0,9.0,0.234466,1625251990.0,368052630.0,37.831042,-122.470066,11.528045,-0.48868,-0.872463,60.0,42.0,10.0,0.170815,1625251990.0,368060190.0,37.796164,-122.513522,18.134381,-0.867532,-0.497382,50.0,21.0,6.0,0.159147,300.02777777777777,6.011111111111111,10.0
1625251991.0,338368567.0,37.824701,-122.442496,8.876948,0.127822,0.991797,37.0,13.0,4.0,0.174549,1625251991.0,366864850.0,37.817444,-122.47254,10.48555,-0.646308,0.763076,60.0,19.0,10.0,0.231118,1625251991.0,366985270.0,37.816574,-122.479396,5.794068,-0.987012,0.160647,60.0,25.0,9.0,0.081783,1625251991.0,367145450.0,37.827453,-122.466997,7.437576,0.922465,-0.38608,60.0,16.0,9.0,0.230267,1625251991.0,368052630.0,37.830995,-122.470099,11.53874,-0.488397,-0.872622,60.0,42.0,10.0,0.168022,1625251991.0,368060190.0,37.796123,-122.513614,18.135208,-0.868483,-0.495718,50.0,21.0,6.0,0.156498,300.0305555555556,6.012222222222222,10.0
1625251992.0,338368567.0,37.824742,-122.44249,8.882062,0.127677,0.991816,37.0,13.0,4.0,0.171607,1625251992.0,366864850.0,37.817481,-122.472579,10.484315,-0.644451,0.764646,60.0,19.0,10.0,0.227032,1625251992.0,366985270.0,37.816579,-122.47943,5.769079,-0.986447,0.164081,60.0,25.0,9.0,0.080126,1625251992.0,367145450.0,37.82744,-122.466957,7.430892,0.922412,-0.386206,60.0,16.0,9.0,0.226072,1625251992.0,368052630.0,37.830949,-122.470132,11.549895,-0.488132,-0.87277,60.0,42.0,10.0,0.165227,1625251992.0,368060190.0,37.796081,-122.513706,18.136056,-0.869452,-0.494017,50.0,21.0,6.0,0.153849,300.03333333333336,6.013333333333334,10.0
1625251993.0,338368567.0,37.824783,-122.442483,8.887365,0.127543,0.991833,37.0,13.0,4.0,0.168662,1625251993.0,366864850.0,37.817518,-122.472619,10.482858,-0.642638,0.76617,60.0,19.0,10.0,0.222948,1625251993.0,366985270.0,37.816583,-122.479463,5.744797,-0.985839,0.167694,60.0,25.0,9.0,0.078477,1625251993.0,367145450.0,37.827426,-122.466917,7.423528,0.922382,-0.38628,60.0,16.0,9.0,0.22188,1625251993.0,368052630.0,37.830902,-122.470165,11.561509,-0.487887,-0.872907,60.0,42.0,10.0,0.16243,1625251993.0,368060190.0,37.79604,-122.513799,18.136929,-0.870438,-0.492278,50.0,21.0,6.0,0.151198,300.0361111111111,6.014444444444444,10.0
1625251994.0,338368567.0,37.824823,-122.442476,8.892855,0.12742,0.991849,37.0,13.0,4.0,0.165717,1625251994.0,366864850.0,37.817555,-122.472658,10.481173,-0.64087,0.767649,60.0,19.0,10.0,0.218867,1625251994.0,366985270.0,37.816588,-122.479496,5.721234,-0.985186,0.171487,60.0,25.0,9.0,0.076836,1625251994.0,367145450.0,37.827413,-122.466876,7.415483,0.922373,-0.386302,60.0,16.0,9.0,0.217692,1625251994.0,368052630.0,37.830855,-122.470198,11.573584,-0.487661,-0.873033,60.0,42.0,10.0,0.15963,1625251994.0,368060190.0,37.795998,-122.513891,18.137833,-0.871441,-0.490501,50.0,21.0,6.0,0.148546,300.0388888888889,6.015555555555555,10.0
1625251995.0,338368567.0,37.824864,-122.44247,8.898533,0.127308,0.991863,37.0,13.0,4.0,0.162769,1625251995.0,366864850.0,37.817592,-122.472698,10.479256,-0.639146,0.769085,60.0,19.0,10.0,0.214789,1625251995.0,366985270.0,37.816592,-122.479529,5.698401,-0.984486,0.175462,60.0,25.0,9.0,0.075202,1625251995.0,367145450.0,37.8274,-122.466836,7.406759,0.922386,-0.38627,60.0,16.0,9.0,0.21351,1625251995.0,368052630.0,37.830809,-122.470231,11.586118,-0.487455,-0.873148,60.0,42.0,10.0,0.156827,1625251995.0,368060190.0,37.795957,-122.513984,18.138771,-0.87246,-0.488685,50.0,21.0,6.0,0.145893,300.0416666666667,6.016666666666667,10.0
1625251996.0,338368567.0,37.824905,-122.442463,8.904399,0.127206,0.991876,37.0,13.0,4.0,0.159819,1625251996.0,366864850.0,37.81763,-122.472737,10.477103,-0.637468,0.770477,60.0,19.0,10.0,0.210713,1625251996.0,366985270.0,37.816597,-122.479562,5.676311,-0.983736,0.179618,60.0,25.0,9.0,0.073574,1625251996.0,367145450.0,37.827387,-122.466796,7.397354,0.922421,-0.386186,60.0,16.0,9.0,0.209332,1625251996.0,368052630.0,37.830762,-122.470264,11.599111,-0.487268,-0.873253,60.0,42.0,10.0,0.154022,1625251996.0,368060190.0,37.795916,-122.514076,18.139749,-0.873496,-0.486831,50.0,21.0,6.0,0.143238,300.0444444444444,6.017777777777778,10.0
1625251997.0,338368567.0,37.824946,-122.442456,8.910452,0.127116,0.991888,37.0,13.0,4.0,0.156868,1625251997.0,366864850.0,37.817667,-122.472776,10.474709,-0.635834,0.771826,60.0,19.0,10.0,0.206641,1625251997.0,366985270.0,37.816601,-122.479595,5.654974,-0.982935,0.183956,60.0,25.0,9.0,0.071954,1625251997.0,367145450.0,37.827373,-122.466756,7.387269,0.922478,-0.386049,60.0,16.0,9.0,0.205159,1625251997.0,368052630.0,37.830715,-122.470297,11.612563,-0.4871,-0.873346,60.0,42.0,10.0,0.151213,1625251997.0,368060190.0,37.795875,-122.514169,18.140771,-0.874548,-0.484939,50.0,21.0,6.0,0.140583,300.0472222222222,6.018888888888889,10.0
1625251998.0,338368567.0,37.824987,-122.44245,8.916693,0.127036,0.991898,37.0,13.0,4.0,0.153914,1625251998.0,366864850.0,37.817704,-122.472815,10.472071,-0.634246,0.773132,60.0,19.0,10.0,0.20257,1625251998.0,366985270.0,37.816606,-122.479627,5.634405,-0.982078,0.188474,60.0,25.0,9.0,0.07034,1625251998.0,367145450.0,37.82736,-122.466716,7.376504,0.922558,-0.385859,60.0,16.0,9.0,0.200992,1625251998.0,368052630.0,37.830668,-122.47033,11.626474,-0.486951,-0.87343,60.0,42.0,10.0,0.148401,1625251998.0,368060190.0,37.795834,-122.514262,18.141842,-0.875616,-0.483008,50.0,21.0,6.0,0.137926,300.05,6.02,10.0
1625251999.0,338368567.0,37.825028,-122.442443,8.923122,0.126968,0.991907,37.0,13.0,4.0,0.150959,1625251999.0,366864850.0,37.817742,-122.472854,10.469183,-0.632703,0.774395,60.0,19.0,10.0,0.198503,1625251999.0,366985270.0,37.816611,-122.47966,5.614616,-0.981165,0.193174,60.0,25.0,9.0,0.068732,1625251999.0,367145450.0,37.827347,-122.466677,7.36506,0.92266,-0.385615,60.0,16.0,9.0,0.196831,1625251999.0,368052630.0,37.830621,-122.470363,11.640844,-0.486821,-0.873502,60.0,42.0,10.0,0.145586,1625251999.0,368060190.0,37.795794,-122.514355,18.142967,-0.876699,-0.481039,50.0,21.0,6.0,0.135268,300.0527777777778,6.021111111111111,10.0
1625252000.0,338368567.0,37.825069,-122.442437,8.929738,0.12691,0.991914,37.0,13.0,4.0,0.148001,1625252000.0,366864850.0,37.817779,-122.472893,10.466043,-0.631205,0.775616,60.0,19.0,10.0,0.194439,1625252000.0,366985270.0,37.816616,-122.479692,5.595622,-0.980191,0.198054,60.0,25.0,9.0,0.067131,1625252000.0,367145450.0,37.827334,-122.466637,7.352936,0.922784,-0.385318,60.0,16.0,9.0,0.192676,1625252000.0,368052630.0,37.830574,-122.470396,11.655673,-0.48671,-0.873564,60.0,42.0,10.0,0.142768,1625252000.0,368060190.0,37.795754,-122.514448,18.144151,-0.877798,-0.47903,50.0,21.0,6.0,0.132609,300.05555555555554,6.022222222222222,10.0
1625252001.0,338368567.0,37.82511,-122.44243,8.936542,0.126863,0.99192,37.0,13.0,4.0,0.145042,1625252001.0,366864850.0,37.817817,-122.472932,10.462647,-0.629754,0.776795,60.0,19.0,10.0,0.190378,1625252001.0,366985270.0,37.816621,-122.479724,5.577437,-0.979155,0.203113,60.0,25.0,9.0,0.065535,1625252001.0,367145450.0,37.827321,-122.466597,7.340134,0.922931,-0.384966,60.0,16.0,9.0,0.188528,1625252001.0,368052630.0,37.830527,-122.47043,11.67096,-0.486618,-0.873615,60.0,42.0,10.0,0.139946,1625252001.0,368060190.0,37.795713,-122.514541,18.1454,-0.878913,-0.476983,50.0,21.0,6.0,0.129948,300.05833333333334,6.023333333333333,10.0
1625252002.0,338368567.0,37.825151,-122.442423,8.943533,0.126827,0.991925,37.0,13.0,4.0,0.14208,1625252002.0,366864850.0,37.817854,-122.47297,10.45899,-0.628348,0.777933,60.0,19.0,10.0,0.186319,1625252002.0,366985270.0,37.816627,-122.479756,5.560075,-0.978054,0.208352,60.0,25.0,9.0,0.063946,1625252002.0,367145450.0,37.827308,-122.466557,7.326653,0.9231,-0.384559,60.0,16.0,9.0,0.184387,1625252002.0,368052630.0,37.83048,-122.470463,11.686706,-0.486545,-0.873655,60.0,42.0,10.0,0.137121,1625252002.0,368060190.0,37.795673,-122.514635,18.146718,-0.880042,-0.474897,50.0,21.0,6.0,0.127286,300.0611111111112,6.024444444444445,10.0
1625252003.0,338368567.0,37.825192,-122.442417,8.950712,0.126801,0.991928,37.0,13.0,4.0,0.139115,1625252003.0,366864850.0,37.817892,-122.473009,10.45507,-0.626988,0.779029,60.0,19.0,10.0,0.182264,1625252003.0,366985270.0,37.816632,-122.479788,5.543552,-0.976885,0.213768,60.0,25.0,9.0,0.062361,1625252003.0,367145450.0,37.827295,-122.466518,7.312494,0.923293,-0.384097,60.0,16.0,9.0,0.180253,1625252003.0,368052630.0,37.830432,-122.470496,11.70291,-0.486491,-0.873685,60.0,42.0,10.0,0.134291,1625252003.0,368060190.0,37.795633,-122.514728,18.148111,-0.881185,-0.472771,50.0,21.0,6.0,0.124622,300.06388888888887,6.025555555555556,10.0
1625252004.0,338368567.0,37.825233,-122.44241,8.958079,0.126786,0.99193,37.0,13.0,4.0,0.136149,1625252004.0,366864850.0,37.81793,-122.473047,10.450882,-0.625674,0.780084,60.0,19.0,10.0,0.178212,1625252004.0,366985270.0,37.816637,-122.47982,5.527883,-0.975644,0.219359,60.0,25.0,9.0,0.060782,1625252004.0,367145450.0,37.827282,-122.466478,7.297658,0.923508,-0.383579,60.0,16.0,9.0,0.176127,1625252004.0,368052630.0,37.830385,-122.47053,11.719573,-0.486456,-0.873705,60.0,42.0,10.0,0.131458,1625252004.0,368060190.0,37.795594,-122.514822,18.149585,-0.882343,-0.470607,50.0,21.0,6.0,0.121957,300.06666666666666,6.026666666666666,10.0
1625252005.0,338368567.0,37.825274,-122.442403,8.965633,0.126782,0.991931,37.0,13.0,4.0,0.133179,1625252005.0,366864850.0,37.817968,-122.473085,10.446424,-0.624407,0.781099,60.0,19.0,10.0,0.174163,1625252005.0,366985270.0,37.816643,-122.479851,5.513086,-0.97433,0.225125,60.0,25.0,9.0,0.059208,1625252005.0,367145450.0,37.827269,-122.466439,7.282145,0.923746,-0.383006,60.0,16.0,9.0,0.172009,1625252005.0,368052630.0,37.830338,-122.470563,11.736694,-0.48644,-0.873714,60.0,42.0,10.0,0.128621,1625252005.0,368060190.0,37.795554,-122.514916,18.151144,-0.883515,-0.468403,50.0,21.0,6.0,0.119291,300.06944444444446,6.027777777777778,10.0
1625252006.0,338368567.0,37.825315,-122.442397,8.973374,0.126789,0.99193,37.0,13.0,4.0,0.130208,1625252006.0,366864850.0,37.818005,-122.473123,10.441692,-0.623187,0.782073,60.0,19.0,10.0,0.170117,1625252006.0,366985270.0,37.816649,-122.479883,5.499176,-0.972939,0.231063,60.0,25.0,9.0,0.057639,1625252006.0,367145450.0,37.827256,-122.466399,7.265957,0.924007,-0.382375,60.0,16.0,9.0,0.1679,1625252006.0,368052630.0,37.83029,-122.470596,11.754274,-0.486442,-0.873713,60.0,42.0,10.0,0.12578,1625252006.0,368060190.0,37.795515,-122.515009,18.152796,-0.884701,-0.46616,50.0,21.0,6.0,0.116623,300.0722222222222,6.028888888888889,10.0
1625252007.0,338368567.0,37.825356,-122.44239,8.981304,0.126807,0.991927,37.0,13.0,4.0,0.127234,1625252007.0,366864850.0,37.818043,-122.473162,10.436684,-0.622012,0.783007,60.0,19.0,10.0,0.166074,1625252007.0,366985270.0,37.816655,-122.479914,5.486171,-0.971468,0.23717,60.0,25.0,9.0,0.056074,1625252007.0,367145450.0,37.827243,-122.46636,7.249094,0.924291,-0.381688,60.0,16.0,9.0,0.163799,1625252007.0,368052630.0,37.830243,-122.47063,11.772312,-0.486463,-0.873701,60.0,42.0,10.0,0.122935,1625252007.0,368060190.0,37.795476,-122.515103,18.154544,-0.8859,-0.463877,50.0,21.0,6.0,0.113953,300.075,6.03,10.0
1625252008.0,338368567.0,37.825397,-122.442383,8.98942,0.126834,0.991924,37.0,13.0,4.0,0.124257,1625252008.0,366864850.0,37.818081,-122.4732,10.431396,-0.620885,0.783901,60.0,19.0,10.0,0.162035,1625252008.0,366985270.0,37.816661,-122.479945,5.474087,-0.969915,0.243445,60.0,25.0,9.0,0.054514,1625252008.0,367145450.0,37.82723,-122.466321,7.231558,0.924599,-0.380942,60.0,16.0,9.0,0.159707,1625252008.0,368052630.0,37.830195,-122.470663,11.790808,-0.486502,-0.873679,60.0,42.0,10.0,0.120085,1625252008.0,368060190.0,37.795437,-122.515198,18.156396,-0.887112,-0.461554,50.0,21.0,6.0,0.111282,300.0777777777778,6.031111111111112,10.0
1625252009.0,338368567.0,37.825439,-122.442377,8.997725,0.126873,0.991919,37.0,13.0,4.0,0.121277,1625252009.0,366864850.0,37.818119,-122.473238,10.425825,-0.619805,0.784756,60.0,19.0,10.0,0.157999,1625252009.0,366985270.0,37.816667,-122.479976,5.462943,-0.968276,0.249885,60.0,25.0,9.0,0.052958,1625252009.0,367145450.0,37.827217,-122.466282,7.213348,0.92493,-0.380138,60.0,16.0,9.0,0.155625,1625252009.0,368052630.0,37.830148,-122.470697,11.809763,-0.48656,-0.873647,60.0,42.0,10.0,0.117231,1625252009.0,368060190.0,37.795398,-122.515292,18.158357,-0.888337,-0.459192,50.0,21.0,6.0,0.10861,300.0805555555556,6.032222222222222,10.0
1625252010.0,338368567.0,37.82548,-122.44237,9.006179,0.126912,0.991914,37.0,13.0,4.0,0.118295,1625252010.0,366864850.0,37.818157,-122.473275,10.41997,-0.618772,0.785571,60.0,19.0,10.0,0.153967,1625252010.0,366985270.0,37.816673,-122.480007,5.452757,-0.966548,0.256485,60.0,25.0,9.0,0.051405,1625252010.0,367145450.0,37.827205,-122.466243,7.194468,0.925284,-0.379274,60.0,16.0,9.0,0.151552,1625252010.0,368052630.0,37.8301,-122.470731,11.829176,-0.486636,-0.873605,60.0,42.0,10.0,0.114372,1625252010.0,368060190.0,37.795359,-122.515386,18.160433,-0.889574,-0.45679,50.0,21.0,6.0,0.105935,300.0833333333333,6.033333333333333,10.0
1625252011.0,338368567.0,37.825521,-122.442363,9.014633,0.126908,0.991915,37.0,13.0,4.0,0.11531,1625252011.0,366864850.0,37.818194,-122.473313,10.413827,-0.617786,0.786346,60.0,19.0,10.0,0.149938,1625252011.0,366985270.0,37.81668,-122.480038,5.443547,-0.96473,0.263243,60.0,25.0,9.0,0.049856,1625252011.0,367145450.0,37.827192,-122.466204,7.174916,0.925663,-0.37835,60.0,16.0,9.0,0.14749,1625252011.0,368052630.0,37.830052,-122.470764,11.849048,-0.48673,-0.873553,60.0,42.0,10.0,0.111508,1625252011.0,368060190.0,37.795321,-122.515481,18.162631,-0.890824,-0.454348,50.0,21.0,6.0,0.10326,300.0861111111111,6.0344444444444445,10.0
1625252012.0,338368567.0,37.825563,-122.442357,9.02305,0.126851,0.991922,37.0,13.0,4.0,0.112323,1625252012.0,366864850.0,37.818232,-122.473351,10.407394,-0.616847,0.787083,60.0,19.0,10.0,0.145912,1625252012.0,366985270.0,37.816686,-122.480069,5.435332,-0.962817,0.270155,60.0,25.0,9.0,0.048311,1625252012.0,367145450.0,37.82718,-122.466165,7.154696,0.926065,-0.377365,60.0,16.0,9.0,0.143438,1625252012.0,368052630.0,37.830004,-122.470798,11.869379,-0.486842,-0.87349,60.0,42.0,10.0,0.10864,1625252012.0,368060190.0,37.795283,-122.515576,18.164955,-0.892086,-0.451866,50.0,21.0,6.0,0.100582,300.0888888888889,6.035555555555556,10.0
1625252013.0,338368567.0,37.825604,-122.44235,9.031429,0.126742,0.991936,37.0,13.0,4.0,0.109332,1625252013.0,366864850.0,37.81827,-122.473388,10.400668,-0.615956,0.787781,60.0,19.0,10.0,0.14189,1625252013.0,366985270.0,37.816693,-122.480099,5.42813,-0.960807,0.277217,60.0,25.0,9.0,0.046769,1625252013.0,367145450.0,37.827167,-122.466126,7.133809,0.92649,-0.376318,60.0,16.0,9.0,0.139397,1625252013.0,368052630.0,37.829956,-122.470832,11.890168,-0.486972,-0.873417,60.0,42.0,10.0,0.105766,1625252013.0,368060190.0,37.795245,-122.515671,18.167414,-0.893359,-0.449344,50.0,21.0,6.0,0.097903,300.09166666666664,6.036666666666667,10.0
1625252014.0,338368567.0,37.825646,-122.442343,9.03977,0.12658,0.991956,37.0,13.0,4.0,0.106339,1625252014.0,366864850.0,37.818308,-122.473426,10.393648,-0.615113,0.788439,60.0,19.0,10.0,0.137872,1625252014.0,366985270.0,37.8167,-122.48013,5.421212,-0.958703,0.28441,60.0,25.0,9.0,0.04523,1625252014.0,367145450.0,37.827155,-122.466087,7.112255,0.92694,-0.375209,60.0,16.0,9.0,0.135367,1625252014.0,368052630.0,37.829908,-122.470866,11.911416,-0.48712,-0.873335,60.0,42.0,10.0,0.102888,1625252014.0,368060190.0,37.795207,-122.515766,18.170012,-0.894643,-0.446782,50.0,21.0,6.0,0.095222,300.09444444444443,6.0377777777777775,10.0
1625252015.0,338368567.0,37.825687,-122.442336,9.048074,0.126366,0.991984,37.0,13.0,4.0,0.103343,1625252015.0,366864850.0,37.818346,-122.473463,10.386331,-0.614317,0.789059,60.0,19.0,10.0,0.133858,1625252015.0,366985270.0,37.816707,-122.48016,5.411599,-0.956516,0.291678,60.0,25.0,9.0,0.043693,1625252015.0,367145450.0,37.827142,-122.466049,7.090037,0.927414,-0.374036,60.0,16.0,9.0,0.131348,1625252015.0,368052630.0,37.82986,-122.4709,11.932877,-0.487295,-0.873238,60.0,42.0,10.0,0.100004,1625252015.0,368060190.0,37.79517,-122.515861,18.172757,-0.895938,-0.44418,50.0,21.0,6.0,0.092539,300.09722222222223,6.038888888888889,10.0
1625252016.0,338368567.0,37.825729,-122.44233,9.056342,0.1261,0.992018,37.0,13.0,4.0,0.100344,1625252016.0,366864850.0,37.818384,-122.473501,10.378716,-0.613569,0.789641,60.0,19.0,10.0,0.129847,1625252016.0,366985270.0,37.816714,-122.480191,5.398551,-0.954247,0.299021,60.0,25.0,9.0,0.042161,1625252016.0,367145450.0,37.82713,-122.46601,7.067361,0.927909,-0.372806,60.0,16.0,9.0,0.127341,1625252016.0,368052630.0,37.829812,-122.470934,11.953565,-0.487528,-0.873107,60.0,42.0,10.0,0.097115,1625252016.0,368060190.0,37.795132,-122.515956,18.175654,-0.897243,-0.441537,50.0,21.0,6.0,0.089854,300.1,6.04,10.0
1625252017.0,338368567.0,37.82577,-122.442323,9.064573,0.125782,0.992058,37.0,13.0,4.0,0.097343,1625252017.0,366864850.0,37.818422,-122.473538,10.3708,-0.61287,0.790184,60.0,19.0,10.0,0.12584,1625252017.0,366985270.0,37.816722,-122.480221,5.382079,-0.951886,0.306451,60.0,25.0,9.0,0.040633,1625252017.0,367145450.0,37.827118,-122.465972,7.045047,0.928413,-0.37155,60.0,16.0,9.0,0.123347,1625252017.0,368052630.0,37.829764,-122.470968,11.973237,-0.487829,-0.872939,60.0,42.0,10.0,0.094221,1625252017.0,368060190.0,37.795095,-122.516052,18.178712,-0.898558,-0.438854,50.0,21.0,6.0,0.087168,300.10277777777776,6.041111111111111,10.0
1625252018.0,338368567.0,37.825812,-122.442316,9.072767,0.125411,0.992105,37.0,13.0,4.0,0.094339,1625252018.0,366864850.0,37.81846,-122.473575,10.362582,-0.612219,0.790688,60.0,19.0,10.0,0.121837,1625252018.0,366985270.0,37.81673,-122.480251,5.362195,-0.949428,0.313984,60.0,25.0,9.0,0.039111,1625252018.0,367145450.0,37.827106,-122.465933,7.023301,0.928921,-0.370278,60.0,16.0,9.0,0.119364,1625252018.0,368052630.0,37.829715,-122.471002,11.991891,-0.488197,-0.872733,60.0,42.0,10.0,0.091321,1625252018.0,368060190.0,37.795058,-122.516147,18.181935,-0.899884,-0.43613,50.0,21.0,6.0,0.08448,300.10555555555555,6.042222222222223,10.0
1625252019.0,338368567.0,37.825853,-122.44231,9.080927,0.124989,0.992158,37.0,13.0,4.0,0.091332,1625252019.0,366864850.0,37.818498,-122.473612,10.35406,-0.611616,0.791155,60.0,19.0,10.0,0.117838,1625252019.0,366985270.0,37.816737,-122.480281,5.338912,-0.946864,0.321634,60.0,25.0,9.0,0.037595,1625252019.0,367145450.0,37.827094,-122.465895,7.002122,0.929434,-0.368988,60.0,16.0,9.0,0.115393,1625252019.0,368052630.0,37.829667,-122.471037,12.00953,-0.488632,-0.87249,60.0,42.0,10.0,0.088417,1625252019.0,368060190.0,37.795022,-122.516243,18.185332,-0.901218,-0.433366,50.0,21.0,6.0,0.08179,300.1083333333333,6.043333333333333,10.0
1625252020.0,338368567.0,37.825895,-122.442303,9.089051,0.124515,0.992218,37.0,13.0,4.0,0.088323,1625252020.0,366864850.0,37.818536,-122.47365,10.345233,-0.611062,0.791583,60.0,19.0,10.0,0.113843,1625252020.0,366985270.0,37.816745,-122.48031,5.312247,-0.944185,0.329416,60.0,25.0,9.0,0.036087,1625252020.0,367145450.0,37.827082,-122.465857,6.981512,0.929952,-0.367682,60.0,16.0,9.0,0.111433,1625252020.0,368052630.0,37.829618,-122.471071,12.026155,-0.489133,-0.872209,60.0,42.0,10.0,0.085509,1625252020.0,368060190.0,37.794985,-122.516339,18.188909,-0.902561,-0.430561,50.0,21.0,6.0,0.079098,300.1111111111111,6.044444444444444,10.0
1625252021.0,338368567.0,37.825937,-122.442296,9.097141,0.12399,0.992283,37.0,13.0,4.0,0.085311,1625252021.0,366864850.0,37.818573,-122.473687,10.336099,-0.610556,0.791973,60.0,19.0,10.0,0.109852,1625252021.0,366985270.0,37.816753,-122.48034,5.282216,-0.941381,0.337346,60.0,25.0,9.0,0.034588,1625252021.0,367145450.0,37.82707,-122.465819,6.96147,0.930474,-0.366358,60.0,16.0,9.0,0.107483,1625252021.0,368052630.0,37.82957,-122.471106,12.041768,-0.489701,-0.87189,60.0,42.0,10.0,0.082596,1625252021.0,368060190.0,37.794949,-122.516435,18.192672,-0.903913,-0.427716,50.0,21.0,6.0,0.076403,300.1138888888889,6.045555555555556,10.0
1625252022.0,338368567.0,37.825979,-122.44229,9.105198,0.123413,0.992355,37.0,13.0,4.0,0.082297,1625252022.0,366864850.0,37.818611,-122.473724,10.326657,-0.6101,0.792325,60.0,19.0,10.0,0.105865,1625252022.0,366985270.0,37.816762,-122.480369,5.248838,-0.93844,0.345441,60.0,25.0,9.0,0.033099,1625252022.0,367145450.0,37.827058,-122.465781,6.941997,0.931,-0.365018,60.0,16.0,9.0,0.103545,1625252022.0,368052630.0,37.829521,-122.47114,12.05637,-0.490335,-0.871534,60.0,42.0,10.0,0.079679,1625252022.0,368060190.0,37.794913,-122.516531,18.19663,-0.905273,-0.42483,50.0,21.0,6.0,0.073707,300.1166666666667,6.046666666666667,10.0
1625252023.0,338368567.0,37.82602,-122.442283,9.113222,0.122785,0.992433,37.0,13.0,4.0,0.07928,1625252023.0,366864850.0,37.818649,-122.47376,10.316907,-0.609692,0.792638,60.0,19.0,10.0,0.101882,1625252023.0,366985270.0,37.81677,-122.480398,5.212135,-0.935352,0.353718,60.0,25.0,9.0,0.031621,1625252023.0,367145450.0,37.827046,-122.465743,6.923093,0.931531,-0.363662,60.0,16.0,9.0,0.099616,1625252023.0,368052630.0,37.829473,-122.471175,12.069964,-0.491035,-0.87114,60.0,42.0,10.0,0.076757,1625252023.0,368060190.0,37.794877,-122.516628,18.200789,-0.906641,-0.421903,50.0,21.0,6.0,0.071009,300.11944444444447,6.047777777777778,10.0
1625252024.0,338368567.0,37.826062,-122.442277,9.121214,0.122105,0.992517,37.0,13.0,4.0,0.07626,1625252024.0,366864850.0,37.818687,-122.473797,10.306846,-0.609334,0.792914,60.0,19.0,10.0,0.097904,1625252024.0,366985270.0,37.816779,-122.480426,5.17213,-0.932102,0.362195,60.0,25.0,9.0,0.030154,1625252024.0,367145450.0,37.827035,-122.465705,6.904758,0.932066,-0.362289,60.0,16.0,9.0,0.095697,1625252024.0,368052630.0,37.829424,-122.471209,12.082551,-0.491801,-0.870708,60.0,42.0,10.0,0.073832,1625252024.0,368060190.0,37.794842,-122.516724,18.205156,-0.908016,-0.418935,50.0,21.0,6.0,0.068309,300.1222222222222,6.0488888888888885,10.0
1625252025.0,338368567.0,37.826104,-122.44227,9.129175,0.121375,0.992607,37.0,13.0,4.0,0.073238,1625252025.0,366864850.0,37.818725,-122.473834,10.296475,-0.609025,0.793151,60.0,19.0,10.0,0.09393,1625252025.0,366985270.0,37.816787,-122.480454,5.12885,-0.928676,0.370892,60.0,25.0,9.0,0.0287,1625252025.0,367145450.0,37.827023,-122.465668,6.886994,0.932605,-0.3609,60.0,16.0,9.0,0.091788,1625252025.0,368052630.0,37.829375,-122.471244,12.094134,-0.492633,-0.870237,60.0,42.0,10.0,0.070904,1625252025.0,368060190.0,37.794806,-122.516821,18.209739,-0.909398,-0.415927,50.0,21.0,6.0,0.065606,300.125,6.05,10.0
1625252026.0,338368567.0,37.826146,-122.442264,9.137107,0.120593,0.992702,37.0,13.0,4.0,0.070214,1625252026.0,366864850.0,37.818763,-122.473871,10.285792,-0.608766,0.79335,60.0,19.0,10.0,0.08996,1625252026.0,366985270.0,37.816796,-122.480482,5.082323,-0.925057,0.379828,60.0,25.0,9.0,0.02726,1625252026.0,367145450.0,37.827012,-122.46563,6.869801,0.933147,-0.359495,60.0,16.0,9.0,0.087889,1625252026.0,368052630.0,37.829327,-122.471279,12.104716,-0.49353,-0.869729,60.0,42.0,10.0,0.067972,1625252026.0,368060190.0,37.794771,-122.516918,18.214544,-0.910787,-0.412877,50.0,21.0,6.0,0.062902,300.1277777777778,6.051111111111111,10.0
1625252027.0,338368567.0,37.826188,-122.442257,9.14501,0.119761,0.992803,37.0,13.0,4.0,0.067187,1625252027.0,366864850.0,37.8188,-122.473907,10.274797,-0.608556,0.793511,60.0,19.0,10.0,0.085995,1625252027.0,366985270.0,37.816805,-122.48051,5.032583,-0.921227,0.389025,60.0,25.0,9.0,0.025835,1625252027.0,367145450.0,37.827,-122.465592,6.853178,0.933693,-0.358075,60.0,16.0,9.0,0.083998,1625252027.0,368052630.0,37.829278,-122.471314,12.1143,-0.494493,-0.869182,60.0,42.0,10.0,0.065036,1625252027.0,368060190.0,37.794736,-122.517015,18.219581,-0.912181,-0.409787,50.0,21.0,6.0,0.060195,300.1305555555556,6.052222222222222,10.0
1625252028.0,338368567.0,37.82623,-122.442251,9.152886,0.118878,0.992909,37.0,13.0,4.0,0.064158,1625252028.0,366864850.0,37.818838,-122.473944,10.263489,-0.608396,0.793633,60.0,19.0,10.0,0.082034,1625252028.0,366985270.0,37.816814,-122.480537,4.979666,-0.917166,0.398506,60.0,25.0,9.0,0.024425,1625252028.0,367145450.0,37.826989,-122.465555,6.837126,0.934242,-0.356639,60.0,16.0,9.0,0.080116,1625252028.0,368052630.0,37.829229,-122.471349,12.122888,-0.495522,-0.868596,60.0,42.0,10.0,0.062098,1625252028.0,368060190.0,37.794702,-122.517113,18.224855,-0.913581,-0.406656,50.0,21.0,6.0,0.057486,300.1333333333333,6.053333333333334,10.0
1625252029.0,338368567.0,37.826272,-122.442244,9.160735,0.117944,0.99302,37.0,13.0,4.0,0.061126,1625252029.0,366864850.0,37.818876,-122.473981,10.251868,-0.608286,0.793718,60.0,19.0,10.0,0.078077,1625252029.0,366985270.0,37.816823,-122.480564,4.923611,-0.91285,0.408294,60.0,25.0,9.0,0.023032,1625252029.0,367145450.0,37.826978,-122.465518,6.821646,0.934795,-0.355188,60.0,16.0,9.0,0.076242,1625252029.0,368052630.0,37.82918,-122.471384,12.130484,-0.496616,-0.867971,60.0,42.0,10.0,0.059156,1625252029.0,368060190.0,37.794668,-122.51721,18.230374,-0.914987,-0.403484,50.0,21.0,6.0,0.054775,300.1361111111111,6.054444444444444,10.0
1625252030.0,338368567.0,37.826314,-122.442238,9.16856,0.116959,0.993137,37.0,13.0,4.0,0.058092,1625252030.0,366864850.0,37.818913,-122.474017,10.239934,-0.608227,0.793763,60.0,19.0,10.0,0.074126,1625252030.0,366985270.0,37.816832,-122.48059,4.864462,-0.908255,0.418417,60.0,25.0,9.0,0.021656,1625252030.0,367145450.0,37.826966,-122.46548,6.806738,0.935351,-0.353721,60.0,16.0,9.0,0.072376,1625252030.0,368052630.0,37.829132,-122.47142,12.137092,-0.497775,-0.867306,60.0,42.0,10.0,0.056212,1625252030.0,368060190.0,37.794634,-122.517308,18.236147,-0.916397,-0.400271,50.0,21.0,6.0,0.052061,300.1388888888889,6.055555555555555,10.0
1625252031.0,338368567.0,37.826356,-122.442232,9.176361,0.115924,0.993258,37.0,13.0,4.0,0.055055,1625252031.0,366864850.0,37.818951,-122.474054,10.227686,-0.608218,0.79377,60.0,19.0,10.0,0.070179,1625252031.0,366985270.0,37.816842,-122.480616,4.802271,-0.903352,0.428901,60.0,25.0,9.0,0.020299,1625252031.0,367145450.0,37.826955,-122.465443,6.792402,0.93591,-0.35224,60.0,16.0,9.0,0.068517,1625252031.0,368052630.0,37.829083,-122.471455,12.142716,-0.499001,-0.866602,60.0,42.0,10.0,0.053266,1625252031.0,368060190.0,37.7946,-122.517406,18.242181,-0.917811,-0.397017,50.0,21.0,6.0,0.049345,300.14166666666665,6.056666666666667,10.0
1625252032.0,338368567.0,37.826398,-122.442226,9.184141,0.114839,0.993384,37.0,13.0,4.0,0.052016,1625252032.0,366864850.0,37.818989,-122.47409,10.215124,-0.608259,0.793738,60.0,19.0,10.0,0.066236,1625252032.0,366985270.0,37.816851,-122.480641,4.737091,-0.898108,0.439775,60.0,25.0,9.0,0.018962,1625252032.0,367145450.0,37.826944,-122.465406,6.778639,0.936471,-0.350745,60.0,16.0,9.0,0.064666,1625252032.0,368052630.0,37.829034,-122.471491,12.147358,-0.500291,-0.865857,60.0,42.0,10.0,0.050317,1625252032.0,368060190.0,37.794566,-122.517504,18.248484,-0.91923,-0.393722,50.0,21.0,6.0,0.046626,300.14444444444445,6.057777777777778,10.0
1625252033.0,338368567.0,37.826441,-122.442219,9.1919,0.113704,0.993515,37.0,13.0,4.0,0.048975,1625252033.0,366864850.0,37.819026,-122.474126,10.202249,-0.608352,0.793668,60.0,19.0,10.0,0.062299,1625252033.0,366985270.0,37.816861,-122.480666,4.668984,-0.892488,0.451071,60.0,25.0,9.0,0.017645,1625252033.0,367145450.0,37.826933,-122.465369,6.765449,0.937035,-0.349235,60.0,16.0,9.0,0.060822,1625252033.0,368052630.0,37.828986,-122.471526,12.151025,-0.501648,-0.865072,60.0,42.0,10.0,0.047366,1625252033.0,368060190.0,37.794533,-122.517602,18.255063,-0.920651,-0.390386,50.0,21.0,6.0,0.043906,300.14722222222224,6.058888888888889,10.0
1625252034.0,338368567.0,37.826483,-122.442213,9.19964,0.112518,0.99365,37.0,13.0,4.0,0.045931,1625252034.0,366864850.0,37.819064,-122.474163,10.189061,-0.608495,0.793558,60.0,19.0,10.0,0.058366,1625252034.0,366985270.0,37.816871,-122.480691,4.598019,-0.886451,0.462822,60.0,25.0,9.0,0.016348,1625252034.0,367145450.0,37.826922,-122.465331,6.752832,0.937602,-0.347712,60.0,16.0,9.0,0.056984,1625252034.0,368052630.0,37.828937,-122.471562,12.153719,-0.50307,-0.864246,60.0,42.0,10.0,0.044413,1625252034.0,368060190.0,37.7945,-122.5177,18.261927,-0.922076,-0.38701,50.0,21.0,6.0,0.041182,300.15,6.06,10.0
1625252035.0,338368567.0,37.826525,-122.442207,9.207363,0.111282,0.993789,37.0,13.0,4.0,0.042885,1625252035.0,366864850.0,37.819101,-122.474199,10.17556,-0.608689,0.793409,60.0,19.0,10.0,0.054439,1625252035.0,366985270.0,37.816881,-122.480715,4.524273,-0.879952,0.475063,60.0,25.0,9.0,0.015075,1625252035.0,367145450.0,37.826911,-122.465294,6.740789,0.93817,-0.346174,60.0,16.0,9.0,0.053153,1625252035.0,368052630.0,37.828888,-122.471598,12.155446,-0.504558,-0.863378,60.0,42.0,10.0,0.041458,1625252035.0,368060190.0,37.794467,-122.517799,18.269084,-0.923502,-0.383592,50.0,21.0,6.0,0.038456,300.15277777777777,6.061111111111111,10.0
1625252036.0,338368567.0,37.826567,-122.442201,9.215071,0.109996,0.993932,37.0,13.0,4.0,0.039837,1625252036.0,366864850.0,37.819138,-122.474235,10.161746,-0.608935,0.79322,60.0,19.0,10.0,0.050516,1625252036.0,366985270.0,37.816891,-122.480738,4.447832,-0.872937,0.487834,60.0,25.0,9.0,0.013824,1625252036.0,367145450.0,37.826901,-122.465257,6.729321,0.938741,-0.344624,60.0,16.0,9.0,0.049328,1625252036.0,368052630.0,37.82884,-122.471634,12.15621,-0.506112,-0.862468,60.0,42.0,10.0,0.038501,1625252036.0,368060190.0,37.794435,-122.517898,18.276542,-0.924931,-0.380134,50.0,21.0,6.0,0.035728,300.1555555555556,6.062222222222222,10.0
1625252037.0,338368567.0,37.82661,-122.442195,9.222765,0.108661,0.994079,37.0,13.0,4.0,0.036786,1625252037.0,366864850.0,37.819176,-122.474272,10.14762,-0.609232,0.792992,60.0,19.0,10.0,0.046598,1625252037.0,366985270.0,37.816901,-122.480761,4.368794,-0.865347,0.501173,60.0,25.0,9.0,0.012596,1625252037.0,367145450.0,37.82689,-122.46522,6.718426,0.939313,-0.34306,60.0,16.0,9.0,0.045509,1625252037.0,368052630.0,37.828791,-122.47167,12.156018,-0.507733,-0.861515,60.0,42.0,10.0,0.035543,1625252037.0,368060190.0,37.794403,-122.517997,18.284308,-0.926362,-0.376635,50.0,21.0,6.0,0.032996,300.15833333333336,6.0633333333333335,10.0
1625252038.0,338368567.0,37.826652,-122.442189,9.230448,0.107276,0.994229,37.0,13.0,4.0,0.033733,1625252038.0,366864850.0,37.819213,-122.474308,10.133184,-0.609581,0.792723,60.0,19.0,10.0,0.042686,1625252038.0,366985270.0,37.816911,-122.480783,4.287267,-0.857116,0.515124,60.0,25.0,9.0,0.011394,1625252038.0,367145450.0,37.826879,-122.465183,6.708107,0.939888,-0.341484,60.0,16.0,9.0,0.041695,1625252038.0,368052630.0,37.828743,-122.471706,12.154873,-0.509419,-0.860519,60.0,42.0,10.0,0.032584,1625252038.0,368060190.0,37.794371,-122.518096,18.292392,-0.927793,-0.373096,50.0,21.0,6.0,0.030263,300.1611111111111,6.064444444444445,10.0
1625252039.0,338368567.0,37.826695,-122.442184,9.238121,0.105841,0.994383,37.0,13.0,4.0,0.030678,1625252039.0,366864850.0,37.81925,-122.474344,10.118437,-0.609982,0.792415,60.0,19.0,10.0,0.038778,1625252039.0,366985270.0,37.816921,-122.480804,4.203375,-0.848166,0.529731,60.0,25.0,9.0,0.010217,1625252039.0,367145450.0,37.826869,-122.465146,6.698362,0.940463,-0.339895,60.0,16.0,9.0,0.037886,1625252039.0,368052630.0,37.828694,-122.471742,12.152782,-0.511172,-0.859478,60.0,42.0,10.0,0.029624,1625252039.0,368060190.0,37.794339,-122.518195,18.300801,-0.929224,-0.369516,50.0,21.0,6.0,0.027526,300.1638888888889,6.065555555555555,10.0
1625252040.0,338368567.0,37.826737,-122.442178,9.245787,0.104356,0.99454,37.0,13.0,4.0,0.02762,1625252040.0,366864850.0,37.819287,-122.47438,10.103381,-0.610436,0.792066,60.0,19.0,10.0,0.034876,1625252040.0,366985270.0,37.816931,-122.480825,4.117258,-0.838409,0.545041,60.0,25.0,9.0,0.009066,1625252040.0,367145450.0,37.826858,-122.465109,6.689193,0.94104,-0.338295,60.0,16.0,9.0,0.034081,1625252040.0,368052630.0,37.828646,-122.471778,12.149751,-0.512992,-0.858394,60.0,42.0,10.0,0.026663,1625252040.0,368060190.0,37.794308,-122.518295,18.309545,-0.930656,-0.365895,50.0,21.0,6.0,0.024787,300.1666666666667,6.066666666666666,10.0
1625252041.0,338368567.0,37.82678,-122.442172,9.253447,0.102822,0.9947,37.0,13.0,4.0,0.02456,1625252041.0,366864850.0,37.819324,-122.474416,10.088018,-0.610941,0.791676,60.0,19.0,10.0,0.030979,1625252041.0,366985270.0,37.816942,-122.480845,4.029073,-0.827746,0.561103,60.0,25.0,9.0,0.007942,1625252041.0,367145450.0,37.826848,-122.465073,6.6806,0.941618,-0.336682,60.0,16.0,9.0,0.030281,1625252041.0,368052630.0,37.828598,-122.471815,12.145786,-0.514878,-0.857263,60.0,42.0,10.0,0.023701,1625252041.0,368060190.0,37.794277,-122.518394,18.31863,-0.932087,-0.362234,50.0,21.0,6.0,0.022045,300.1694444444444,6.067777777777778,10.0
1625252042.0,338368567.0,37.826822,-122.442167,9.261104,0.101239,0.994862,37.0,13.0,4.0,0.021498,1625252042.0,366864850.0,37.819361,-122.474452,10.072347,-0.611499,0.791245,60.0,19.0,10.0,0.027087,1625252042.0,366985270.0,37.816952,-122.480865,3.939,-0.816061,0.577966,60.0,25.0,9.0,0.006846,1625252042.0,367145450.0,37.826837,-122.465036,6.672583,0.942197,-0.335059,60.0,16.0,9.0,0.026485,1625252042.0,368052630.0,37.82855,-122.471852,12.140894,-0.516832,-0.856087,60.0,42.0,10.0,0.020739,1625252042.0,368060190.0,37.794246,-122.518494,18.328066,-0.933517,-0.358533,50.0,21.0,6.0,0.0193,300.1722222222222,6.068888888888889,10.0
1625252043.0,338368567.0,37.826865,-122.442161,9.268759,0.099606,0.995027,37.0,13.0,4.0,0.018434,1625252043.0,366864850.0,37.819398,-122.474488,10.056371,-0.61211,0.790773,60.0,19.0,10.0,0.023201,1625252043.0,366985270.0,37.816963,-122.480884,3.847243,-0.803222,0.595679,60.0,25.0,9.0,0.005778,1625252043.0,367145450.0,37.826827,-122.464999,6.665142,0.942777,-0.333424,60.0,16.0,9.0,0.022693,1625252043.0,368052630.0,37.828502,-122.471888,12.13508,-0.518853,-0.854864,60.0,42.0,10.0,0.017776,1625252043.0,368060190.0,37.794216,-122.518595,18.337862,-0.934946,-0.354791,50.0,21.0,6.0,0.016552,300.175,6.07,10.0
1625252044.0,338368567.0,37.826908,-122.442156,9.276416,0.097924,0.995194,37.0,13.0,4.0,0.015367,1625252044.0,366864850.0,37.819435,-122.474524,10.040091,-0.612774,0.790258,60.0,19.0,10.0,0.01932,1625252044.0,366985270.0,37.816973,-122.480902,3.754037,-0.789079,0.614291,60.0,25.0,9.0,0.004739,1625252044.0,367145450.0,37.826817,-122.464962,6.658278,0.943357,-0.331779,60.0,16.0,9.0,0.018904,1625252044.0,368052630.0,37.828454,-122.471925,12.128352,-0.520941,-0.853593,60.0,42.0,10.0,0.014813,1625252044.0,368060190.0,37.794186,-122.518695,18.348025,-0.936372,-0.35101,50.0,21.0,6.0,0.013801,300.1777777777778,6.071111111111111,10.0
1625252045.0,338368567.0,37.82695,-122.442151,9.284077,0.096193,0.995363,37.0,13.0,4.0,0.012298,1625252045.0,366864850.0,37.819471,-122.474561,10.023509,-0.613491,0.789702,60.0,19.0,10.0,0.015445,1625252045.0,366985270.0,37.816984,-122.480919,3.659647,-0.773459,0.633846,60.0,25.0,9.0,0.00373,1625252045.0,367145450.0,37.826806,-122.464925,6.651991,0.943938,-0.330123,60.0,16.0,9.0,0.015119,1625252045.0,368052630.0,37.828406,-122.471962,12.120718,-0.523097,-0.852273,60.0,42.0,10.0,0.01185,1625252045.0,368060190.0,37.794156,-122.518796,18.358565,-0.937796,-0.347188,50.0,21.0,6.0,0.011047,300.18055555555554,6.072222222222222,10.0
1625252046.0,338368567.0,37.826993,-122.442145,9.291743,0.094413,0.995533,37.0,13.0,4.0,0.009227,1625252046.0,366864850.0,37.819508,-122.474597,10.006626,-0.614261,0.789103,60.0,19.0,10.0,0.011575,1625252046.0,366985270.0,37.816995,-122.480936,3.564381,-0.756164,0.654382,60.0,25.0,9.0,0.002751,1625252046.0,367145450.0,37.826796,-122.464889,6.646281,0.944519,-0.328458,60.0,16.0,9.0,0.011336,1625252046.0,368052630.0,37.828358,-122.471999,12.112184,-0.525322,-0.850904,60.0,42.0,10.0,0.008887,1625252046.0,368060190.0,37.794127,-122.518896,18.369491,-0.939216,-0.343326,50.0,21.0,6.0,0.00829,300.18333333333334,6.073333333333333,10.0
1625252047.0,338368567.0,37.827036,-122.44214,9.299418,0.092584,0.995705,37.0,13.0,4.0,0.006153,1625252047.0,366864850.0,37.819545,-122.474633,9.989445,-0.615085,0.788461,60.0,19.0,10.0,0.007711,1625252047.0,366985270.0,37.817005,-122.480952,3.468587,-0.736969,0.675927,60.0,25.0,9.0,0.001803,1625252047.0,367145450.0,37.826786,-122.464852,6.641149,0.945099,-0.326783,60.0,16.0,9.0,0.007555,1625252047.0,368052630.0,37.82831,-122.472037,12.102759,-0.527615,-0.849484,60.0,42.0,10.0,0.005924,1625252047.0,368060190.0,37.794097,-122.518997,18.38081,-0.940633,-0.339425,50.0,21.0,6.0,0.00553,300.1861111111112,6.0744444444444445,10.0
1625252048.0,338368567.0,37.827079,-122.442135,9.307105,0.090707,0.995878,37.0,13.0,4.0,0.003078,1625252048.0,366864850.0,37.819581,-122.474669,9.971968,-0.615963,0.787775,60.0,19.0,10.0,0.003853,1625252048.0,366985270.0,37.817016,-122.480967,3.37267,-0.715616,0.698494,60.0,25.0,9.0,0.000886,1625252048.0,367145450.0,37.826776,-122.464815,6.636594,0.94568,-0.3251,60.0,16.0,9.0,0.003777,1625252048.0,368052630.0,37.828263,-122.472074,12.092451,-0.529977,-0.848012,60.0,42.0,10.0,0.002962,1625252048.0,368060190.0,37.794069,-122.519099,18.392532,-0.942046,-0.335485,50.0,21.0,6.0,0.002766,300.18888888888887,6.075555555555556,10.0
1625252049.0,338368567.0,37.827122,-122.44213,9.307105,0.090707,0.995878,37.0,13.0,4.0,0.0,1625252049.0,366864850.0,37.819617,-122.474705,9.971968,-0.615963,0.787775,60.0,19.0,10.0,0.0,1625252049.0,366985270.0,37.817027,-122.480981,3.37267,-0.715616,0.698494,60.0,25.0,9.0,0.0,1625252049.0,367145450.0,37.826766,-122.464778,6.636594,0.94568,-0.3251,60.0,16.0,9.0,0.0,1625252049.0,368052630.0,37.828215,-122.472112,12.092451,-0.529977,-0.848012,60.0,42.0,10.0,0.0,1625252049.0,368060190.0,37.79404,-122.5192,18.392532,-0.942046,-0.335485,50.0,21.0,6.0,0.0,300.19166666666666,6.076666666666666,10.0
