Timestamp,MMSI,Latitude,Longitude,Speed,Course-sin,Course-cos,Length,Width,Vesseltype,Distance,Timestamp,MMSI,Latitude,Longitude,Speed,Course-sin,Course-cos,Length,Width,Vesseltype,Distance,Timestamp,MMSI,Latitude,Longitude,Speed,Course-sin,Course-cos,Length,Width,Vesseltype,Distance,Timestamp,MMSI,Latitude,Longitude,Speed,Course-sin,Course-cos,Length,Width,Vesseltype,Distance,Timestamp,MMSI,Latitude,Longitude,Speed,Course-sin,Course-cos,Length,Width,Vesseltype,Distance,Timestamp,MMSI,Latitude,Longitude,Speed,Course-sin,Course-cos,Length,Width,Vesseltype,Distance,WindDirection,WindSpeed,Visibility
1630671734.0,338090696.0,37.831741,-122.471197,4.496066,0.303626,0.952791,37.0,0.0,0.0,1.0,1630671734.0,338170012.0,37.799582,-122.507516,6.809128,-0.907236,-0.420622,37.0,11.0,0.0,1.0,1630671734.0,366864140.0,37.820585,-122.48958,4.205245,0.999911,-0.013337,60.0,17.0,4.0,1.0,1630671734.0,367389640.0,37.815088,-122.470978,12.179768,-0.946026,0.324091,60.0,21.0,7.0,1.0,1630671734.0,368052630.0,37.813853,-122.465015,11.826701,-0.977711,0.209955,60.0,42.0,10.0,1.0,1630671734.0,368186220.0,37.84317,-122.45097,8.158294,-0.849399,0.527751,37.0,0.0,0.0,1.0,289.74444444444447,6.0,9.0
1630671735.0,338090696.0,37.831761,-122.471189,4.517261,0.302011,0.953304,37.0,0.0,0.0,0.995461,1630671735.0,338170012.0,37.799569,-122.507553,6.81082,-0.907536,-0.419975,37.0,11.0,0.0,0.995479,1630671735.0,366864140.0,37.820585,-122.489555,4.27834,0.999927,-0.012104,60.0,17.0,4.0,0.997369,1630671735.0,367389640.0,37.815106,-122.471045,12.185309,-0.944889,0.327391,60.0,21.0,7.0,0.994246,1630671735.0,368052630.0,37.813865,-122.465083,11.81799,-0.977137,0.212612,60.0,42.0,10.0,0.994971,1630671735.0,368186220.0,37.84319,-122.451011,8.156547,-0.848415,0.529331,37.0,0.0,0.0,0.994845,289.75,6.0,9.0
1630671736.0,338090696.0,37.831781,-122.471181,4.53823,0.300426,0.953805,37.0,0.0,0.0,0.990901,1630671736.0,338170012.0,37.799556,-122.507589,6.812531,-0.907823,-0.419355,37.0,11.0,0.0,0.990957,1630671736.0,366864140.0,37.820585,-122.48953,4.350623,0.99994,-0.010924,60.0,17.0,4.0,0.994692,1630671736.0,367389640.0,37.815125,-122.471112,12.190471,-0.943799,0.330519,60.0,21.0,7.0,0.98849,1630671736.0,368052630.0,37.813876,-122.465151,11.809042,-0.976549,0.215297,60.0,42.0,10.0,0.989947,1630671736.0,368186220.0,37.84321,-122.451051,8.15466,-0.847439,0.530892,37.0,0.0,0.0,0.989693,289.7555555555556,6.0,9.0
1630671737.0,338090696.0,37.831801,-122.471173,4.558972,0.29887,0.954294,37.0,0.0,0.0,0.986321,1630671737.0,338170012.0,37.799543,-122.507625,6.814261,-0.908097,-0.418761,37.0,11.0,0.0,0.986433,1630671737.0,366864140.0,37.820585,-122.489504,4.422092,0.999952,-0.009796,60.0,17.0,4.0,0.99197,1630671737.0,367389640.0,37.815143,-122.47118,12.195231,-0.942758,0.333478,60.0,21.0,7.0,0.982733,1630671737.0,368052630.0,37.813888,-122.465218,11.799859,-0.975946,0.21801,60.0,42.0,10.0,0.984928,1630671737.0,368186220.0,37.84323,-122.451092,8.152631,-0.846471,0.532435,37.0,0.0,0.0,0.984543,289.7611111111111,6.0,9.0
1630671738.0,338090696.0,37.831821,-122.471165,4.579488,0.297342,0.954771,37.0,0.0,0.0,0.98172,1630671738.0,338170012.0,37.79953,-122.507661,6.816009,-0.908358,-0.418193,37.0,11.0,0.0,0.981907,1630671738.0,366864140.0,37.820584,-122.489479,4.492748,0.999962,-0.008714,60.0,17.0,4.0,0.989204,1630671738.0,367389640.0,37.815162,-122.471247,12.199571,-0.941766,0.336269,60.0,21.0,7.0,0.976974,1630671738.0,368052630.0,37.8139,-122.465286,11.790443,-0.97533,0.220752,60.0,42.0,10.0,0.979914,1630671738.0,368186220.0,37.84325,-122.451132,8.150461,-0.84551,0.533959,37.0,0.0,0.0,0.979396,289.76666666666665,6.0,9.0
1630671739.0,338090696.0,37.831842,-122.471157,4.599777,0.295842,0.955237,37.0,0.0,0.0,0.9771,1630671739.0,338170012.0,37.799516,-122.507697,6.817776,-0.908607,-0.417653,37.0,11.0,0.0,0.97738,1630671739.0,366864140.0,37.820584,-122.489452,4.562589,0.999971,-0.007678,60.0,17.0,4.0,0.986393,1630671739.0,367389640.0,37.815181,-122.471314,12.203471,-0.940825,0.338893,60.0,21.0,7.0,0.971213,1630671739.0,368052630.0,37.813912,-122.465353,11.780798,-0.974699,0.223521,60.0,42.0,10.0,0.974905,1630671739.0,368186220.0,37.84327,-122.451172,8.148148,-0.844558,0.535465,37.0,0.0,0.0,0.974252,289.77222222222224,6.0,9.0
1630671740.0,338090696.0,37.831862,-122.471149,4.619837,0.29437,0.955692,37.0,0.0,0.0,0.972459,1630671740.0,338170012.0,37.799503,-122.507734,6.81956,-0.908843,-0.417139,37.0,11.0,0.0,0.972852,1630671740.0,366864140.0,37.820584,-122.489426,4.631615,0.999978,-0.006684,60.0,17.0,4.0,0.983538,1630671740.0,367389640.0,37.8152,-122.471382,12.206914,-0.939936,0.34135,60.0,21.0,7.0,0.965452,1630671740.0,368052630.0,37.813924,-122.46542,11.770926,-0.974053,0.226319,60.0,42.0,10.0,0.969902,1630671740.0,368186220.0,37.84329,-122.451213,8.145692,-0.843613,0.536952,37.0,0.0,0.0,0.969111,289.77777777777777,6.0,9.0
1630671741.0,338090696.0,37.831882,-122.471141,4.63967,0.292925,0.956136,37.0,0.0,0.0,0.967799,1630671741.0,338170012.0,37.79949,-122.50777,6.821362,-0.909066,-0.416652,37.0,11.0,0.0,0.968322,1630671741.0,366864140.0,37.820584,-122.489398,4.699826,0.999984,-0.00573,60.0,17.0,4.0,0.980641,1630671741.0,367389640.0,37.81522,-122.471449,12.209882,-0.939101,0.343641,60.0,21.0,7.0,0.95969,1630671741.0,368052630.0,37.813936,-122.465487,11.76083,-0.973392,0.229146,60.0,42.0,10.0,0.964904,1630671741.0,368186220.0,37.843311,-122.451253,8.143091,-0.842676,0.53842,37.0,0.0,0.0,0.963973,289.78333333333336,6.0,9.0
1630671742.0,338090696.0,37.831903,-122.471133,4.659273,0.291505,0.956569,37.0,0.0,0.0,0.96312,1630671742.0,338170012.0,37.799477,-122.507806,6.82318,-0.909277,-0.416191,37.0,11.0,0.0,0.96379,1630671742.0,366864140.0,37.820584,-122.489371,4.767222,0.999988,-0.004814,60.0,17.0,4.0,0.9777,1630671742.0,367389640.0,37.815239,-122.471516,12.212362,-0.93832,0.345768,60.0,21.0,7.0,0.953927,1630671742.0,368052630.0,37.813949,-122.465554,11.750513,-0.972716,0.232001,60.0,42.0,10.0,0.959911,1630671742.0,368186220.0,37.843331,-122.451293,8.140345,-0.841748,0.539871,37.0,0.0,0.0,0.958839,289.7888888888889,6.0,9.0
1630671743.0,338090696.0,37.831923,-122.471125,4.678647,0.290112,0.956993,37.0,0.0,0.0,0.958422,1630671743.0,338170012.0,37.799464,-122.507843,6.825016,-0.909476,-0.415757,37.0,11.0,0.0,0.959258,1630671743.0,366864140.0,37.820584,-122.489343,4.833802,0.999992,-0.003933,60.0,17.0,4.0,0.974718,1630671743.0,367389640.0,37.815259,-122.471583,12.214337,-0.937594,0.347731,60.0,21.0,7.0,0.948165,1630671743.0,368052630.0,37.813961,-122.465621,11.739979,-0.972023,0.234886,60.0,42.0,10.0,0.954924,1630671743.0,368186220.0,37.843351,-122.451333,8.137452,-0.840827,0.541304,37.0,0.0,0.0,0.953707,289.7944444444444,6.0,9.0
1630671744.0,338090696.0,37.831944,-122.471117,4.697792,0.288744,0.957406,37.0,0.0,0.0,0.953705,1630671744.0,338170012.0,37.799451,-122.507879,6.826868,-0.909662,-0.41535,37.0,11.0,0.0,0.954723,1630671744.0,366864140.0,37.820584,-122.489315,4.899566,0.999995,-0.003086,60.0,17.0,4.0,0.971694,1630671744.0,367389640.0,37.815278,-122.47165,12.215796,-0.936925,0.34953,60.0,21.0,7.0,0.942401,1630671744.0,368052630.0,37.813974,-122.465688,11.729229,-0.971314,0.237799,60.0,42.0,10.0,0.949944,1630671744.0,368186220.0,37.843372,-122.451373,8.134413,-0.839915,0.542718,37.0,0.0,0.0,0.948579,289.8,6.0,9.0
1630671745.0,338090696.0,37.831965,-122.471109,4.716706,0.287401,0.95781,37.0,0.0,0.0,0.948969,1630671745.0,338170012.0,37.799437,-122.507915,6.828736,-0.909835,-0.41497,37.0,11.0,0.0,0.950188,1630671745.0,366864140.0,37.820583,-122.489286,4.964514,0.999997,-0.002272,60.0,17.0,4.0,0.968629,1630671745.0,367389640.0,37.815298,-122.471717,12.216725,-0.936313,0.351167,60.0,21.0,7.0,0.936639,1630671745.0,368052630.0,37.813987,-122.465755,11.718268,-0.970589,0.240742,60.0,42.0,10.0,0.944969,1630671745.0,368186220.0,37.843392,-122.451413,8.131226,-0.839011,0.544115,37.0,0.0,0.0,0.943454,289.80555555555554,6.0,9.0
1630671746.0,338090696.0,37.831986,-122.471101,4.73539,0.286082,0.958205,37.0,0.0,0.0,0.944215,1630671746.0,338170012.0,37.799424,-122.507952,6.83062,-0.909997,-0.414616,37.0,11.0,0.0,0.945651,1630671746.0,366864140.0,37.820583,-122.489257,5.028645,0.999999,-0.001487,60.0,17.0,4.0,0.965523,1630671746.0,367389640.0,37.815318,-122.471784,12.217114,-0.935758,0.352642,60.0,21.0,7.0,0.930876,1630671746.0,368052630.0,37.814,-122.465821,11.707099,-0.969847,0.243714,60.0,42.0,10.0,0.940001,1630671746.0,368186220.0,37.843412,-122.451453,8.12789,-0.838115,0.545494,37.0,0.0,0.0,0.938332,289.8111111111112,6.0,9.0
1630671747.0,338090696.0,37.832007,-122.471093,4.753843,0.284787,0.958591,37.0,0.0,0.0,0.939442,1630671747.0,338170012.0,37.799411,-122.507988,6.83252,-0.910146,-0.414289,37.0,11.0,0.0,0.941112,1630671747.0,366864140.0,37.820583,-122.489227,5.09196,1.0,-0.000732,60.0,17.0,4.0,0.962377,1630671747.0,367389640.0,37.815338,-122.471851,12.216954,-0.935262,0.353955,60.0,21.0,7.0,0.925114,1630671747.0,368052630.0,37.814013,-122.465888,11.695724,-0.969088,0.246716,60.0,42.0,10.0,0.935039,1630671747.0,368186220.0,37.843433,-122.451493,8.124404,-0.837227,0.546855,37.0,0.0,0.0,0.933214,289.81666666666666,6.0,9.0
1630671748.0,338090696.0,37.832028,-122.471085,4.772065,0.283516,0.958968,37.0,0.0,0.0,0.934652,1630671748.0,338170012.0,37.799398,-122.508025,6.834435,-0.910282,-0.413988,37.0,11.0,0.0,0.936572,1630671748.0,366864140.0,37.820583,-122.489198,5.154457,1.0,-4e-06,60.0,17.0,4.0,0.959192,1630671748.0,367389640.0,37.815358,-122.471918,12.216234,-0.934825,0.355108,60.0,21.0,7.0,0.919353,1630671748.0,368052630.0,37.814027,-122.465954,11.684148,-0.968311,0.249748,60.0,42.0,10.0,0.930083,1630671748.0,368186220.0,37.843454,-122.451533,8.120768,-0.836348,0.548199,37.0,0.0,0.0,0.9281,289.8222222222222,6.0,9.0
1630671749.0,338090696.0,37.832049,-122.471077,4.790055,0.282267,0.959336,37.0,0.0,0.0,0.929844,1630671749.0,338170012.0,37.799385,-122.508061,6.836366,-0.910407,-0.413714,37.0,11.0,0.0,0.932031,1630671749.0,366864140.0,37.820583,-122.489167,5.216138,1.0,0.000698,60.0,17.0,4.0,0.955967,1630671749.0,367389640.0,37.815378,-122.471985,12.214948,-0.934448,0.356099,60.0,21.0,7.0,0.913593,1630671749.0,368052630.0,37.81404,-122.466021,11.672372,-0.967516,0.25281,60.0,42.0,10.0,0.925135,1630671749.0,368186220.0,37.843474,-122.451573,8.116982,-0.835477,0.549525,37.0,0.0,0.0,0.92299,289.8277777777778,6.0,9.0
1630671750.0,338090696.0,37.83207,-122.471069,4.807813,0.281042,0.959696,37.0,0.0,0.0,0.925018,1630671750.0,338170012.0,37.799372,-122.508097,6.838311,-0.910519,-0.413467,37.0,11.0,0.0,0.927488,1630671750.0,366864140.0,37.820583,-122.489137,5.277001,0.999999,0.001376,60.0,17.0,4.0,0.952704,1630671750.0,367389640.0,37.815398,-122.472052,12.213088,-0.934131,0.35693,60.0,21.0,7.0,0.907834,1630671750.0,368052630.0,37.814054,-122.466087,11.660402,-0.966703,0.255902,60.0,42.0,10.0,0.920193,1630671750.0,368186220.0,37.843495,-122.451613,8.113043,-0.834615,0.550834,37.0,0.0,0.0,0.917883,289.8333333333333,6.0,9.0
1630671751.0,338090696.0,37.832092,-122.471061,4.825339,0.279838,0.960047,37.0,0.0,0.0,0.920176,1630671751.0,338170012.0,37.799359,-122.508134,6.840272,-0.910619,-0.413246,37.0,11.0,0.0,0.922944,1630671751.0,366864140.0,37.820583,-122.489106,5.337047,0.999998,0.002029,60.0,17.0,4.0,0.949403,1630671751.0,367389640.0,37.815418,-122.472119,12.21065,-0.933875,0.357601,60.0,21.0,7.0,0.902078,1630671751.0,368052630.0,37.814068,-122.466153,11.648239,-0.965871,0.259025,60.0,42.0,10.0,0.915258,1630671751.0,368186220.0,37.843515,-122.451652,8.108952,-0.833761,0.552126,37.0,0.0,0.0,0.91278,289.8388888888889,6.0,9.0
1630671752.0,338090696.0,37.832113,-122.471053,4.842631,0.278656,0.960391,37.0,0.0,0.0,0.915316,1630671752.0,338170012.0,37.799346,-122.50817,6.842248,-0.910707,-0.413052,37.0,11.0,0.0,0.918398,1630671752.0,366864140.0,37.820583,-122.489075,5.396275,0.999996,0.00266,60.0,17.0,4.0,0.946064,1630671752.0,367389640.0,37.815438,-122.472185,12.207628,-0.933679,0.358111,60.0,21.0,7.0,0.896323,1630671752.0,368052630.0,37.814082,-122.466219,11.635888,-0.965019,0.262178,60.0,42.0,10.0,0.910331,1630671752.0,368186220.0,37.843536,-122.451692,8.104708,-0.832915,0.553401,37.0,0.0,0.0,0.907681,289.84444444444443,6.0,9.0
1630671753.0,338090696.0,37.832135,-122.471046,4.859691,0.277496,0.960727,37.0,0.0,0.0,0.910439,1630671753.0,338170012.0,37.799333,-122.508207,6.844238,-0.910783,-0.412885,37.0,11.0,0.0,0.913851,1630671753.0,366864140.0,37.820584,-122.489043,5.454685,0.999995,0.003269,60.0,17.0,4.0,0.942689,1630671753.0,367389640.0,37.815459,-122.472252,12.20402,-0.933544,0.358462,60.0,21.0,7.0,0.89057,1630671753.0,368052630.0,37.814096,-122.466284,11.623353,-0.964149,0.265362,60.0,42.0,10.0,0.90541,1630671753.0,368186220.0,37.843557,-122.451732,8.100309,-0.832078,0.554659,37.0,0.0,0.0,0.902587,289.85,6.0,9.0
1630671754.0,338090696.0,37.832156,-122.471038,4.876518,0.276357,0.961055,37.0,0.0,0.0,0.905546,1630671754.0,338170012.0,37.79932,-122.508243,6.846243,-0.910847,-0.412744,37.0,11.0,0.0,0.909303,1630671754.0,366864140.0,37.820584,-122.489011,5.512277,0.999993,0.003858,60.0,17.0,4.0,0.939277,1630671754.0,367389640.0,37.815479,-122.472319,12.199822,-0.933471,0.358652,60.0,21.0,7.0,0.884819,1630671754.0,368052630.0,37.81411,-122.46635,11.610775,-0.963264,0.268555,60.0,42.0,10.0,0.900497,1630671754.0,368186220.0,37.843578,-122.451771,8.095756,-0.83125,0.555899,37.0,0.0,0.0,0.897496,289.85555555555555,6.0,9.0
1630671755.0,338090696.0,37.832178,-122.47103,4.89311,0.275238,0.961376,37.0,0.0,0.0,0.900637,1630671755.0,338170012.0,37.799307,-122.50828,6.848262,-0.910899,-0.412629,37.0,11.0,0.0,0.904753,1630671755.0,366864140.0,37.820584,-122.488979,5.569051,0.99999,0.004427,60.0,17.0,4.0,0.935828,1630671755.0,367389640.0,37.815499,-122.472386,12.195034,-0.93346,0.358682,60.0,21.0,7.0,0.879071,1630671755.0,368052630.0,37.814124,-122.466415,11.598707,-0.962391,0.271669,60.0,42.0,10.0,0.895592,1630671755.0,368186220.0,37.843598,-122.45181,8.091047,-0.83043,0.557123,37.0,0.0,0.0,0.89241,289.8611111111111,6.0,9.0
1630671756.0,338090696.0,37.8322,-122.471022,4.909469,0.27414,0.96169,37.0,0.0,0.0,0.895711,1630671756.0,338170012.0,37.799294,-122.508316,6.850296,-0.910939,-0.412542,37.0,11.0,0.0,0.900202,1630671756.0,366864140.0,37.820584,-122.488946,5.625007,0.999988,0.004977,60.0,17.0,4.0,0.932345,1630671756.0,367389640.0,37.815519,-122.472452,12.189655,-0.93351,0.358552,60.0,21.0,7.0,0.873326,1630671756.0,368052630.0,37.814139,-122.466481,11.587278,-0.961535,0.274682,60.0,42.0,10.0,0.890694,1630671756.0,368186220.0,37.843619,-122.45185,8.086182,-0.829619,0.55833,37.0,0.0,0.0,0.887328,289.8666666666667,6.0,9.0
1630671757.0,338090696.0,37.832222,-122.471014,4.925594,0.273062,0.961997,37.0,0.0,0.0,0.89077,1630671757.0,338170012.0,37.79928,-122.508353,6.852344,-0.910966,-0.41248,37.0,11.0,0.0,0.89565,1630671757.0,366864140.0,37.820584,-122.488913,5.680144,0.999985,0.005508,60.0,17.0,4.0,0.928826,1630671757.0,367389640.0,37.815539,-122.472519,12.183686,-0.933621,0.358261,60.0,21.0,7.0,0.867585,1630671757.0,368052630.0,37.814154,-122.466546,11.576475,-0.960699,0.277593,60.0,42.0,10.0,0.885804,1630671757.0,368186220.0,37.84364,-122.451889,8.081161,-0.828816,0.559521,37.0,0.0,0.0,0.88225,289.8722222222222,6.0,9.0
1630671758.0,338090696.0,37.832243,-122.471006,4.941484,0.272003,0.962296,37.0,0.0,0.0,0.885813,1630671758.0,338170012.0,37.799267,-122.508389,6.854407,-0.910982,-0.412446,37.0,11.0,0.0,0.891096,1630671758.0,366864140.0,37.820584,-122.48888,5.734463,0.999982,0.006023,60.0,17.0,4.0,0.925273,1630671758.0,367389640.0,37.81556,-122.472585,12.17713,-0.933795,0.357809,60.0,21.0,7.0,0.861847,1630671758.0,368052630.0,37.814169,-122.466611,11.566288,-0.959882,0.280403,60.0,42.0,10.0,0.88092,1630671758.0,368186220.0,37.843661,-122.451928,8.075981,-0.828022,0.560695,37.0,0.0,0.0,0.877177,289.8777777777778,6.0,9.0
1630671759.0,338090696.0,37.832265,-122.470998,4.957139,0.270964,0.96259,37.0,0.0,0.0,0.88084,1630671759.0,338170012.0,37.799254,-122.508426,6.856483,-0.910986,-0.412438,37.0,11.0,0.0,0.886541,1630671759.0,366864140.0,37.820584,-122.488846,5.787964,0.999979,0.006521,60.0,17.0,4.0,0.921686,1630671759.0,367389640.0,37.81558,-122.472652,12.169988,-0.934029,0.357196,60.0,21.0,7.0,0.856112,1630671759.0,368052630.0,37.814184,-122.466676,11.556705,-0.959088,0.283109,60.0,42.0,10.0,0.876042,1630671759.0,368186220.0,37.843682,-122.451968,8.070644,-0.827237,0.561852,37.0,0.0,0.0,0.872109,289.8833333333333,6.0,9.0
1630671760.0,338090696.0,37.832288,-122.47099,4.972558,0.269944,0.962876,37.0,0.0,0.0,0.875853,1630671760.0,338170012.0,37.799241,-122.508463,6.858574,-0.910978,-0.412456,37.0,11.0,0.0,0.881985,1630671760.0,366864140.0,37.820584,-122.488813,5.840646,0.999975,0.007003,60.0,17.0,4.0,0.918066,1630671760.0,367389640.0,37.8156,-122.472719,12.162267,-0.934326,0.356421,60.0,21.0,7.0,0.850382,1630671760.0,368052630.0,37.814199,-122.466741,11.547717,-0.958315,0.285713,60.0,42.0,10.0,0.871171,1630671760.0,368186220.0,37.843703,-122.452007,8.065148,-0.826461,0.562994,37.0,0.0,0.0,0.867045,289.8888888888889,6.0,9.0
1630671761.0,338090696.0,37.83231,-122.470982,4.987743,0.268942,0.963156,37.0,0.0,0.0,0.87085,1630671761.0,338170012.0,37.799228,-122.508499,6.86068,-0.910957,-0.4125,37.0,11.0,0.0,0.877427,1630671761.0,366864140.0,37.820585,-122.488778,5.892508,0.999972,0.007469,60.0,17.0,4.0,0.914413,1630671761.0,367389640.0,37.81562,-122.472785,12.153969,-0.934683,0.355483,60.0,21.0,7.0,0.844656,1630671761.0,368052630.0,37.814214,-122.466806,11.539312,-0.957566,0.288214,60.0,42.0,10.0,0.866306,1630671761.0,368186220.0,37.843724,-122.452046,8.059492,-0.825694,0.564118,37.0,0.0,0.0,0.861986,289.89444444444445,6.0,9.0
1630671762.0,338090696.0,37.832332,-122.470975,5.002692,0.267959,0.96343,37.0,0.0,0.0,0.865833,1630671762.0,338170012.0,37.799215,-122.508536,6.862799,-0.910925,-0.412571,37.0,11.0,0.0,0.872868,1630671762.0,366864140.0,37.820585,-122.488744,5.943553,0.999969,0.007921,60.0,17.0,4.0,0.910727,1630671762.0,367389640.0,37.81564,-122.472852,12.145103,-0.935101,0.354382,60.0,21.0,7.0,0.838934,1630671762.0,368052630.0,37.814229,-122.466871,11.531482,-0.956841,0.29061,60.0,42.0,10.0,0.861446,1630671762.0,368186220.0,37.843745,-122.452085,8.053676,-0.824936,0.565227,37.0,0.0,0.0,0.856932,289.9,6.0,9.0
1630671763.0,338090696.0,37.832354,-122.470967,5.017405,0.266994,0.963698,37.0,0.0,0.0,0.860801,1630671763.0,338170012.0,37.799202,-122.508572,6.864934,-0.910881,-0.412669,37.0,11.0,0.0,0.868307,1630671763.0,366864140.0,37.820585,-122.488709,5.993778,0.999965,0.008359,60.0,17.0,4.0,0.90701,1630671763.0,367389640.0,37.81566,-122.472918,12.135675,-0.935579,0.353118,60.0,21.0,7.0,0.833218,1630671763.0,368052630.0,37.814245,-122.466935,11.524217,-0.956142,0.292903,60.0,42.0,10.0,0.856592,1630671763.0,368186220.0,37.843766,-122.452124,8.047699,-0.824186,0.566319,37.0,0.0,0.0,0.851883,289.9055555555556,6.0,9.0
1630671764.0,338090696.0,37.832377,-122.470959,5.031882,0.266047,0.96396,37.0,0.0,0.0,0.855755,1630671764.0,338170012.0,37.799189,-122.508609,6.867082,-0.910825,-0.412793,37.0,11.0,0.0,0.863746,1630671764.0,366864140.0,37.820585,-122.488674,6.043184,0.999961,0.008783,60.0,17.0,4.0,0.903261,1630671764.0,367389640.0,37.81568,-122.472985,12.125694,-0.936117,0.351689,60.0,21.0,7.0,0.827507,1630671764.0,368052630.0,37.814261,-122.467,11.517507,-0.955469,0.295091,60.0,42.0,10.0,0.851743,1630671764.0,368186220.0,37.843787,-122.452162,8.04156,-0.823446,0.567395,37.0,0.0,0.0,0.846839,289.9111111111111,6.0,9.0
1630671765.0,338090696.0,37.832399,-122.470951,5.046122,0.265117,0.964216,37.0,0.0,0.0,0.850695,1630671765.0,338170012.0,37.799176,-122.508646,6.869245,-0.910757,-0.412943,37.0,11.0,0.0,0.859183,1630671765.0,366864140.0,37.820586,-122.488639,6.091771,0.999958,0.009194,60.0,17.0,4.0,0.899481,1630671765.0,367389640.0,37.815699,-122.473051,12.11517,-0.936715,0.350094,60.0,21.0,7.0,0.821801,1630671765.0,368052630.0,37.814276,-122.467064,11.511345,-0.954823,0.297175,60.0,42.0,10.0,0.846898,1630671765.0,368186220.0,37.843808,-122.452201,8.03526,-0.822714,0.568455,37.0,0.0,0.0,0.841801,289.9166666666667,6.0,9.0
1630671766.0,338090696.0,37.832422,-122.470943,5.060126,0.264205,0.964466,37.0,0.0,0.0,0.845622,1630671766.0,338170012.0,37.799163,-122.508682,6.871423,-0.910677,-0.413119,37.0,11.0,0.0,0.854618,1630671766.0,366864140.0,37.820586,-122.488603,6.139539,0.999954,0.009592,60.0,17.0,4.0,0.895671,1630671766.0,367389640.0,37.815719,-122.473118,12.104113,-0.937371,0.348333,60.0,21.0,7.0,0.816101,1630671766.0,368052630.0,37.814292,-122.467129,11.505722,-0.954205,0.299154,60.0,42.0,10.0,0.842059,1630671766.0,368186220.0,37.84383,-122.45224,8.028797,-0.821992,0.5695,37.0,0.0,0.0,0.836767,289.9222222222222,6.0,9.0
1630671767.0,338090696.0,37.832444,-122.470935,5.073893,0.26331,0.964711,37.0,0.0,0.0,0.840535,1630671767.0,338170012.0,37.799149,-122.508719,6.873615,-0.910585,-0.413322,37.0,11.0,0.0,0.850053,1630671767.0,366864140.0,37.820586,-122.488567,6.186487,0.99995,0.009978,60.0,17.0,4.0,0.891831,1630671767.0,367389640.0,37.815739,-122.473184,12.092536,-0.938086,0.346404,60.0,21.0,7.0,0.810407,1630671767.0,368052630.0,37.814308,-122.467193,11.50063,-0.953615,0.301027,60.0,42.0,10.0,0.837223,1630671767.0,368186220.0,37.843851,-122.452279,8.022171,-0.821278,0.570528,37.0,0.0,0.0,0.831739,289.9277777777778,6.0,9.0
1630671768.0,338090696.0,37.832467,-122.470928,5.087423,0.262432,0.964951,37.0,0.0,0.0,0.835434,1630671768.0,338170012.0,37.799136,-122.508755,6.875823,-0.910481,-0.413551,37.0,11.0,0.0,0.845486,1630671768.0,366864140.0,37.820586,-122.488531,6.232617,0.999946,0.010352,60.0,17.0,4.0,0.887962,1630671768.0,367389640.0,37.815758,-122.473251,12.080451,-0.938857,0.344306,60.0,21.0,7.0,0.80472,1630671768.0,368052630.0,37.814324,-122.467257,11.496062,-0.953055,0.302796,60.0,42.0,10.0,0.832392,1630671768.0,368186220.0,37.843872,-122.452317,8.015381,-0.820574,0.57154,37.0,0.0,0.0,0.826716,289.93333333333334,6.0,9.0
1630671769.0,338090696.0,37.832489,-122.47092,5.100716,0.26157,0.965185,37.0,0.0,0.0,0.83032,1630671769.0,338170012.0,37.799123,-122.508792,6.878045,-0.910365,-0.413806,37.0,11.0,0.0,0.840918,1630671769.0,366864140.0,37.820587,-122.488494,6.277927,0.999943,0.010714,60.0,17.0,4.0,0.884064,1630671769.0,367389640.0,37.815777,-122.473317,12.067873,-0.939686,0.342039,60.0,21.0,7.0,0.79904,1630671769.0,368052630.0,37.81434,-122.467321,11.49201,-0.952526,0.304459,60.0,42.0,10.0,0.827564,1630671769.0,368186220.0,37.843893,-122.452356,8.008427,-0.819879,0.572537,37.0,0.0,0.0,0.821699,289.93888888888887,6.0,9.0
1630671770.0,338090696.0,37.832512,-122.470912,5.113771,0.260724,0.965413,37.0,0.0,0.0,0.825194,1630671770.0,338170012.0,37.79911,-122.508829,6.880282,-0.910237,-0.414087,37.0,11.0,0.0,0.836348,1630671770.0,366864140.0,37.820587,-122.488457,6.322417,0.999939,0.011066,60.0,17.0,4.0,0.880138,1630671770.0,367389640.0,37.815796,-122.473383,12.054817,-0.94057,0.339601,60.0,21.0,7.0,0.793366,1630671770.0,368052630.0,37.814356,-122.467385,11.488469,-0.952026,0.306016,60.0,42.0,10.0,0.822739,1630671770.0,368186220.0,37.843914,-122.452394,8.001308,-0.819193,0.573518,37.0,0.0,0.0,0.816687,289.94444444444446,6.0,9.0
1630671771.0,338090696.0,37.832535,-122.470904,5.126589,0.259895,0.965637,37.0,0.0,0.0,0.820055,1630671771.0,338170012.0,37.799097,-122.508865,6.882535,-0.910098,-0.414394,37.0,11.0,0.0,0.831777,1630671771.0,366864140.0,37.820587,-122.48842,6.366088,0.999935,0.011407,60.0,17.0,4.0,0.876183,1630671771.0,367389640.0,37.815815,-122.47345,12.041301,-0.941508,0.33699,60.0,21.0,7.0,0.7877,1630671771.0,368052630.0,37.814373,-122.46745,11.485431,-0.951559,0.307467,60.0,42.0,10.0,0.817918,1630671771.0,368186220.0,37.843935,-122.452433,7.994023,-0.818516,0.574483,37.0,0.0,0.0,0.811681,289.95,6.0,9.0
1630671772.0,338090696.0,37.832558,-122.470896,5.139169,0.259081,0.965855,37.0,0.0,0.0,0.814903,1630671772.0,338170012.0,37.799084,-122.508902,6.884804,-0.909946,-0.414728,37.0,11.0,0.0,0.827205,1630671772.0,366864140.0,37.820588,-122.488383,6.40894,0.999931,0.011738,60.0,17.0,4.0,0.872202,1630671772.0,367389640.0,37.815834,-122.473516,12.027341,-0.9425,0.334206,60.0,21.0,7.0,0.782042,1630671772.0,368052630.0,37.814389,-122.467514,11.482891,-0.951123,0.308813,60.0,42.0,10.0,0.813099,1630671772.0,368186220.0,37.843957,-122.452471,7.986572,-0.817849,0.575433,37.0,0.0,0.0,0.80668,289.9555555555556,6.0,9.0
1630671773.0,338090696.0,37.832581,-122.470889,5.151511,0.258284,0.966069,37.0,0.0,0.0,0.80974,1630671773.0,338170012.0,37.79907,-122.508939,6.887088,-0.909782,-0.415087,37.0,11.0,0.0,0.822632,1630671773.0,366864140.0,37.820588,-122.488346,6.450971,0.999927,0.012059,60.0,17.0,4.0,0.868194,1630671773.0,367389640.0,37.815853,-122.473583,12.012957,-0.943544,0.331246,60.0,21.0,7.0,0.776392,1630671773.0,368052630.0,37.814405,-122.467577,11.480844,-0.95072,0.310052,60.0,42.0,10.0,0.808283,1630671773.0,368186220.0,37.843978,-122.452509,7.978955,-0.817191,0.576367,37.0,0.0,0.0,0.801686,289.9611111111111,6.0,9.0
1630671774.0,338090696.0,37.832604,-122.470881,5.163614,0.257501,0.966278,37.0,0.0,0.0,0.804564,1630671774.0,338170012.0,37.799057,-122.508976,6.889388,-0.909606,-0.415472,37.0,11.0,0.0,0.818058,1630671774.0,366864140.0,37.820588,-122.488308,6.492184,0.999923,0.01237,60.0,17.0,4.0,0.86416,1630671774.0,367389640.0,37.815871,-122.473649,11.998169,-0.94464,0.32811,60.0,21.0,7.0,0.77075,1630671774.0,368052630.0,37.814422,-122.467641,11.479284,-0.950349,0.311185,60.0,42.0,10.0,0.80347,1630671774.0,368186220.0,37.843999,-122.452547,7.971171,-0.816542,0.577286,37.0,0.0,0.0,0.796698,289.96666666666664,6.0,9.0
1630671775.0,338090696.0,37.832627,-122.470873,5.17548,0.256734,0.966482,37.0,0.0,0.0,0.799377,1630671775.0,338170012.0,37.799044,-122.509012,6.891705,-0.909418,-0.415884,37.0,11.0,0.0,0.813482,1630671775.0,366864140.0,37.820589,-122.48827,6.532576,0.99992,0.012672,60.0,17.0,4.0,0.8601,1630671775.0,367389640.0,37.815889,-122.473715,11.982998,-0.945784,0.324795,60.0,21.0,7.0,0.765118,1630671775.0,368052630.0,37.814438,-122.467705,11.478207,-0.950012,0.312213,60.0,42.0,10.0,0.798658,1630671775.0,368186220.0,37.844021,-122.452586,7.963219,-0.815903,0.578189,37.0,0.0,0.0,0.791715,289.97222222222223,6.0,9.0
1630671776.0,338090696.0,37.83265,-122.470865,5.187106,0.255982,0.966682,37.0,0.0,0.0,0.794179,1630671776.0,338170012.0,37.799031,-122.509049,6.894038,-0.909218,-0.416321,37.0,11.0,0.0,0.808905,1630671776.0,366864140.0,37.820589,-122.488232,6.572149,0.999916,0.012965,60.0,17.0,4.0,0.856014,1630671776.0,367389640.0,37.815907,-122.473782,11.967469,-0.946977,0.321301,60.0,21.0,7.0,0.759494,1630671776.0,368052630.0,37.814455,-122.467769,11.477609,-0.949709,0.313134,60.0,42.0,10.0,0.793848,1630671776.0,368186220.0,37.844042,-122.452624,7.955099,-0.815273,0.579077,37.0,0.0,0.0,0.786739,289.97777777777776,6.0,9.0
1630671777.0,338090696.0,37.832673,-122.470857,5.198494,0.255244,0.966877,37.0,0.0,0.0,0.788969,1630671777.0,338170012.0,37.799017,-122.509086,6.896388,-0.909006,-0.416784,37.0,11.0,0.0,0.804326,1630671777.0,366864140.0,37.820589,-122.488193,6.610902,0.999912,0.013249,60.0,17.0,4.0,0.851905,1630671777.0,367389640.0,37.815925,-122.473848,11.951603,-0.948216,0.317625,60.0,21.0,7.0,0.75388,1630671777.0,368052630.0,37.814472,-122.467833,11.477487,-0.94944,0.313949,60.0,42.0,10.0,0.789039,1630671777.0,368186220.0,37.844063,-122.452662,7.94681,-0.814652,0.57995,37.0,0.0,0.0,0.781769,289.9833333333333,6.0,9.0
1630671778.0,338090696.0,37.832697,-122.47085,5.209644,0.254521,0.967067,37.0,0.0,0.0,0.783748,1630671778.0,338170012.0,37.799004,-122.509122,6.898755,-0.908781,-0.417273,37.0,11.0,0.0,0.799747,1630671778.0,366864140.0,37.82059,-122.488154,6.648836,0.999909,0.013524,60.0,17.0,4.0,0.84777,1630671778.0,367389640.0,37.815943,-122.473914,11.935428,-0.9495,0.313766,60.0,21.0,7.0,0.748276,1630671778.0,368052630.0,37.814488,-122.467897,11.477835,-0.949205,0.314657,60.0,42.0,10.0,0.784231,1630671778.0,368186220.0,37.844084,-122.4527,7.938353,-0.814041,0.580807,37.0,0.0,0.0,0.776805,289.9888888888889,6.0,9.0
1630671779.0,338090696.0,37.83272,-122.470842,5.220554,0.253813,0.967253,37.0,0.0,0.0,0.778517,1630671779.0,338170012.0,37.798991,-122.509159,6.90114,-0.908545,-0.417787,37.0,11.0,0.0,0.795166,1630671779.0,366864140.0,37.82059,-122.488115,6.685949,0.999905,0.013792,60.0,17.0,4.0,0.843613,1630671779.0,367389640.0,37.81596,-122.473981,11.918969,-0.950827,0.309722,60.0,21.0,7.0,0.742682,1630671779.0,368052630.0,37.814505,-122.467961,11.478653,-0.949006,0.315259,60.0,42.0,10.0,0.779425,1630671779.0,368186220.0,37.844106,-122.452737,7.929725,-0.81344,0.581649,37.0,0.0,0.0,0.771848,289.99444444444447,6.0,9.0
1630671780.0,338090696.0,37.832743,-122.470834,5.231225,0.253119,0.967435,37.0,0.0,0.0,0.773275,1630671780.0,338170012.0,37.798977,-122.509196,6.903542,-0.908296,-0.418328,37.0,11.0,0.0,0.790584,1630671780.0,366864140.0,37.820591,-122.488076,6.722243,0.999901,0.014051,60.0,17.0,4.0,0.839432,1630671780.0,367389640.0,37.815977,-122.474047,11.902255,-0.952195,0.305492,60.0,21.0,7.0,0.737099,1630671780.0,368052630.0,37.814522,-122.468024,11.479938,-0.948841,0.315755,60.0,42.0,10.0,0.774619,1630671780.0,368186220.0,37.844127,-122.452775,7.920928,-0.812848,0.582476,37.0,0.0,0.0,0.766897,290.0,6.0,9.0
1630671781.0,338090696.0,37.832767,-122.470826,5.241656,0.252439,0.967613,37.0,0.0,0.0,0.768023,1630671781.0,338170012.0,37.798964,-122.509232,6.905963,-0.908035,-0.418894,37.0,11.0,0.0,0.786001,1630671781.0,366864140.0,37.820591,-122.488037,6.757716,0.999898,0.014302,60.0,17.0,4.0,0.835228,1630671781.0,367389640.0,37.815994,-122.474114,11.885315,-0.953601,0.301072,60.0,21.0,7.0,0.731528,1630671781.0,368052630.0,37.814538,-122.468088,11.481687,-0.948711,0.316145,60.0,42.0,10.0,0.769813,1630671781.0,368186220.0,37.844149,-122.452813,7.91196,-0.812266,0.583287,37.0,0.0,0.0,0.761953,290.0055555555556,6.0,9.0
1630671782.0,338090696.0,37.83279,-122.470819,5.251848,0.251773,0.967786,37.0,0.0,0.0,0.76276,1630671782.0,338170012.0,37.798951,-122.509269,6.908402,-0.907762,-0.419485,37.0,11.0,0.0,0.781416,1630671782.0,366864140.0,37.820592,-122.487997,6.79237,0.999894,0.014546,60.0,17.0,4.0,0.831002,1630671782.0,367389640.0,37.81601,-122.47418,11.86818,-0.955044,0.296463,60.0,21.0,7.0,0.725968,1630671782.0,368052630.0,37.814555,-122.468152,11.483898,-0.948616,0.316429,60.0,42.0,10.0,0.765007,1630671782.0,368186220.0,37.84417,-122.452851,7.902822,-0.811694,0.584084,37.0,0.0,0.0,0.757015,290.0111111111111,6.0,9.0
1630671783.0,338090696.0,37.832814,-122.470811,5.261801,0.25112,0.967956,37.0,0.0,0.0,0.757488,1630671783.0,338170012.0,37.798937,-122.509306,6.910859,-0.907477,-0.420102,37.0,11.0,0.0,0.776831,1630671783.0,366864140.0,37.820592,-122.487957,6.826204,0.999891,0.014782,60.0,17.0,4.0,0.826755,1630671783.0,367389640.0,37.816027,-122.474246,11.850881,-0.956522,0.291661,60.0,21.0,7.0,0.720419,1630671783.0,368052630.0,37.814572,-122.468216,11.486572,-0.948557,0.316607,60.0,42.0,10.0,0.7602,1630671783.0,368186220.0,37.844191,-122.452888,7.893511,-0.811131,0.584865,37.0,0.0,0.0,0.752084,290.01666666666665,6.0,9.0
1630671784.0,338090696.0,37.832837,-122.470803,5.271513,0.250481,0.968121,37.0,0.0,0.0,0.752207,1630671784.0,338170012.0,37.798924,-122.509343,6.913337,-0.907179,-0.420745,37.0,11.0,0.0,0.772244,1630671784.0,366864140.0,37.820593,-122.487918,6.859217,0.999887,0.015011,60.0,17.0,4.0,0.822487,1630671784.0,367389640.0,37.816043,-122.474313,11.833452,-0.958031,0.286665,60.0,21.0,7.0,0.714884,1630671784.0,368052630.0,37.814589,-122.46828,11.489706,-0.948533,0.316678,60.0,42.0,10.0,0.755393,1630671784.0,368186220.0,37.844213,-122.452926,7.88403,-0.810578,0.585631,37.0,0.0,0.0,0.747161,290.02222222222224,6.0,9.0
1630671785.0,338090696.0,37.832861,-122.470795,5.280986,0.249856,0.968283,37.0,0.0,0.0,0.746916,1630671785.0,338170012.0,37.79891,-122.509379,6.915834,-0.906869,-0.421413,37.0,11.0,0.0,0.767656,1630671785.0,366864140.0,37.820593,-122.487877,6.891411,0.999884,0.015234,60.0,17.0,4.0,0.818198,1630671785.0,367389640.0,37.816058,-122.474379,11.815927,-0.959569,0.281474,60.0,21.0,7.0,0.709361,1630671785.0,368052630.0,37.814606,-122.468343,11.493302,-0.948544,0.316644,60.0,42.0,10.0,0.750585,1630671785.0,368186220.0,37.844234,-122.452963,7.874375,-0.810035,0.586382,37.0,0.0,0.0,0.742244,290.02777777777777,6.0,9.0
1630671786.0,338090696.0,37.832885,-122.470788,5.290219,0.249244,0.968441,37.0,0.0,0.0,0.741616,1630671786.0,338170012.0,37.798897,-122.509416,6.918351,-0.906546,-0.422106,37.0,11.0,0.0,0.763067,1630671786.0,366864140.0,37.820593,-122.487837,6.922785,0.999881,0.015449,60.0,17.0,4.0,0.813889,1630671786.0,367389640.0,37.816074,-122.474446,11.798344,-0.961133,0.276084,60.0,21.0,7.0,0.703851,1630671786.0,368052630.0,37.814623,-122.468407,11.497358,-0.948591,0.316504,60.0,42.0,10.0,0.745776,1630671786.0,368186220.0,37.844255,-122.453001,7.864549,-0.809501,0.587118,37.0,0.0,0.0,0.737334,290.03333333333336,6.0,9.0
1630671787.0,338090696.0,37.832908,-122.47078,5.299211,0.248645,0.968595,37.0,0.0,0.0,0.736307,1630671787.0,338170012.0,37.798883,-122.509453,6.920888,-0.906211,-0.422825,37.0,11.0,0.0,0.758476,1630671787.0,366864140.0,37.820594,-122.487796,6.953338,0.999877,0.015657,60.0,17.0,4.0,0.80956,1630671787.0,367389640.0,37.816089,-122.474512,11.78074,-0.962721,0.270495,60.0,21.0,7.0,0.698356,1630671787.0,368052630.0,37.814639,-122.468471,11.501875,-0.948673,0.316258,60.0,42.0,10.0,0.740966,1630671787.0,368186220.0,37.844277,-122.453038,7.854549,-0.808978,0.587839,37.0,0.0,0.0,0.732431,290.0388888888889,6.0,9.0
1630671788.0,338090696.0,37.832932,-122.470772,5.307964,0.248059,0.968745,37.0,0.0,0.0,0.730989,1630671788.0,338170012.0,37.79887,-122.509489,6.923447,-0.905864,-0.423569,37.0,11.0,0.0,0.753884,1630671788.0,366864140.0,37.820594,-122.487756,6.983072,0.999874,0.015859,60.0,17.0,4.0,0.805212,1630671788.0,367389640.0,37.816104,-122.474578,11.763154,-0.964329,0.264705,60.0,21.0,7.0,0.692875,1630671788.0,368052630.0,37.814656,-122.468535,11.506855,-0.94879,0.315906,60.0,42.0,10.0,0.736153,1630671788.0,368186220.0,37.844298,-122.453075,7.844375,-0.808464,0.588545,37.0,0.0,0.0,0.727535,290.0444444444444,6.0,9.0
1630671789.0,338090696.0,37.832956,-122.470764,5.316475,0.247486,0.968891,37.0,0.0,0.0,0.725663,1630671789.0,338170012.0,37.798856,-122.509526,6.926028,-0.905504,-0.424338,37.0,11.0,0.0,0.749291,1630671789.0,366864140.0,37.820595,-122.487715,7.011985,0.999871,0.016055,60.0,17.0,4.0,0.800846,1630671789.0,367389640.0,37.816118,-122.474645,11.745625,-0.965955,0.258712,60.0,21.0,7.0,0.687408,1630671789.0,368052630.0,37.814673,-122.468599,11.512299,-0.948942,0.315449,60.0,42.0,10.0,0.731339,1630671789.0,368186220.0,37.844319,-122.453112,7.834028,-0.807961,0.589236,37.0,0.0,0.0,0.722647,290.05,6.0,9.0
1630671790.0,338090696.0,37.83298,-122.470757,5.324747,0.246926,0.969034,37.0,0.0,0.0,0.720329,1630671790.0,338170012.0,37.798843,-122.509563,6.92863,-0.905131,-0.425132,37.0,11.0,0.0,0.744697,1630671790.0,366864140.0,37.820596,-122.487674,7.040078,0.999868,0.016245,60.0,17.0,4.0,0.796462,1630671790.0,367389640.0,37.816132,-122.474711,11.728197,-0.967593,0.252513,60.0,21.0,7.0,0.681958,1630671790.0,368052630.0,37.81469,-122.468663,11.518209,-0.949129,0.314887,60.0,42.0,10.0,0.726522,1630671790.0,368186220.0,37.844341,-122.453149,7.823507,-0.807467,0.589913,37.0,0.0,0.0,0.717766,290.05555555555554,6.0,9.0
1630671791.0,338090696.0,37.833004,-122.470749,5.332778,0.246378,0.969174,37.0,0.0,0.0,0.714987,1630671791.0,338170012.0,37.798829,-122.5096,6.931255,-0.904746,-0.425952,37.0,11.0,0.0,0.740102,1630671791.0,366864140.0,37.820596,-122.487633,7.067351,0.999865,0.016428,60.0,17.0,4.0,0.79206,1630671791.0,367389640.0,37.816146,-122.474778,11.710913,-0.969242,0.246108,60.0,21.0,7.0,0.676523,1630671791.0,368052630.0,37.814707,-122.468727,11.524586,-0.94935,0.31422,60.0,42.0,10.0,0.721702,1630671791.0,368186220.0,37.844362,-122.453186,7.81281,-0.806984,0.590574,37.0,0.0,0.0,0.712893,290.0611111111112,6.0,9.0
1630671792.0,338090696.0,37.833027,-122.470741,5.340567,0.245843,0.96931,37.0,0.0,0.0,0.709638,1630671792.0,338170012.0,37.798815,-122.509636,6.933903,-0.904348,-0.426796,37.0,11.0,0.0,0.735506,1630671792.0,366864140.0,37.820597,-122.487591,7.093804,0.999862,0.016606,60.0,17.0,4.0,0.787642,1630671792.0,367389640.0,37.816159,-122.474844,11.693817,-0.970897,0.239495,60.0,21.0,7.0,0.671104,1630671792.0,368052630.0,37.814723,-122.468791,11.531434,-0.949606,0.313447,60.0,42.0,10.0,0.716879,1630671792.0,368186220.0,37.844383,-122.453223,7.801939,-0.80651,0.59122,37.0,0.0,0.0,0.708027,290.06666666666666,6.0,9.0
1630671793.0,338090696.0,37.833051,-122.470734,5.348117,0.24532,0.969442,37.0,0.0,0.0,0.70428,1630671793.0,338170012.0,37.798802,-122.509673,6.936575,-0.903937,-0.427665,37.0,11.0,0.0,0.730908,1630671793.0,366864140.0,37.820597,-122.48755,7.119437,0.999859,0.016777,60.0,17.0,4.0,0.783206,1630671793.0,367389640.0,37.816172,-122.474911,11.676957,-0.972555,0.232673,60.0,21.0,7.0,0.665703,1630671793.0,368052630.0,37.81474,-122.468855,11.538756,-0.949895,0.31257,60.0,42.0,10.0,0.712053,1630671793.0,368186220.0,37.844405,-122.45326,7.790893,-0.806047,0.591851,37.0,0.0,0.0,0.703169,290.0722222222222,6.0,9.0
1630671794.0,338090696.0,37.833075,-122.470726,5.355425,0.244809,0.969571,37.0,0.0,0.0,0.698916,1630671794.0,338170012.0,37.798788,-122.50971,6.939271,-0.903514,-0.428559,37.0,11.0,0.0,0.726309,1630671794.0,366864140.0,37.820598,-122.487508,7.144249,0.999856,0.016943,60.0,17.0,4.0,0.778755,1630671794.0,367389640.0,37.816185,-122.474977,11.660379,-0.974211,0.225639,60.0,21.0,7.0,0.660319,1630671794.0,368052630.0,37.814757,-122.468919,11.546556,-0.950217,0.311589,60.0,42.0,10.0,0.707224,1630671794.0,368186220.0,37.844426,-122.453297,7.779671,-0.805594,0.592468,37.0,0.0,0.0,0.698319,290.0777777777778,6.0,9.0
1630671795.0,338090696.0,37.833099,-122.470718,5.362492,0.244311,0.969697,37.0,0.0,0.0,0.693545,1630671795.0,338170012.0,37.798774,-122.509747,6.941992,-0.903077,-0.429478,37.0,11.0,0.0,0.721709,1630671795.0,366864140.0,37.820598,-122.487466,7.168241,0.999854,0.017104,60.0,17.0,4.0,0.774289,1630671795.0,367389640.0,37.816197,-122.475044,11.644133,-0.975861,0.218393,60.0,21.0,7.0,0.654954,1630671795.0,368052630.0,37.814773,-122.468984,11.554836,-0.950573,0.310503,60.0,42.0,10.0,0.70239,1630671795.0,368186220.0,37.844447,-122.453334,7.768272,-0.805151,0.593069,37.0,0.0,0.0,0.693477,290.0833333333333,6.0,9.0
1630671796.0,338090696.0,37.833123,-122.470711,5.369318,0.243824,0.969819,37.0,0.0,0.0,0.688167,1630671796.0,338170012.0,37.79876,-122.509783,6.944738,-0.902628,-0.430421,37.0,11.0,0.0,0.717108,1630671796.0,366864140.0,37.820599,-122.487424,7.191413,0.999851,0.017259,60.0,17.0,4.0,0.769807,1630671796.0,367389640.0,37.816209,-122.47511,11.628271,-0.9775,0.210933,60.0,21.0,7.0,0.649608,1630671796.0,368052630.0,37.81479,-122.469048,11.563603,-0.95096,0.309313,60.0,42.0,10.0,0.697553,1630671796.0,368186220.0,37.844469,-122.45337,7.756698,-0.804719,0.593656,37.0,0.0,0.0,0.688643,290.0888888888889,6.0,9.0
1630671797.0,338090696.0,37.833148,-122.470703,5.375903,0.243349,0.969939,37.0,0.0,0.0,0.682782,1630671797.0,338170012.0,37.798747,-122.50982,6.94751,-0.902166,-0.431389,37.0,11.0,0.0,0.712505,1630671797.0,366864140.0,37.820599,-122.487382,7.213765,0.999848,0.017408,60.0,17.0,4.0,0.765311,1630671797.0,367389640.0,37.81622,-122.475177,11.612843,-0.979125,0.203259,60.0,21.0,7.0,0.644281,1630671797.0,368052630.0,37.814807,-122.469112,11.572859,-0.95138,0.308019,60.0,42.0,10.0,0.69271,1630671797.0,368186220.0,37.84449,-122.453407,7.744946,-0.804297,0.594227,37.0,0.0,0.0,0.683816,290.09444444444443,6.0,9.0
1630671798.0,338090696.0,37.833172,-122.470695,5.382246,0.242887,0.970055,37.0,0.0,0.0,0.677391,1630671798.0,338170012.0,37.798733,-122.509857,6.950309,-0.901691,-0.432382,37.0,11.0,0.0,0.707902,1630671798.0,366864140.0,37.8206,-122.48734,7.235296,0.999846,0.017553,60.0,17.0,4.0,0.760801,1630671798.0,367389640.0,37.816231,-122.475243,11.597905,-0.98073,0.195369,60.0,21.0,7.0,0.638975,1630671798.0,368052630.0,37.814823,-122.469177,11.582612,-0.951832,0.306621,60.0,42.0,10.0,0.687863,1630671798.0,368186220.0,37.844511,-122.453443,7.733018,-0.803885,0.594784,37.0,0.0,0.0,0.678998,290.1,6.0,9.0
1630671799.0,338090696.0,37.833196,-122.470688,5.388348,0.242435,0.970168,37.0,0.0,0.0,0.671994,1630671799.0,338170012.0,37.798719,-122.509893,6.953135,-0.901202,-0.433399,37.0,11.0,0.0,0.703297,1630671799.0,366864140.0,37.820601,-122.487297,7.256007,0.999843,0.017692,60.0,17.0,4.0,0.756278,1630671799.0,367389640.0,37.816241,-122.47531,11.58351,-0.98231,0.187263,60.0,21.0,7.0,0.63369,1630671799.0,368052630.0,37.814839,-122.469241,11.592865,-0.952314,0.305121,60.0,42.0,10.0,0.683011,1630671799.0,368186220.0,37.844533,-122.45348,7.720912,-0.803484,0.595326,37.0,0.0,0.0,0.674188,290.10555555555555,6.0,9.0
1630671800.0,338090696.0,37.83322,-122.47068,5.394162,0.241996,0.970277,37.0,0.0,0.0,0.666592,1630671800.0,338170012.0,37.798705,-122.50993,6.95599,-0.900701,-0.43444,37.0,11.0,0.0,0.698691,1630671800.0,366864140.0,37.820601,-122.487255,7.275897,0.999841,0.017826,60.0,17.0,4.0,0.751742,1630671800.0,367389640.0,37.816251,-122.475377,11.569717,-0.98386,0.17894,60.0,21.0,7.0,0.628427,1630671800.0,368052630.0,37.814856,-122.469306,11.603625,-0.952826,0.303517,60.0,42.0,10.0,0.678154,1630671800.0,368186220.0,37.844554,-122.453516,7.708629,-0.803094,0.595853,37.0,0.0,0.0,0.669387,290.1111111111111,6.0,9.0
1630671801.0,338090696.0,37.833244,-122.470672,5.399506,0.241566,0.970384,37.0,0.0,0.0,0.661183,1630671801.0,338170012.0,37.798691,-122.509967,6.958873,-0.900186,-0.435506,37.0,11.0,0.0,0.694084,1630671801.0,366864140.0,37.820602,-122.487212,7.294968,0.999839,0.017955,60.0,17.0,4.0,0.747193,1630671801.0,367389640.0,37.816261,-122.475443,11.556582,-0.985375,0.1704,60.0,21.0,7.0,0.623186,1630671801.0,368052630.0,37.814872,-122.469371,11.614899,-0.953368,0.301811,60.0,42.0,10.0,0.67329,1630671801.0,368186220.0,37.844575,-122.453552,7.696168,-0.802714,0.596365,37.0,0.0,0.0,0.664593,290.1166666666667,6.0,9.0
1630671802.0,338090696.0,37.833268,-122.470665,5.404332,0.241148,0.970488,37.0,0.0,0.0,0.65577,1630671802.0,338170012.0,37.798677,-122.510003,6.961785,-0.899658,-0.436595,37.0,11.0,0.0,0.689476,1630671802.0,366864140.0,37.820602,-122.48717,7.313217,0.999837,0.018079,60.0,17.0,4.0,0.742633,1630671802.0,367389640.0,37.81627,-122.47551,11.544048,-0.986834,0.161739,60.0,21.0,7.0,0.617969,1630671802.0,368052630.0,37.814888,-122.469436,11.626693,-0.953938,0.300003,60.0,42.0,10.0,0.668421,1630671802.0,368186220.0,37.844596,-122.453589,7.683528,-0.802344,0.596862,37.0,0.0,0.0,0.659809,290.1222222222222,6.0,9.0
1630671803.0,338090696.0,37.833293,-122.470657,5.408641,0.240739,0.97059,37.0,0.0,0.0,0.650352,1630671803.0,338170012.0,37.798663,-122.51004,6.964727,-0.899117,-0.437709,37.0,11.0,0.0,0.684866,1630671803.0,366864140.0,37.820603,-122.487127,7.330647,0.999834,0.018198,60.0,17.0,4.0,0.738061,1630671803.0,367389640.0,37.816279,-122.475577,11.531638,-0.988173,0.153343,60.0,21.0,7.0,0.612775,1630671803.0,368052630.0,37.814904,-122.469501,11.639015,-0.954537,0.298092,60.0,42.0,10.0,0.663545,1630671803.0,368186220.0,37.844618,-122.453625,7.67071,-0.801986,0.597343,37.0,0.0,0.0,0.655033,290.1277777777778,6.0,9.0
1630671804.0,338090696.0,37.833317,-122.470649,5.412433,0.240341,0.970689,37.0,0.0,0.0,0.64493,1630671804.0,338170012.0,37.798649,-122.510077,6.9677,-0.898562,-0.438847,37.0,11.0,0.0,0.680256,1630671804.0,366864140.0,37.820604,-122.487084,7.347256,0.999832,0.018313,60.0,17.0,4.0,0.733479,1630671804.0,367389640.0,37.816287,-122.475643,11.519132,-0.989386,0.14531,60.0,21.0,7.0,0.607607,1630671804.0,368052630.0,37.814921,-122.469566,11.651871,-0.955163,0.296081,60.0,42.0,10.0,0.658662,1630671804.0,368186220.0,37.844639,-122.453661,7.657713,-0.801638,0.59781,37.0,0.0,0.0,0.650265,290.1333333333333,6.0,9.0
1630671805.0,338090696.0,37.833341,-122.470642,5.415708,0.239952,0.970785,37.0,0.0,0.0,0.639505,1630671805.0,338170012.0,37.798635,-122.510113,6.970705,-0.897993,-0.440009,37.0,11.0,0.0,0.675644,1630671805.0,366864140.0,37.820604,-122.487041,7.363045,0.99983,0.018423,60.0,17.0,4.0,0.728886,1630671805.0,367389640.0,37.816295,-122.47571,11.50642,-0.990482,0.137644,60.0,21.0,7.0,0.602463,1630671805.0,368052630.0,37.814936,-122.469631,11.66527,-0.955815,0.293968,60.0,42.0,10.0,0.653773,1630671805.0,368186220.0,37.84466,-122.453697,7.644538,-0.8013,0.598262,37.0,0.0,0.0,0.645507,290.1388888888889,6.0,9.0
1630671806.0,338090696.0,37.833366,-122.470634,5.418465,0.239573,0.970878,37.0,0.0,0.0,0.634077,1630671806.0,338170012.0,37.79862,-122.51015,6.973741,-0.897411,-0.441195,37.0,11.0,0.0,0.671031,1630671806.0,366864140.0,37.820605,-122.486998,7.378013,0.999828,0.018528,60.0,17.0,4.0,0.724283,1630671806.0,367389640.0,37.816302,-122.475777,11.493399,-0.991469,0.130345,60.0,21.0,7.0,0.597345,1630671806.0,368052630.0,37.814952,-122.469696,11.67922,-0.956493,0.291754,60.0,42.0,10.0,0.648876,1630671806.0,368186220.0,37.844681,-122.453733,7.631182,-0.800974,0.598699,37.0,0.0,0.0,0.640757,290.14444444444445,6.0,9.0
1630671807.0,338090696.0,37.83339,-122.470627,5.420705,0.239204,0.970969,37.0,0.0,0.0,0.628646,1630671807.0,338170012.0,37.798606,-122.510187,6.976811,-0.896816,-0.442404,37.0,11.0,0.0,0.666417,1630671807.0,366864140.0,37.820605,-122.486954,7.392161,0.999826,0.018629,60.0,17.0,4.0,0.719671,1630671807.0,367389640.0,37.816309,-122.475844,11.47997,-0.992355,0.123416,60.0,21.0,7.0,0.592253,1630671807.0,368052630.0,37.814968,-122.469762,11.693729,-0.957196,0.289441,60.0,42.0,10.0,0.643972,1630671807.0,368186220.0,37.844702,-122.453768,7.617648,-0.800659,0.599121,37.0,0.0,0.0,0.636016,290.15,6.0,9.0
1630671808.0,338090696.0,37.833414,-122.470619,5.422428,0.238845,0.971058,37.0,0.0,0.0,0.623213,1630671808.0,338170012.0,37.798592,-122.510223,6.979915,-0.896207,-0.443637,37.0,11.0,0.0,0.661802,1630671808.0,366864140.0,37.820606,-122.486911,7.405489,0.999825,0.018725,60.0,17.0,4.0,0.715051,1630671808.0,367389640.0,37.816315,-122.47591,11.466039,-0.993149,0.116858,60.0,21.0,7.0,0.587186,1630671808.0,368052630.0,37.814984,-122.469827,11.708807,-0.957922,0.287027,60.0,42.0,10.0,0.639059,1630671808.0,368186220.0,37.844723,-122.453804,7.603934,-0.800354,0.599527,37.0,0.0,0.0,0.631285,290.1555555555556,6.0,9.0
1630671809.0,338090696.0,37.833439,-122.470611,5.423633,0.238495,0.971144,37.0,0.0,0.0,0.617779,1630671809.0,338170012.0,37.798578,-122.51026,6.983053,-0.895583,-0.444893,37.0,11.0,0.0,0.657185,1630671809.0,366864140.0,37.820607,-122.486868,7.417996,0.999823,0.018817,60.0,17.0,4.0,0.710422,1630671809.0,367389640.0,37.816322,-122.475977,11.451519,-0.993857,0.110672,60.0,21.0,7.0,0.582147,1630671809.0,368052630.0,37.814999,-122.469893,11.724463,-0.958672,0.284515,60.0,42.0,10.0,0.634138,1630671809.0,368186220.0,37.844744,-122.45384,7.590039,-0.800061,0.599919,37.0,0.0,0.0,0.626562,290.1611111111111,6.0,9.0
1630671810.0,338090696.0,37.833463,-122.470604,5.42432,0.238154,0.971227,37.0,0.0,0.0,0.612343,1630671810.0,338170012.0,37.798563,-122.510297,6.986227,-0.894947,-0.446173,37.0,11.0,0.0,0.652568,1630671810.0,366864140.0,37.820607,-122.486824,7.429682,0.999821,0.018905,60.0,17.0,4.0,0.705785,1630671810.0,367389640.0,37.816327,-122.476044,11.436327,-0.994487,0.104861,60.0,21.0,7.0,0.577134,1630671810.0,368052630.0,37.815015,-122.469959,11.740706,-0.959443,0.281904,60.0,42.0,10.0,0.629209,1630671810.0,368186220.0,37.844766,-122.453875,7.575965,-0.799779,0.600295,37.0,0.0,0.0,0.621849,290.1666666666667,6.0,9.0
1630671811.0,338090696.0,37.833487,-122.470596,5.42449,0.237822,0.971309,37.0,0.0,0.0,0.606907,1630671811.0,338170012.0,37.798549,-122.510333,6.989437,-0.894296,-0.447477,37.0,11.0,0.0,0.647949,1630671811.0,366864140.0,37.820608,-122.486781,7.440549,0.99982,0.018988,60.0,17.0,4.0,0.701141,1630671811.0,367389640.0,37.816333,-122.47611,11.420385,-0.995045,0.099423,60.0,21.0,7.0,0.572148,1630671811.0,368052630.0,37.81503,-122.470025,11.757546,-0.960235,0.279194,60.0,42.0,10.0,0.624271,1630671811.0,368186220.0,37.844787,-122.453911,7.56171,-0.799507,0.600656,37.0,0.0,0.0,0.617145,290.1722222222222,6.0,9.0
1630671812.0,338090696.0,37.833512,-122.470589,5.424142,0.2375,0.971388,37.0,0.0,0.0,0.601472,1630671812.0,338170012.0,37.798534,-122.51037,6.992684,-0.893631,-0.448803,37.0,11.0,0.0,0.643329,1630671812.0,366864140.0,37.820609,-122.486737,7.450594,0.999818,0.019067,60.0,17.0,4.0,0.69649,1630671812.0,367389640.0,37.816338,-122.476177,11.403619,-0.995538,0.094362,60.0,21.0,7.0,0.567189,1630671812.0,368052630.0,37.815045,-122.470091,11.774995,-0.961046,0.276388,60.0,42.0,10.0,0.619323,1630671812.0,368186220.0,37.844808,-122.453946,7.547274,-0.799248,0.601002,37.0,0.0,0.0,0.612451,290.1777777777778,6.0,9.0
1630671813.0,338090696.0,37.833536,-122.470581,5.423276,0.237187,0.971464,37.0,0.0,0.0,0.596037,1630671813.0,338170012.0,37.79852,-122.510406,6.995969,-0.892952,-0.450153,37.0,11.0,0.0,0.638708,1630671813.0,366864140.0,37.820609,-122.486694,7.45982,0.999817,0.019141,60.0,17.0,4.0,0.691833,1630671813.0,367389640.0,37.816343,-122.476243,11.385963,-0.995971,0.089678,60.0,21.0,7.0,0.562258,1630671813.0,368052630.0,37.81506,-122.470157,11.793062,-0.961877,0.273484,60.0,42.0,10.0,0.614366,1630671813.0,368186220.0,37.844829,-122.453982,7.532658,-0.798999,0.601332,37.0,0.0,0.0,0.607766,290.18333333333334,6.0,9.0
1630671814.0,338090696.0,37.833561,-122.470574,5.421892,0.236882,0.971538,37.0,0.0,0.0,0.590603,1630671814.0,338170012.0,37.798505,-122.510443,6.999293,-0.892258,-0.451525,37.0,11.0,0.0,0.634086,1630671814.0,366864140.0,37.82061,-122.48665,7.46836,0.999816,0.019208,60.0,17.0,4.0,0.687171,1630671814.0,367389640.0,37.816348,-122.47631,11.367353,-0.996349,0.085372,60.0,21.0,7.0,0.557356,1630671814.0,368052630.0,37.815075,-122.470223,11.811758,-0.962724,0.270484,60.0,42.0,10.0,0.609399,1630671814.0,368186220.0,37.84485,-122.454017,7.51786,-0.798762,0.601647,37.0,0.0,0.0,0.60309,290.18888888888887,6.0,9.0
1630671815.0,338090696.0,37.833585,-122.470566,5.419991,0.236587,0.97161,37.0,0.0,0.0,0.58517,1630671815.0,338170012.0,37.798491,-122.510479,7.002657,-0.891551,-0.452921,37.0,11.0,0.0,0.629462,1630671815.0,366864140.0,37.820611,-122.486606,7.476756,0.999815,0.019252,60.0,17.0,4.0,0.682503,1630671815.0,367389640.0,37.816352,-122.476376,11.347733,-0.996678,0.081446,60.0,21.0,7.0,0.552481,1630671815.0,368052630.0,37.81509,-122.47029,11.830858,-0.963582,0.267412,60.0,42.0,10.0,0.604422,1630671815.0,368186220.0,37.84487,-122.454052,7.502882,-0.798536,0.601947,37.0,0.0,0.0,0.598425,290.19444444444446,6.0,9.0
1630671816.0,338090696.0,37.833609,-122.470559,5.417572,0.236301,0.97168,37.0,0.0,0.0,0.57974,1630671816.0,338170012.0,37.798476,-122.510516,7.006061,-0.890829,-0.454339,37.0,11.0,0.0,0.624838,1630671816.0,366864140.0,37.820611,-122.486562,7.485144,0.999814,0.019269,60.0,17.0,4.0,0.67783,1630671816.0,367389640.0,37.816357,-122.476442,11.32705,-0.996961,0.0779,60.0,21.0,7.0,0.547636,1630671816.0,368052630.0,37.815105,-122.470357,11.84942,-0.964423,0.264364,60.0,42.0,10.0,0.599434,1630671816.0,368186220.0,37.844891,-122.454087,7.487722,-0.798322,0.602231,37.0,0.0,0.0,0.593769,290.2,6.0,9.0
1630671817.0,338090696.0,37.833634,-122.470551,5.414634,0.236023,0.971748,37.0,0.0,0.0,0.574312,1630671817.0,338170012.0,37.798461,-122.510553,7.009507,-0.890093,-0.45578,37.0,11.0,0.0,0.620212,1630671817.0,366864140.0,37.820612,-122.486519,7.493523,0.999814,0.019261,60.0,17.0,4.0,0.673152,1630671817.0,367389640.0,37.816361,-122.476509,11.305258,-0.997203,0.074736,60.0,21.0,7.0,0.542819,1630671817.0,368052630.0,37.815119,-122.470424,11.867204,-0.965241,0.261361,60.0,42.0,10.0,0.594437,1630671817.0,368186220.0,37.844912,-122.454122,7.47238,-0.798119,0.6025,37.0,0.0,0.0,0.589123,290.2055555555556,6.0,9.0
1630671818.0,338090696.0,37.833658,-122.470544,5.411179,0.235754,0.971813,37.0,0.0,0.0,0.568888,1630671818.0,338170012.0,37.798446,-122.510589,7.012996,-0.889342,-0.457243,37.0,11.0,0.0,0.615586,1630671818.0,366864140.0,37.820613,-122.486475,7.501893,0.999815,0.019225,60.0,17.0,4.0,0.668468,1630671818.0,367389640.0,37.816365,-122.476575,11.282313,-0.997408,0.071956,60.0,21.0,7.0,0.538031,1630671818.0,368052630.0,37.815133,-122.470491,11.884205,-0.966037,0.258403,60.0,42.0,10.0,0.589429,1630671818.0,368186220.0,37.844933,-122.454157,7.456857,-0.797928,0.602753,37.0,0.0,0.0,0.584487,290.2111111111111,6.0,9.0
1630671819.0,338090696.0,37.833682,-122.470536,5.407206,0.235493,0.971876,37.0,0.0,0.0,0.563467,1630671819.0,338170012.0,37.798432,-122.510626,7.016528,-0.888576,-0.458729,37.0,11.0,0.0,0.610958,1630671819.0,366864140.0,37.820613,-122.486431,7.510255,0.999816,0.019164,60.0,17.0,4.0,0.66378,1630671819.0,367389640.0,37.816368,-122.47664,11.258179,-0.997578,0.06956,60.0,21.0,7.0,0.533272,1630671819.0,368052630.0,37.815148,-122.470558,11.900417,-0.966812,0.255489,60.0,42.0,10.0,0.584412,1630671819.0,368186220.0,37.844954,-122.454192,7.441152,-0.797749,0.60299,37.0,0.0,0.0,0.579862,290.21666666666664,6.0,9.0
1630671820.0,338090696.0,37.833707,-122.470529,5.402714,0.235242,0.971937,37.0,0.0,0.0,0.55805,1630671820.0,338170012.0,37.798417,-122.510662,7.020104,-0.887796,-0.460237,37.0,11.0,0.0,0.606329,1630671820.0,366864140.0,37.820614,-122.486387,7.518608,0.999818,0.019077,60.0,17.0,4.0,0.659086,1630671820.0,367389640.0,37.816372,-122.476706,11.232824,-0.997716,0.067553,60.0,21.0,7.0,0.528543,1630671820.0,368052630.0,37.815162,-122.470625,11.915837,-0.967566,0.25262,60.0,42.0,10.0,0.579386,1630671820.0,368186220.0,37.844975,-122.454227,7.425266,-0.797581,0.603212,37.0,0.0,0.0,0.575246,290.22222222222223,6.0,9.0
1630671821.0,338090696.0,37.833731,-122.470521,5.397705,0.234998,0.971996,37.0,0.0,0.0,0.552638,1630671821.0,338170012.0,37.798402,-122.510699,7.023726,-0.887001,-0.461767,37.0,11.0,0.0,0.601698,1630671821.0,366864140.0,37.820615,-122.486343,7.526953,0.99982,0.018964,60.0,17.0,4.0,0.654387,1630671821.0,367389640.0,37.816376,-122.476772,11.206222,-0.997824,0.065934,60.0,21.0,7.0,0.523843,1630671821.0,368052630.0,37.815176,-122.470693,11.930459,-0.968299,0.249794,60.0,42.0,10.0,0.574352,1630671821.0,368186220.0,37.844995,-122.454261,7.409197,-0.797425,0.603417,37.0,0.0,0.0,0.570641,290.22777777777776,6.0,9.0
1630671822.0,338090696.0,37.833755,-122.470514,5.392178,0.234763,0.972053,37.0,0.0,0.0,0.547231,1630671822.0,338170012.0,37.798387,-122.510735,7.027394,-0.886192,-0.463319,37.0,11.0,0.0,0.597067,1630671822.0,366864140.0,37.820615,-122.486299,7.535289,0.999823,0.018824,60.0,17.0,4.0,0.649683,1630671822.0,367389640.0,37.816379,-122.476837,11.17835,-0.997904,0.064707,60.0,21.0,7.0,0.519172,1630671822.0,368052630.0,37.815189,-122.470761,11.944279,-0.969013,0.24701,60.0,42.0,10.0,0.569309,1630671822.0,368186220.0,37.845016,-122.454296,7.392946,-0.797282,0.603607,37.0,0.0,0.0,0.566046,290.2333333333333,6.0,9.0
1630671823.0,338090696.0,37.833779,-122.470506,5.386132,0.234537,0.972107,37.0,0.0,0.0,0.54183,1630671823.0,338170012.0,37.798372,-122.510772,7.03111,-0.885367,-0.464893,37.0,11.0,0.0,0.592435,1630671823.0,366864140.0,37.820616,-122.486255,7.543617,0.999826,0.018659,60.0,17.0,4.0,0.644974,1630671823.0,367389640.0,37.816382,-122.476903,11.149192,-0.997958,0.063875,60.0,21.0,7.0,0.514532,1630671823.0,368052630.0,37.815203,-122.470828,11.957293,-0.969708,0.244268,60.0,42.0,10.0,0.564259,1630671823.0,368186220.0,37.845037,-122.454331,7.376512,-0.79715,0.603781,37.0,0.0,0.0,0.561461,290.2388888888889,6.0,9.0
1630671824.0,338090696.0,37.833804,-122.470499,5.379568,0.234319,0.97216,37.0,0.0,0.0,0.536435,1630671824.0,338170012.0,37.798357,-122.510808,7.034874,-0.884527,-0.466489,37.0,11.0,0.0,0.587801,1630671824.0,366864140.0,37.820617,-122.48621,7.551937,0.999829,0.018468,60.0,17.0,4.0,0.64026,1630671824.0,367389640.0,37.816386,-122.476968,11.118738,-0.997986,0.063439,60.0,21.0,7.0,0.509921,1630671824.0,368052630.0,37.815217,-122.470896,11.969496,-0.970384,0.241568,60.0,42.0,10.0,0.559201,1630671824.0,368186220.0,37.845057,-122.454365,7.359897,-0.797031,0.603939,37.0,0.0,0.0,0.556887,290.24444444444447,6.0,9.0
1630671825.0,338090696.0,37.833828,-122.470492,5.372486,0.23411,0.97221,37.0,0.0,0.0,0.531047,1630671825.0,338170012.0,37.798341,-122.510844,7.038687,-0.883672,-0.468106,37.0,11.0,0.0,0.583166,1630671825.0,366864140.0,37.820617,-122.486166,7.560249,0.999833,0.018252,60.0,17.0,4.0,0.63554,1630671825.0,367389640.0,37.816389,-122.477033,11.086981,-0.997988,0.063404,60.0,21.0,7.0,0.505339,1630671825.0,368052630.0,37.81523,-122.470964,11.980884,-0.971042,0.238908,60.0,42.0,10.0,0.554136,1630671825.0,368186220.0,37.845078,-122.454399,7.343098,-0.796923,0.60408,37.0,0.0,0.0,0.552324,290.25,6.0,9.0
1630671826.0,338090696.0,37.833852,-122.470484,5.364885,0.233909,0.972259,37.0,0.0,0.0,0.525666,1630671826.0,338170012.0,37.798326,-122.510881,7.042551,-0.882802,-0.469745,37.0,11.0,0.0,0.57853,1630671826.0,366864140.0,37.820618,-122.486122,7.568552,0.999838,0.01801,60.0,17.0,4.0,0.630816,1630671826.0,367389640.0,37.816392,-122.477098,11.053921,-0.997964,0.063773,60.0,21.0,7.0,0.500788,1630671826.0,368052630.0,37.815243,-122.471032,11.991453,-0.971683,0.236289,60.0,42.0,10.0,0.549065,1630671826.0,368186220.0,37.845098,-122.454434,7.326118,-0.796828,0.604206,37.0,0.0,0.0,0.547771,290.2555555555556,6.0,9.0
1630671827.0,338090696.0,37.833876,-122.470477,5.356767,0.233716,0.972305,37.0,0.0,0.0,0.520293,1630671827.0,338170012.0,37.798311,-122.510917,7.046467,-0.881917,-0.471406,37.0,11.0,0.0,0.573893,1630671827.0,366864140.0,37.820619,-122.486078,7.576848,0.999843,0.017743,60.0,17.0,4.0,0.626086,1630671827.0,367389640.0,37.816395,-122.477162,11.019563,-0.997915,0.064549,60.0,21.0,7.0,0.496266,1630671827.0,368052630.0,37.815256,-122.471101,12.0012,-0.972307,0.233709,60.0,42.0,10.0,0.543987,1630671827.0,368186220.0,37.845119,-122.454468,7.308954,-0.796746,0.604315,37.0,0.0,0.0,0.543229,290.2611111111111,6.0,9.0
1630671828.0,338090696.0,37.8339,-122.47047,5.34813,0.233531,0.972349,37.0,0.0,0.0,0.514928,1630671828.0,338170012.0,37.798295,-122.510954,7.050435,-0.881016,-0.473087,37.0,11.0,0.0,0.569255,1630671828.0,366864140.0,37.820619,-122.486033,7.585136,0.999848,0.01745,60.0,17.0,4.0,0.621351,1630671828.0,367389640.0,37.816399,-122.477227,10.983917,-0.997837,0.065737,60.0,21.0,7.0,0.491774,1630671828.0,368052630.0,37.815269,-122.471169,12.01012,-0.972914,0.231168,60.0,42.0,10.0,0.538904,1630671828.0,368186220.0,37.845139,-122.454502,7.291608,-0.796675,0.604407,37.0,0.0,0.0,0.538698,290.26666666666665,6.0,9.0
1630671829.0,338090696.0,37.833924,-122.470462,5.338974,0.233355,0.972392,37.0,0.0,0.0,0.509572,1630671829.0,338170012.0,37.79828,-122.51099,7.054442,-0.880105,-0.474778,37.0,11.0,0.0,0.564616,1630671829.0,366864140.0,37.82062,-122.485989,7.593417,0.999853,0.017132,60.0,17.0,4.0,0.616611,1630671829.0,367389640.0,37.816402,-122.477291,10.947,-0.99773,0.067341,60.0,21.0,7.0,0.487311,1630671829.0,368052630.0,37.815282,-122.471237,12.018209,-0.973505,0.228666,60.0,42.0,10.0,0.533815,1630671829.0,368186220.0,37.84516,-122.454536,7.274079,-0.796618,0.604483,37.0,0.0,0.0,0.534178,290.27222222222224,6.0,9.0
1630671830.0,338090696.0,37.833948,-122.470455,5.3293,0.233187,0.972432,37.0,0.0,0.0,0.504225,1630671830.0,338170012.0,37.798265,-122.511026,7.05843,-0.87921,-0.476434,37.0,11.0,0.0,0.559976,1630671830.0,366864140.0,37.82062,-122.485944,7.60169,0.999859,0.016788,60.0,17.0,4.0,0.611866,1630671830.0,367389640.0,37.816405,-122.477355,10.908833,-0.997591,0.069365,60.0,21.0,7.0,0.482877,1630671830.0,368052630.0,37.815295,-122.471306,12.025465,-0.974081,0.226201,60.0,42.0,10.0,0.528721,1630671830.0,368186220.0,37.84518,-122.45457,7.256462,-0.796573,0.604542,37.0,0.0,0.0,0.529669,290.27777777777777,6.0,9.0
1630671831.0,338090696.0,37.833972,-122.470448,5.319108,0.233028,0.97247,37.0,0.0,0.0,0.498888,1630671831.0,338170012.0,37.798249,-122.511063,7.062381,-0.878336,-0.478043,37.0,11.0,0.0,0.555334,1630671831.0,366864140.0,37.820621,-122.4859,7.609956,0.999865,0.01642,60.0,17.0,4.0,0.607115,1630671831.0,367389640.0,37.816409,-122.477418,10.869444,-0.997418,0.071814,60.0,21.0,7.0,0.478473,1630671831.0,368052630.0,37.815307,-122.471375,12.031883,-0.974641,0.223775,60.0,42.0,10.0,0.523623,1630671831.0,368186220.0,37.8452,-122.454604,7.239136,-0.796546,0.604578,37.0,0.0,0.0,0.525171,290.28333333333336,6.0,9.0
1630671832.0,338090696.0,37.833996,-122.47044,5.308398,0.232877,0.972506,37.0,0.0,0.0,0.493562,1630671832.0,338170012.0,37.798233,-122.511099,7.066293,-0.877484,-0.479606,37.0,11.0,0.0,0.550692,1630671832.0,366864140.0,37.820622,-122.485855,7.618215,0.999872,0.016026,60.0,17.0,4.0,0.602359,1630671832.0,367389640.0,37.816413,-122.477482,10.828868,-0.997206,0.074695,60.0,21.0,7.0,0.474098,1630671832.0,368052630.0,37.81532,-122.471443,12.037461,-0.975187,0.221385,60.0,42.0,10.0,0.51852,1630671832.0,368186220.0,37.845221,-122.454638,7.222195,-0.796535,0.604593,37.0,0.0,0.0,0.520685,290.2888888888889,6.0,9.0
1630671833.0,338090696.0,37.83402,-122.470433,5.297169,0.232734,0.972541,37.0,0.0,0.0,0.488246,1630671833.0,338170012.0,37.798218,-122.511135,7.070166,-0.876653,-0.481122,37.0,11.0,0.0,0.546048,1630671833.0,366864140.0,37.820622,-122.485811,7.626468,0.999878,0.015607,60.0,17.0,4.0,0.597599,1630671833.0,367389640.0,37.816416,-122.477545,10.787143,-0.996952,0.078012,60.0,21.0,7.0,0.469751,1630671833.0,368052630.0,37.815332,-122.471512,12.042194,-0.975718,0.219031,60.0,42.0,10.0,0.513414,1630671833.0,368186220.0,37.845241,-122.454671,7.205639,-0.796542,0.604584,37.0,0.0,0.0,0.516208,290.2944444444444,6.0,9.0
1630671834.0,338090696.0,37.834044,-122.470426,5.285421,0.232599,0.972573,37.0,0.0,0.0,0.482941,1630671834.0,338170012.0,37.798202,-122.511172,7.073996,-0.875845,-0.482593,37.0,11.0,0.0,0.541403,1630671834.0,366864140.0,37.820623,-122.485766,7.634714,0.999885,0.015164,60.0,17.0,4.0,0.592833,1630671834.0,367389640.0,37.81642,-122.477608,10.744316,-0.996651,0.08177,60.0,21.0,7.0,0.465432,1630671834.0,368052630.0,37.815344,-122.471581,12.04608,-0.976235,0.216714,60.0,42.0,10.0,0.508304,1630671834.0,368186220.0,37.845261,-122.454705,7.189468,-0.796566,0.604552,37.0,0.0,0.0,0.511742,290.3,6.0,9.0
1630671835.0,338090696.0,37.834068,-122.470419,5.273155,0.232473,0.972603,37.0,0.0,0.0,0.477649,1630671835.0,338170012.0,37.798186,-122.511208,7.077782,-0.875058,-0.484018,37.0,11.0,0.0,0.536757,1630671835.0,366864140.0,37.820623,-122.485721,7.642953,0.999892,0.014695,60.0,17.0,4.0,0.588062,1630671835.0,367389640.0,37.816424,-122.477671,10.70044,-0.996297,0.085977,60.0,21.0,7.0,0.461141,1630671835.0,368052630.0,37.815357,-122.47165,12.049115,-0.976739,0.214432,60.0,42.0,10.0,0.503191,1630671835.0,368186220.0,37.845281,-122.454739,7.173682,-0.796608,0.604497,37.0,0.0,0.0,0.507287,290.30555555555554,6.0,9.0
1630671836.0,338090696.0,37.834091,-122.470412,5.260371,0.232355,0.972631,37.0,0.0,0.0,0.472368,1630671836.0,338170012.0,37.79817,-122.511244,7.081523,-0.874294,-0.485397,37.0,11.0,0.0,0.53211,1630671836.0,366864140.0,37.820624,-122.485677,7.651187,0.999899,0.014202,60.0,17.0,4.0,0.583285,1630671836.0,367389640.0,37.816429,-122.477733,10.655574,-0.995884,0.090638,60.0,21.0,7.0,0.456878,1630671836.0,368052630.0,37.815368,-122.471719,12.051296,-0.977229,0.212185,60.0,42.0,10.0,0.498076,1630671836.0,368186220.0,37.845301,-122.454772,7.158281,-0.796667,0.604419,37.0,0.0,0.0,0.502841,290.3111111111112,6.0,9.0
1630671837.0,338090696.0,37.834115,-122.470404,5.247068,0.232245,0.972657,37.0,0.0,0.0,0.467101,1630671837.0,338170012.0,37.798154,-122.51128,7.085217,-0.873552,-0.486732,37.0,11.0,0.0,0.527462,1630671837.0,366864140.0,37.820624,-122.485632,7.659415,0.999906,0.013684,60.0,17.0,4.0,0.578504,1630671837.0,367389640.0,37.816433,-122.477796,10.609784,-0.995404,0.09576,60.0,21.0,7.0,0.452641,1630671837.0,368052630.0,37.81538,-122.471788,12.05262,-0.977707,0.209973,60.0,42.0,10.0,0.492958,1630671837.0,368186220.0,37.845321,-122.454805,7.143266,-0.796744,0.604317,37.0,0.0,0.0,0.498404,290.31666666666666,6.0,9.0
1630671838.0,338090696.0,37.834139,-122.470397,5.233246,0.232144,0.972681,37.0,0.0,0.0,0.461847,1630671838.0,338170012.0,37.798138,-122.511317,7.088862,-0.872832,-0.488021,37.0,11.0,0.0,0.522813,1630671838.0,366864140.0,37.820625,-122.485587,7.667638,0.999914,0.013142,60.0,17.0,4.0,0.573718,1630671838.0,367389640.0,37.816438,-122.477857,10.563144,-0.994851,0.101349,60.0,21.0,7.0,0.448431,1630671838.0,368052630.0,37.815392,-122.471857,12.053085,-0.978172,0.207795,60.0,42.0,10.0,0.487839,1630671838.0,368186220.0,37.845341,-122.454839,7.128636,-0.796839,0.604191,37.0,0.0,0.0,0.493977,290.3222222222222,6.0,9.0
1630671839.0,338090696.0,37.834162,-122.47039,5.218906,0.232052,0.972703,37.0,0.0,0.0,0.456607,1630671839.0,338170012.0,37.798122,-122.511353,7.092457,-0.872135,-0.489265,37.0,11.0,0.0,0.518163,1630671839.0,366864140.0,37.820625,-122.485542,7.675856,0.999921,0.012575,60.0,17.0,4.0,0.568926,1630671839.0,367389640.0,37.816443,-122.477919,10.515734,-0.994214,0.107413,60.0,21.0,7.0,0.444247,1630671839.0,368052630.0,37.815404,-122.471926,12.052687,-0.978625,0.205651,60.0,42.0,10.0,0.482718,1630671839.0,368186220.0,37.845361,-122.454872,7.114391,-0.796952,0.604042,37.0,0.0,0.0,0.489559,290.3277777777778,6.0,9.0
1630671840.0,338090696.0,37.834186,-122.470383,5.204047,0.231967,0.972724,37.0,0.0,0.0,0.451381,1630671840.0,338170012.0,37.798106,-122.511389,7.095999,-0.871461,-0.490465,37.0,11.0,0.0,0.513511,1630671840.0,366864140.0,37.820626,-122.485497,7.684069,0.999928,0.011984,60.0,17.0,4.0,0.564129,1630671840.0,367389640.0,37.816448,-122.47798,10.467643,-0.993486,0.113958,60.0,21.0,7.0,0.440089,1630671840.0,368052630.0,37.815415,-122.471995,12.051423,-0.979067,0.20354,60.0,42.0,10.0,0.477596,1630671840.0,368186220.0,37.845381,-122.454905,7.100532,-0.797083,0.603869,37.0,0.0,0.0,0.48515,290.3333333333333,6.0,9.0
1630671841.0,338090696.0,37.834209,-122.470376,5.18867,0.231892,0.972742,37.0,0.0,0.0,0.44617,1630671841.0,338170012.0,37.79809,-122.511425,7.099489,-0.87081,-0.49162,37.0,11.0,0.0,0.508859,1630671841.0,366864140.0,37.820626,-122.485452,7.692277,0.999935,0.011368,60.0,17.0,4.0,0.559327,1630671841.0,367389640.0,37.816453,-122.478041,10.418965,-0.992654,0.12099,60.0,21.0,7.0,0.435955,1630671841.0,368052630.0,37.815426,-122.472064,12.049291,-0.979496,0.201463,60.0,42.0,10.0,0.472474,1630671841.0,368186220.0,37.845401,-122.454938,7.087059,-0.797233,0.603672,37.0,0.0,0.0,0.480749,290.3388888888889,6.0,9.0
1630671842.0,338090696.0,37.834233,-122.470369,5.172774,0.231825,0.972758,37.0,0.0,0.0,0.440975,1630671842.0,338170012.0,37.798074,-122.511461,7.102923,-0.870182,-0.492731,37.0,11.0,0.0,0.504205,1630671842.0,366864140.0,37.820626,-122.485407,7.700482,0.999942,0.010728,60.0,17.0,4.0,0.55452,1630671842.0,367389640.0,37.816459,-122.478102,10.369805,-0.991707,0.128517,60.0,21.0,7.0,0.431845,1630671842.0,368052630.0,37.815438,-122.472133,12.046289,-0.979915,0.199417,60.0,42.0,10.0,0.467351,1630671842.0,368186220.0,37.845421,-122.454972,7.073972,-0.7974,0.603451,37.0,0.0,0.0,0.476356,290.34444444444443,6.0,9.0
1630671843.0,338090696.0,37.834256,-122.470362,5.15636,0.231767,0.972771,37.0,0.0,0.0,0.435796,1630671843.0,338170012.0,37.798058,-122.511498,7.106302,-0.869577,-0.493798,37.0,11.0,0.0,0.49955,1630671843.0,366864140.0,37.820627,-122.485362,7.708683,0.999949,0.010063,60.0,17.0,4.0,0.549707,1630671843.0,367389640.0,37.816465,-122.478162,10.320275,-0.990634,0.136546,60.0,21.0,7.0,0.427758,1630671843.0,368052630.0,37.815449,-122.472202,12.042412,-0.980322,0.197404,60.0,42.0,10.0,0.462229,1630671843.0,368186220.0,37.84544,-122.455005,7.06127,-0.797586,0.603206,37.0,0.0,0.0,0.471972,290.35,6.0,9.0
1630671844.0,338090696.0,37.834279,-122.470355,5.139427,0.231717,0.972783,37.0,0.0,0.0,0.430633,1630671844.0,338170012.0,37.798042,-122.511534,7.109623,-0.868995,-0.494821,37.0,11.0,0.0,0.494894,1630671844.0,366864140.0,37.820627,-122.485317,7.716881,0.999956,0.009375,60.0,17.0,4.0,0.54489,1630671844.0,367389640.0,37.816472,-122.478222,10.270496,-0.98942,0.145082,60.0,21.0,7.0,0.423693,1630671844.0,368052630.0,37.81546,-122.472271,12.03766,-0.980719,0.195423,60.0,42.0,10.0,0.457107,1630671844.0,368186220.0,37.84546,-122.455038,7.048955,-0.79779,0.602936,37.0,0.0,0.0,0.467594,290.35555555555555,6.0,9.0
1630671845.0,338090696.0,37.834302,-122.470348,5.121975,0.231676,0.972793,37.0,0.0,0.0,0.425487,1630671845.0,338170012.0,37.798025,-122.51157,7.112886,-0.868437,-0.4958,37.0,11.0,0.0,0.490237,1630671845.0,366864140.0,37.820628,-122.485272,7.725076,0.999962,0.008663,60.0,17.0,4.0,0.540067,1630671845.0,367389640.0,37.816479,-122.478281,10.220595,-0.98805,0.154132,60.0,21.0,7.0,0.41965,1630671845.0,368052630.0,37.815471,-122.47234,12.03203,-0.981106,0.193473,60.0,42.0,10.0,0.451986,1630671845.0,368186220.0,37.84548,-122.455071,7.037026,-0.798012,0.602642,37.0,0.0,0.0,0.463225,290.3611111111111,6.0,9.0
1630671846.0,338090696.0,37.834325,-122.470341,5.104005,0.231644,0.972801,37.0,0.0,0.0,0.420359,1630671846.0,338170012.0,37.798009,-122.511606,7.116089,-0.867902,-0.496735,37.0,11.0,0.0,0.485579,1630671846.0,366864140.0,37.820628,-122.485226,7.733268,0.999969,0.007926,60.0,17.0,4.0,0.535239,1630671846.0,367389640.0,37.816486,-122.47834,10.170712,-0.98651,0.163701,60.0,21.0,7.0,0.415628,1630671846.0,368052630.0,37.815481,-122.472409,12.025518,-0.981482,0.191555,60.0,42.0,10.0,0.446867,1630671846.0,368186220.0,37.845499,-122.455103,7.025484,-0.798252,0.602323,37.0,0.0,0.0,0.458862,290.3666666666667,6.0,9.0
1630671847.0,338090696.0,37.834348,-122.470334,5.085516,0.231621,0.972806,37.0,0.0,0.0,0.415248,1630671847.0,338170012.0,37.797993,-122.511642,7.119231,-0.867391,-0.497627,37.0,11.0,0.0,0.48092,1630671847.0,366864140.0,37.820628,-122.485181,7.741459,0.999974,0.007166,60.0,17.0,4.0,0.530406,1630671847.0,367389640.0,37.816494,-122.478399,10.120994,-0.984782,0.173795,60.0,21.0,7.0,0.411626,1630671847.0,368052630.0,37.815492,-122.472479,12.018123,-0.981848,0.189667,60.0,42.0,10.0,0.441749,1630671847.0,368186220.0,37.845519,-122.455136,7.014329,-0.798511,0.60198,37.0,0.0,0.0,0.454506,290.3722222222222,6.0,9.0
1630671848.0,338090696.0,37.834371,-122.470327,5.066508,0.231608,0.972809,37.0,0.0,0.0,0.410157,1630671848.0,338170012.0,37.797976,-122.511679,7.122311,-0.866903,-0.498476,37.0,11.0,0.0,0.47626,1630671848.0,366864140.0,37.820628,-122.485136,7.749648,0.99998,0.006381,60.0,17.0,4.0,0.525568,1630671848.0,367389640.0,37.816502,-122.478457,10.071597,-0.982848,0.184418,60.0,21.0,7.0,0.407642,1630671848.0,368052630.0,37.815503,-122.472548,12.009843,-0.982205,0.18781,60.0,42.0,10.0,0.436634,1630671848.0,368186220.0,37.845538,-122.455169,7.003562,-0.798789,0.601612,37.0,0.0,0.0,0.450157,290.3777777777778,6.0,9.0
1630671849.0,338090696.0,37.834394,-122.47032,5.046982,0.231603,0.97281,37.0,0.0,0.0,0.405084,1630671849.0,338170012.0,37.79796,-122.511715,7.125328,-0.866439,-0.499282,37.0,11.0,0.0,0.471599,1630671849.0,366864140.0,37.820629,-122.48509,7.757835,0.999984,0.005573,60.0,17.0,4.0,0.520725,1630671849.0,367389640.0,37.816511,-122.478515,10.022688,-0.980689,0.195573,60.0,21.0,7.0,0.403676,1630671849.0,368052630.0,37.815513,-122.472617,12.000675,-0.982553,0.185983,60.0,42.0,10.0,0.431522,1630671849.0,368186220.0,37.845558,-122.455202,6.993181,-0.799084,0.601219,37.0,0.0,0.0,0.445814,290.3833333333333,6.0,9.0
1630671850.0,338090696.0,37.834417,-122.470313,5.026937,0.231607,0.972809,37.0,0.0,0.0,0.400031,1630671850.0,338170012.0,37.797943,-122.511751,7.128281,-0.865999,-0.500045,37.0,11.0,0.0,0.466937,1630671850.0,366864140.0,37.820629,-122.485045,7.766022,0.999989,0.004742,60.0,17.0,4.0,0.515876,1630671850.0,367389640.0,37.81652,-122.478573,9.974442,-0.978285,0.207264,60.0,21.0,7.0,0.399726,1630671850.0,368052630.0,37.815523,-122.472686,11.990617,-0.982891,0.184186,60.0,42.0,10.0,0.426412,1630671850.0,368186220.0,37.845577,-122.455235,6.983189,-0.799398,0.600801,37.0,0.0,0.0,0.441478,290.3888888888889,6.0,9.0
1630671851.0,338090696.0,37.834439,-122.470307,5.006374,0.231621,0.972806,37.0,0.0,0.0,0.394997,1630671851.0,338170012.0,37.797927,-122.511787,7.13117,-0.865583,-0.500765,37.0,11.0,0.0,0.462273,1630671851.0,366864140.0,37.820629,-122.484999,7.774209,0.999992,0.003886,60.0,17.0,4.0,0.511023,1630671851.0,367389640.0,37.816529,-122.47863,9.927045,-0.975615,0.219491,60.0,21.0,7.0,0.395792,1630671851.0,368052630.0,37.815534,-122.472755,11.979666,-0.983221,0.182418,60.0,42.0,10.0,0.421306,1630671851.0,368186220.0,37.845597,-122.455267,6.973584,-0.799731,0.600359,37.0,0.0,0.0,0.437146,290.39444444444445,6.0,9.0
1630671852.0,338090696.0,37.834462,-122.4703,4.985292,0.231645,0.9728,37.0,0.0,0.0,0.389985,1630671852.0,338170012.0,37.79791,-122.511823,7.133992,-0.865191,-0.501442,37.0,11.0,0.0,0.457609,1630671852.0,366864140.0,37.820629,-122.484954,7.782396,0.999995,0.003008,60.0,17.0,4.0,0.506164,1630671852.0,367389640.0,37.816539,-122.478687,9.880692,-0.972655,0.232254,60.0,21.0,7.0,0.391872,1630671852.0,368052630.0,37.815544,-122.472824,11.967822,-0.983542,0.18068,60.0,42.0,10.0,0.416204,1630671852.0,368186220.0,37.845616,-122.4553,6.964368,-0.800081,0.599891,37.0,0.0,0.0,0.432821,290.4,6.0,9.0
1630671853.0,338090696.0,37.834484,-122.470293,4.963691,0.231678,0.972793,37.0,0.0,0.0,0.384993,1630671853.0,338170012.0,37.797894,-122.511859,7.136748,-0.864823,-0.502077,37.0,11.0,0.0,0.452944,1630671853.0,366864140.0,37.820629,-122.484908,7.790584,0.999998,0.002105,60.0,17.0,4.0,0.5013,1630671853.0,367389640.0,37.81655,-122.478743,9.835591,-0.969383,0.245552,60.0,21.0,7.0,0.387965,1630671853.0,368052630.0,37.815554,-122.472893,11.955081,-0.983854,0.17897,60.0,42.0,10.0,0.411106,1630671853.0,368186220.0,37.845635,-122.455333,6.955541,-0.80045,0.599399,37.0,0.0,0.0,0.4285,290.4055555555556,6.0,9.0
1630671854.0,338090696.0,37.834507,-122.470286,4.941572,0.23172,0.972782,37.0,0.0,0.0,0.380024,1630671854.0,338170012.0,37.797877,-122.511895,7.139437,-0.864479,-0.50267,37.0,11.0,0.0,0.448277,1630671854.0,366864140.0,37.820629,-122.484863,7.798773,0.999999,0.001179,60.0,17.0,4.0,0.496431,1630671854.0,367389640.0,37.816561,-122.478799,9.791956,-0.965775,0.259382,60.0,21.0,7.0,0.384069,1630671854.0,368052630.0,37.815564,-122.472962,11.941443,-0.984159,0.17729,60.0,42.0,10.0,0.406013,1630671854.0,368186220.0,37.845655,-122.455365,6.947103,-0.800838,0.598881,37.0,0.0,0.0,0.424185,290.4111111111111,6.0,9.0
1630671855.0,338090696.0,37.834529,-122.47028,4.918934,0.231773,0.97277,37.0,0.0,0.0,0.375076,1630671855.0,338170012.0,37.797861,-122.511932,7.142058,-0.864159,-0.50322,37.0,11.0,0.0,0.443609,1630671855.0,366864140.0,37.820629,-122.484817,7.806964,1.0,0.00023,60.0,17.0,4.0,0.491556,1630671855.0,367389640.0,37.816573,-122.478854,9.750013,-0.961805,0.273737,60.0,21.0,7.0,0.380184,1630671855.0,368052630.0,37.815573,-122.47303,11.926904,-0.984455,0.175638,60.0,42.0,10.0,0.400925,1630671855.0,368186220.0,37.845674,-122.455398,6.939055,-0.801243,0.598339,37.0,0.0,0.0,0.419874,290.4166666666667,6.0,9.0
1630671856.0,338090696.0,37.834551,-122.470273,4.895777,0.231836,0.972755,37.0,0.0,0.0,0.370151,1630671856.0,338170012.0,37.797844,-122.511968,7.14461,-0.863863,-0.503727,37.0,11.0,0.0,0.438941,1630671856.0,366864140.0,37.820629,-122.484771,7.815157,1.0,-0.000742,60.0,17.0,4.0,0.486677,1630671856.0,367389640.0,37.816585,-122.478909,9.709998,-0.957447,0.288611,60.0,21.0,7.0,0.376307,1630671856.0,368052630.0,37.815583,-122.473099,11.911463,-0.984743,0.174014,60.0,42.0,10.0,0.395842,1630671856.0,368186220.0,37.845693,-122.45543,6.931397,-0.801667,0.597771,37.0,0.0,0.0,0.415568,290.4222222222222,6.0,9.0
1630671857.0,338090696.0,37.834573,-122.470266,4.872102,0.231909,0.972738,37.0,0.0,0.0,0.365249,1630671857.0,338170012.0,37.797827,-122.512004,7.147093,-0.863591,-0.504193,37.0,11.0,0.0,0.434271,1630671857.0,366864140.0,37.820629,-122.484725,7.823353,0.999998,-0.001737,60.0,17.0,4.0,0.481792,1630671857.0,367389640.0,37.816598,-122.478964,9.672155,-0.952675,0.303992,60.0,21.0,7.0,0.372438,1630671857.0,368052630.0,37.815593,-122.473168,11.895118,-0.985024,0.172418,60.0,42.0,10.0,0.390765,1630671857.0,368186220.0,37.845712,-122.455463,6.924129,-0.802109,0.597178,37.0,0.0,0.0,0.411265,290.4277777777778,6.0,9.0
1630671858.0,338090696.0,37.834595,-122.47026,4.847909,0.231992,0.972718,37.0,0.0,0.0,0.36037,1630671858.0,338170012.0,37.797811,-122.51204,7.149506,-0.863344,-0.504617,37.0,11.0,0.0,0.429601,1630671858.0,366864140.0,37.820629,-122.48468,7.831553,0.999996,-0.002756,60.0,17.0,4.0,0.476902,1630671858.0,367389640.0,37.816612,-122.479018,9.63674,-0.947462,0.319869,60.0,21.0,7.0,0.368575,1630671858.0,368052630.0,37.815602,-122.473237,11.877867,-0.985297,0.17085,60.0,42.0,10.0,0.385695,1630671858.0,368186220.0,37.845731,-122.455496,6.917253,-0.802569,0.596559,37.0,0.0,0.0,0.406967,290.43333333333334,6.0,9.0
1630671859.0,338090696.0,37.834617,-122.470253,4.823196,0.232086,0.972695,37.0,0.0,0.0,0.355516,1630671859.0,338170012.0,37.797794,-122.512076,7.151849,-0.86312,-0.504998,37.0,11.0,0.0,0.424929,1630671859.0,366864140.0,37.820629,-122.484634,7.839757,0.999993,-0.003797,60.0,17.0,4.0,0.472007,1630671859.0,367389640.0,37.816626,-122.479071,9.604015,-0.941782,0.336225,60.0,21.0,7.0,0.364716,1630671859.0,368052630.0,37.815612,-122.473305,11.859709,-0.985563,0.16931,60.0,42.0,10.0,0.380631,1630671859.0,368186220.0,37.845751,-122.455528,6.910767,-0.803047,0.595916,37.0,0.0,0.0,0.402672,290.43888888888887,6.0,9.0
1630671860.0,338090696.0,37.834638,-122.470247,4.797966,0.232191,0.97267,37.0,0.0,0.0,0.350687,1630671860.0,338170012.0,37.797777,-122.512112,7.15412,-0.862921,-0.505338,37.0,11.0,0.0,0.420256,1630671860.0,366864140.0,37.820629,-122.484588,7.847965,0.999988,-0.004862,60.0,17.0,4.0,0.467106,1630671860.0,367389640.0,37.816641,-122.479124,9.574251,-0.935607,0.353042,60.0,21.0,7.0,0.36086,1630671860.0,368052630.0,37.815621,-122.473374,11.840642,-0.985822,0.167797,60.0,42.0,10.0,0.375575,1630671860.0,368186220.0,37.84577,-122.455561,6.904674,-0.803543,0.595247,37.0,0.0,0.0,0.39838,290.44444444444446,6.0,9.0
1630671861.0,338090696.0,37.83466,-122.47024,4.772338,0.232304,0.972643,37.0,0.0,0.0,0.345882,1630671861.0,338170012.0,37.797761,-122.512148,7.156321,-0.862747,-0.505636,37.0,11.0,0.0,0.415582,1630671861.0,366864140.0,37.820629,-122.484542,7.856179,0.999982,-0.005949,60.0,17.0,4.0,0.462201,1630671861.0,367389640.0,37.816657,-122.479177,9.547729,-0.928913,0.370297,60.0,21.0,7.0,0.357005,1630671861.0,368052630.0,37.81563,-122.473442,11.820665,-0.986073,0.166311,60.0,42.0,10.0,0.370525,1630671861.0,368186220.0,37.845789,-122.455593,6.898973,-0.804056,0.594553,37.0,0.0,0.0,0.394092,290.45,6.0,9.0
1630671862.0,338090696.0,37.834681,-122.470234,4.746802,0.232418,0.972616,37.0,0.0,0.0,0.341104,1630671862.0,338170012.0,37.797744,-122.512184,7.15845,-0.862596,-0.505893,37.0,11.0,0.0,0.410908,1630671862.0,366864140.0,37.820629,-122.484496,7.864398,0.999975,-0.00706,60.0,17.0,4.0,0.45729,1630671862.0,367389640.0,37.816673,-122.479229,9.524733,-0.921674,0.387965,60.0,21.0,7.0,0.353149,1630671862.0,368052630.0,37.815639,-122.47351,11.799774,-0.986318,0.164852,60.0,42.0,10.0,0.365484,1630671862.0,368186220.0,37.845808,-122.455626,6.893666,-0.804587,0.593834,37.0,0.0,0.0,0.389806,290.4555555555556,6.0,9.0
1630671863.0,338090696.0,37.834703,-122.470227,4.721478,0.232528,0.97259,37.0,0.0,0.0,0.336351,1630671863.0,338170012.0,37.797727,-122.512221,7.160507,-0.86247,-0.506107,37.0,11.0,0.0,0.406232,1630671863.0,366864140.0,37.820628,-122.48445,7.872624,0.999966,-0.008193,60.0,17.0,4.0,0.452374,1630671863.0,367389640.0,37.81669,-122.47928,9.505423,-0.913915,0.405906,60.0,21.0,7.0,0.349291,1630671863.0,368052630.0,37.815648,-122.473578,11.77797,-0.986557,0.16342,60.0,42.0,10.0,0.360452,1630671863.0,368186220.0,37.845827,-122.455658,6.888752,-0.805136,0.59309,37.0,0.0,0.0,0.385522,290.4611111111111,6.0,9.0
1630671864.0,338090696.0,37.834724,-122.470221,4.696368,0.232637,0.972564,37.0,0.0,0.0,0.331623,1630671864.0,338170012.0,37.79771,-122.512257,7.162492,-0.862369,-0.506281,37.0,11.0,0.0,0.401555,1630671864.0,366864140.0,37.820628,-122.484404,7.880857,0.999956,-0.009348,60.0,17.0,4.0,0.447453,1630671864.0,367389640.0,37.816708,-122.479331,9.489409,-0.905826,0.42365,60.0,21.0,7.0,0.345429,1630671864.0,368052630.0,37.815657,-122.473646,11.75525,-0.986788,0.162015,60.0,42.0,10.0,0.355428,1630671864.0,368186220.0,37.845845,-122.455691,6.884232,-0.805702,0.592321,37.0,0.0,0.0,0.381241,290.46666666666664,6.0,9.0
1630671865.0,338090696.0,37.834745,-122.470214,4.67147,0.232742,0.972538,37.0,0.0,0.0,0.32692,1630671865.0,338170012.0,37.797694,-122.512293,7.164405,-0.862292,-0.506412,37.0,11.0,0.0,0.396877,1630671865.0,366864140.0,37.820628,-122.484358,7.889098,0.999945,-0.010526,60.0,17.0,4.0,0.442526,1630671865.0,367389640.0,37.816726,-122.479381,9.476467,-0.897471,0.441073,60.0,21.0,7.0,0.341563,1630671865.0,368052630.0,37.815666,-122.473714,11.731614,-0.987014,0.160636,60.0,42.0,10.0,0.350413,1630671865.0,368186220.0,37.845864,-122.455723,6.880107,-0.806286,0.591526,37.0,0.0,0.0,0.376962,290.47222222222223,6.0,9.0
1630671866.0,338090696.0,37.834766,-122.470208,4.646786,0.232845,0.972514,37.0,0.0,0.0,0.322242,1630671866.0,338170012.0,37.797677,-122.512329,7.166245,-0.862239,-0.506502,37.0,11.0,0.0,0.392198,1630671866.0,366864140.0,37.820627,-122.484311,7.897347,0.999931,-0.011727,60.0,17.0,4.0,0.437595,1630671866.0,367389640.0,37.816746,-122.479431,9.46648,-0.888869,0.458161,60.0,21.0,7.0,0.337691,1630671866.0,368052630.0,37.815675,-122.473782,11.707058,-0.987233,0.159284,60.0,42.0,10.0,0.345408,1630671866.0,368186220.0,37.845883,-122.455756,6.876377,-0.806887,0.590706,37.0,0.0,0.0,0.372684,290.47777777777776,6.0,9.0
1630671867.0,338090696.0,37.834787,-122.470202,4.622314,0.232946,0.97249,37.0,0.0,0.0,0.317589,1630671867.0,338170012.0,37.79766,-122.512365,7.168013,-0.86221,-0.506551,37.0,11.0,0.0,0.387519,1630671867.0,366864140.0,37.820627,-122.484265,7.905606,0.999916,-0.01295,60.0,17.0,4.0,0.432658,1630671867.0,367389640.0,37.816766,-122.47948,9.45933,-0.880038,0.474903,60.0,21.0,7.0,0.333815,1630671867.0,368052630.0,37.815683,-122.47385,11.681583,-0.987446,0.157958,60.0,42.0,10.0,0.340412,1630671867.0,368186220.0,37.845902,-122.455788,6.873043,-0.807504,0.589862,37.0,0.0,0.0,0.368408,290.4833333333333,6.0,9.0
1630671868.0,338090696.0,37.834808,-122.470195,4.598055,0.233043,0.972466,37.0,0.0,0.0,0.31296,1630671868.0,338170012.0,37.797643,-122.512402,7.169708,-0.862206,-0.506559,37.0,11.0,0.0,0.382838,1630671868.0,366864140.0,37.820626,-122.484219,7.913874,0.999899,-0.014196,60.0,17.0,4.0,0.427716,1630671868.0,367389640.0,37.816787,-122.479529,9.454899,-0.870996,0.49129,60.0,21.0,7.0,0.329933,1630671868.0,368052630.0,37.815692,-122.473917,11.655186,-0.987653,0.156658,60.0,42.0,10.0,0.335428,1630671868.0,368186220.0,37.845921,-122.455821,6.870106,-0.808139,0.588992,37.0,0.0,0.0,0.364133,290.4888888888889,6.0,9.0
1630671869.0,338090696.0,37.834829,-122.470189,4.574009,0.233138,0.972444,37.0,0.0,0.0,0.308355,1630671869.0,338170012.0,37.797626,-122.512438,7.17133,-0.862225,-0.506525,37.0,11.0,0.0,0.378156,1630671869.0,366864140.0,37.820626,-122.484172,7.922153,0.99988,-0.015463,60.0,17.0,4.0,0.422768,1630671869.0,367389640.0,37.816808,-122.479577,9.453066,-0.861762,0.507313,60.0,21.0,7.0,0.326044,1630671869.0,368052630.0,37.8157,-122.473985,11.627867,-0.987854,0.155384,60.0,42.0,10.0,0.330454,1630671869.0,368186220.0,37.845939,-122.455853,6.867566,-0.80879,0.588097,37.0,0.0,0.0,0.359858,290.49444444444447,6.0,9.0
1630671870.0,338090696.0,37.834849,-122.470183,4.550176,0.23323,0.972422,37.0,0.0,0.0,0.303775,1630671870.0,338170012.0,37.79761,-122.512474,7.17288,-0.86227,-0.506449,37.0,11.0,0.0,0.373473,1630671870.0,366864140.0,37.820625,-122.484126,7.930442,0.99986,-0.016753,60.0,17.0,4.0,0.417816,1630671870.0,367389640.0,37.81683,-122.479625,9.45371,-0.852354,0.522966,60.0,21.0,7.0,0.32215,1630671870.0,368052630.0,37.815709,-122.474052,11.599623,-0.98805,0.154136,60.0,42.0,10.0,0.325491,1630671870.0,368186220.0,37.845958,-122.455886,6.865424,-0.809458,0.587178,37.0,0.0,0.0,0.355584,290.5,6.0,9.0
1630671871.0,338090696.0,37.83487,-122.470176,4.526556,0.233319,0.9724,37.0,0.0,0.0,0.299218,1630671871.0,338170012.0,37.797593,-122.51251,7.174357,-0.862338,-0.506333,37.0,11.0,0.0,0.368789,1630671871.0,366864140.0,37.820625,-122.48408,7.938744,0.999837,-0.018065,60.0,17.0,4.0,0.412858,1630671871.0,367389640.0,37.816853,-122.479672,9.45671,-0.84279,0.538243,60.0,21.0,7.0,0.318248,1630671871.0,368052630.0,37.815717,-122.474119,11.570454,-0.98824,0.152913,60.0,42.0,10.0,0.32054,1630671871.0,368186220.0,37.845977,-122.455918,6.86368,-0.810142,0.586234,37.0,0.0,0.0,0.351311,290.5055555555556,6.0,9.0
1630671872.0,338090696.0,37.83489,-122.47017,4.503149,0.233405,0.97238,37.0,0.0,0.0,0.294685,1630671872.0,338170012.0,37.797576,-122.512546,7.175762,-0.862431,-0.506175,37.0,11.0,0.0,0.364105,1630671872.0,366864140.0,37.820624,-122.484033,7.947059,0.999812,-0.019399,60.0,17.0,4.0,0.407895,1630671872.0,367389640.0,37.816877,-122.479719,9.461945,-0.833088,0.55314,60.0,21.0,7.0,0.31434,1630671872.0,368052630.0,37.815725,-122.474186,11.540359,-0.988424,0.151717,60.0,42.0,10.0,0.315601,1630671872.0,368186220.0,37.845995,-122.455951,6.862336,-0.810842,0.585265,37.0,0.0,0.0,0.347037,290.5111111111111,6.0,9.0
1630671873.0,338090696.0,37.83491,-122.470164,4.479955,0.233488,0.97236,37.0,0.0,0.0,0.290175,1630671873.0,338170012.0,37.797559,-122.512583,7.177094,-0.862548,-0.505976,37.0,11.0,0.0,0.359419,1630671873.0,366864140.0,37.820623,-122.483987,7.955387,0.999785,-0.020755,60.0,17.0,4.0,0.402927,1630671873.0,367389640.0,37.816901,-122.479765,9.469295,-0.823266,0.567656,60.0,21.0,7.0,0.310424,1630671873.0,368052630.0,37.815733,-122.474253,11.509336,-0.988603,0.150546,60.0,42.0,10.0,0.310674,1630671873.0,368186220.0,37.846014,-122.455983,6.861392,-0.811558,0.584271,37.0,0.0,0.0,0.342763,290.51666666666665,6.0,9.0
1630671874.0,338090696.0,37.83493,-122.470158,4.456974,0.233568,0.97234,37.0,0.0,0.0,0.285688,1630671874.0,338170012.0,37.797542,-122.512619,7.178355,-0.862689,-0.505735,37.0,11.0,0.0,0.354732,1630671874.0,366864140.0,37.820623,-122.48394,7.963729,0.999755,-0.022133,60.0,17.0,4.0,0.397953,1630671874.0,367389640.0,37.816926,-122.479811,9.478639,-0.813341,0.581787,60.0,21.0,7.0,0.306501,1630671874.0,368052630.0,37.815741,-122.47432,11.477383,-0.988777,0.149401,60.0,42.0,10.0,0.30576,1630671874.0,368186220.0,37.846032,-122.456016,6.860849,-0.81229,0.583253,37.0,0.0,0.0,0.338489,290.52222222222224,6.0,9.0
1630671875.0,338090696.0,37.83495,-122.470152,4.434205,0.233645,0.972322,37.0,0.0,0.0,0.281224,1630671875.0,338170012.0,37.797526,-122.512655,7.179544,-0.862854,-0.505453,37.0,11.0,0.0,0.350044,1630671875.0,366864140.0,37.820622,-122.483893,7.972086,0.999723,-0.023533,60.0,17.0,4.0,0.392974,1630671875.0,367389640.0,37.816951,-122.479856,9.489858,-0.80333,0.595534,60.0,21.0,7.0,0.30257,1630671875.0,368052630.0,37.815749,-122.474386,11.444501,-0.988945,0.148281,60.0,42.0,10.0,0.30086,1630671875.0,368186220.0,37.846051,-122.456049,6.860707,-0.813038,0.582211,37.0,0.0,0.0,0.334213,290.52777777777777,6.0,9.0
1630671876.0,338090696.0,37.83497,-122.470146,4.41165,0.233718,0.972304,37.0,0.0,0.0,0.276784,1630671876.0,338170012.0,37.797509,-122.512691,7.180661,-0.863043,-0.50513,37.0,11.0,0.0,0.345355,1630671876.0,366864140.0,37.820621,-122.483847,7.980459,0.999689,-0.024955,60.0,17.0,4.0,0.38799,1630671876.0,367389640.0,37.816977,-122.4799,9.502834,-0.793249,0.608898,60.0,21.0,7.0,0.298632,1630671876.0,368052630.0,37.815757,-122.474452,11.410687,-0.989109,0.147187,60.0,42.0,10.0,0.295973,1630671876.0,368186220.0,37.846069,-122.456081,6.860968,-0.8138,0.581144,37.0,0.0,0.0,0.329937,290.53333333333336,6.0,9.0
1630671877.0,338090696.0,37.83499,-122.47014,4.389307,0.233789,0.972287,37.0,0.0,0.0,0.272365,1630671877.0,338170012.0,37.797492,-122.512728,7.181708,-0.863256,-0.504766,37.0,11.0,0.0,0.340666,1630671877.0,366864140.0,37.82062,-122.4838,7.988889,0.999652,-0.026393,60.0,17.0,4.0,0.383,1630671877.0,367389640.0,37.817004,-122.479945,9.51745,-0.783112,0.62188,60.0,21.0,7.0,0.294685,1630671877.0,368052630.0,37.815765,-122.474518,11.37594,-0.989267,0.146118,60.0,42.0,10.0,0.291101,1630671877.0,368186220.0,37.846088,-122.456114,6.861631,-0.814578,0.580054,37.0,0.0,0.0,0.325659,290.5388888888889,6.0,9.0
1630671878.0,338090696.0,37.83501,-122.470134,4.367177,0.233856,0.972271,37.0,0.0,0.0,0.267969,1630671878.0,338170012.0,37.797475,-122.512764,7.182684,-0.863493,-0.50436,37.0,11.0,0.0,0.335975,1630671878.0,366864140.0,37.820619,-122.483753,7.997543,0.999613,-0.027827,60.0,17.0,4.0,0.378005,1630671878.0,367389640.0,37.817032,-122.479988,9.533591,-0.772936,0.634484,60.0,21.0,7.0,0.290731,1630671878.0,368052630.0,37.815772,-122.474584,11.34026,-0.989421,0.145075,60.0,42.0,10.0,0.286242,1630671878.0,368186220.0,37.846106,-122.456147,6.862699,-0.815371,0.578939,37.0,0.0,0.0,0.321379,290.5444444444444,6.0,9.0
1630671879.0,338090696.0,37.83503,-122.470128,4.345261,0.233919,0.972256,37.0,0.0,0.0,0.263595,1630671879.0,338170012.0,37.797458,-122.5128,7.18359,-0.863754,-0.503913,37.0,11.0,0.0,0.331283,1630671879.0,366864140.0,37.820618,-122.483706,8.006462,0.999572,-0.029254,60.0,17.0,4.0,0.373005,1630671879.0,367389640.0,37.81706,-122.480031,9.551143,-0.762734,0.646712,60.0,21.0,7.0,0.286768,1630671879.0,368052630.0,37.81578,-122.47465,11.303674,-0.989569,0.144058,60.0,42.0,10.0,0.281399,1630671879.0,368186220.0,37.846125,-122.45618,6.864171,-0.816178,0.5778,37.0,0.0,0.0,0.317097,290.55,6.0,9.0
1630671880.0,338090696.0,37.835049,-122.470122,4.323557,0.233979,0.972242,37.0,0.0,0.0,0.259243,1630671880.0,338170012.0,37.797442,-122.512837,7.184426,-0.864039,-0.503424,37.0,11.0,0.0,0.32659,1630671880.0,366864140.0,37.820617,-122.48366,8.015645,0.99953,-0.030671,60.0,17.0,4.0,0.367999,1630671880.0,367389640.0,37.817088,-122.480074,9.569995,-0.75252,0.65857,60.0,21.0,7.0,0.282796,1630671880.0,368052630.0,37.815788,-122.474716,11.266295,-0.989713,0.14307,60.0,42.0,10.0,0.276571,1630671880.0,368186220.0,37.846143,-122.456212,6.866049,-0.817,0.576638,37.0,0.0,0.0,0.312813,290.55555555555554,6.0,9.0
1630671881.0,338090696.0,37.835069,-122.470116,4.302065,0.234036,0.972228,37.0,0.0,0.0,0.254913,1630671881.0,338170012.0,37.797425,-122.512873,7.185194,-0.864348,-0.502894,37.0,11.0,0.0,0.321897,1630671881.0,366864140.0,37.820616,-122.483613,8.025093,0.999485,-0.03208,60.0,17.0,4.0,0.362988,1630671881.0,367389640.0,37.817117,-122.480116,9.590037,-0.742306,0.670061,60.0,21.0,7.0,0.278817,1630671881.0,368052630.0,37.815795,-122.474781,11.22815,-0.989851,0.142111,60.0,42.0,10.0,0.271759,1630671881.0,368186220.0,37.846161,-122.456245,6.868332,-0.817836,0.575452,37.0,0.0,0.0,0.308527,290.5611111111112,6.0,9.0
1630671882.0,338090696.0,37.835088,-122.47011,4.280787,0.234089,0.972215,37.0,0.0,0.0,0.250604,1630671882.0,338170012.0,37.797408,-122.512909,7.185893,-0.86468,-0.502323,37.0,11.0,0.0,0.317202,1630671882.0,366864140.0,37.820615,-122.483566,8.034805,0.999439,-0.03348,60.0,17.0,4.0,0.35797,1630671882.0,367389640.0,37.817147,-122.480158,9.611161,-0.732104,0.681193,60.0,21.0,7.0,0.274829,1630671882.0,368052630.0,37.815802,-122.474846,11.189238,-0.989984,0.141182,60.0,42.0,10.0,0.266963,1630671882.0,368186220.0,37.84618,-122.456278,6.871023,-0.818685,0.574243,37.0,0.0,0.0,0.304238,290.56666666666666,6.0,9.0
1630671883.0,338090696.0,37.835107,-122.470104,4.259722,0.234138,0.972203,37.0,0.0,0.0,0.246317,1630671883.0,338170012.0,37.797392,-122.512946,7.186525,-0.865036,-0.50171,37.0,11.0,0.0,0.312506,1630671883.0,366864140.0,37.820613,-122.483519,8.04478,0.999392,-0.034871,60.0,17.0,4.0,0.352946,1630671883.0,367389640.0,37.817177,-122.480199,9.633262,-0.721926,0.69197,60.0,21.0,7.0,0.270832,1630671883.0,368052630.0,37.81581,-122.474911,11.149559,-0.990111,0.140283,60.0,42.0,10.0,0.262183,1630671883.0,368186220.0,37.846198,-122.456311,6.874122,-0.819548,0.57301,37.0,0.0,0.0,0.299945,290.5722222222222,6.0,9.0
1630671884.0,338090696.0,37.835126,-122.470098,4.238869,0.234184,0.972192,37.0,0.0,0.0,0.24205,1630671884.0,338170012.0,37.797375,-122.512982,7.187089,-0.865416,-0.501055,37.0,11.0,0.0,0.30781,1630671884.0,366864140.0,37.820612,-122.483472,8.055019,0.999343,-0.036252,60.0,17.0,4.0,0.347917,1630671884.0,367389640.0,37.817208,-122.48024,9.656236,-0.711782,0.7024,60.0,21.0,7.0,0.266827,1630671884.0,368052630.0,37.815817,-122.474975,11.109111,-0.990234,0.139414,60.0,42.0,10.0,0.25742,1630671884.0,368186220.0,37.846216,-122.456344,6.87763,-0.820425,0.571754,37.0,0.0,0.0,0.295649,290.5777777777778,6.0,9.0
1630671885.0,338090696.0,37.835146,-122.470092,4.21823,0.234226,0.972182,37.0,0.0,0.0,0.237805,1630671885.0,338170012.0,37.797358,-122.513018,7.187588,-0.865818,-0.500358,37.0,11.0,0.0,0.303112,1630671885.0,366864140.0,37.820611,-122.483424,8.065521,0.999292,-0.037625,60.0,17.0,4.0,0.34288,1630671885.0,367389640.0,37.81724,-122.48028,9.679984,-0.701682,0.71249,60.0,21.0,7.0,0.262813,1630671885.0,368052630.0,37.815824,-122.47504,11.067893,-0.990352,0.138575,60.0,42.0,10.0,0.252674,1630671885.0,368186220.0,37.846234,-122.456377,6.881547,-0.821314,0.570476,37.0,0.0,0.0,0.29135,290.5833333333333,6.0,9.0
1630671886.0,338090696.0,37.835164,-122.470087,4.197803,0.234264,0.972173,37.0,0.0,0.0,0.23358,1630671886.0,338170012.0,37.797342,-122.513055,7.188021,-0.866245,-0.49962,37.0,11.0,0.0,0.298413,1630671886.0,366864140.0,37.820609,-122.483377,8.076286,0.99924,-0.038988,60.0,17.0,4.0,0.337837,1630671886.0,367389640.0,37.817272,-122.48032,9.704407,-0.691635,0.722247,60.0,21.0,7.0,0.258791,1630671886.0,368052630.0,37.815831,-122.475104,11.025904,-0.990465,0.137767,60.0,42.0,10.0,0.247946,1630671886.0,368186220.0,37.846252,-122.45641,6.885875,-0.822216,0.569175,37.0,0.0,0.0,0.287047,290.5888888888889,6.0,9.0
1630671887.0,338090696.0,37.835183,-122.470081,4.177589,0.234298,0.972165,37.0,0.0,0.0,0.229375,1630671887.0,338170012.0,37.797325,-122.513091,7.18839,-0.866694,-0.49884,37.0,11.0,0.0,0.293713,1630671887.0,366864140.0,37.820608,-122.48333,8.087314,0.999186,-0.040342,60.0,17.0,4.0,0.332788,1630671887.0,367389640.0,37.817304,-122.480359,9.729408,-0.68165,0.731679,60.0,21.0,7.0,0.25476,1630671887.0,368052630.0,37.815838,-122.475168,10.983144,-0.990573,0.136988,60.0,42.0,10.0,0.243235,1630671887.0,368186220.0,37.846271,-122.456443,6.890614,-0.823131,0.567851,37.0,0.0,0.0,0.282739,290.59444444444443,6.0,9.0
1630671888.0,338090696.0,37.835202,-122.470075,4.157588,0.234328,0.972158,37.0,0.0,0.0,0.225191,1630671888.0,338170012.0,37.797308,-122.513128,7.188696,-0.867166,-0.498018,37.0,11.0,0.0,0.289013,1630671888.0,366864140.0,37.820606,-122.483283,8.098605,0.999131,-0.041687,60.0,17.0,4.0,0.327731,1630671888.0,367389640.0,37.817337,-122.480398,9.754896,-0.671733,0.740793,60.0,21.0,7.0,0.250721,1630671888.0,368052630.0,37.815845,-122.475232,10.939611,-0.990676,0.136241,60.0,42.0,10.0,0.238542,1630671888.0,368186220.0,37.846289,-122.456477,6.895765,-0.824058,0.566506,37.0,0.0,0.0,0.278427,290.6,6.0,9.0
1630671889.0,338090696.0,37.835221,-122.470069,4.1378,0.234355,0.972151,37.0,0.0,0.0,0.221027,1630671889.0,338170012.0,37.797292,-122.513164,7.188939,-0.867662,-0.497155,37.0,11.0,0.0,0.284311,1630671889.0,366864140.0,37.820605,-122.483235,8.110157,0.999074,-0.043022,60.0,17.0,4.0,0.322668,1630671889.0,367389640.0,37.81737,-122.480436,9.780779,-0.661893,0.749598,60.0,21.0,7.0,0.246674,1630671889.0,368052630.0,37.815852,-122.475295,10.895305,-0.990774,0.135525,60.0,42.0,10.0,0.233868,1630671889.0,368186220.0,37.846307,-122.45651,6.90133,-0.824997,0.565138,37.0,0.0,0.0,0.27411,290.60555555555555,6.0,9.0
1630671890.0,338090696.0,37.835239,-122.470064,4.118224,0.234377,0.972146,37.0,0.0,0.0,0.216883,1630671890.0,338170012.0,37.797275,-122.513201,7.18912,-0.86818,-0.496249,37.0,11.0,0.0,0.279608,1630671890.0,366864140.0,37.820603,-122.483188,8.121972,0.999016,-0.044347,60.0,17.0,4.0,0.317597,1630671890.0,367389640.0,37.817404,-122.480474,9.806969,-0.652135,0.758102,60.0,21.0,7.0,0.242618,1630671890.0,368052630.0,37.815859,-122.475358,10.850225,-0.990867,0.134839,60.0,42.0,10.0,0.229212,1630671890.0,368186220.0,37.846325,-122.456543,6.907308,-0.825947,0.563748,37.0,0.0,0.0,0.269788,290.6111111111111,6.0,9.0
1630671891.0,338090696.0,37.835258,-122.470058,4.098862,0.234395,0.972142,37.0,0.0,0.0,0.212758,1630671891.0,338170012.0,37.797259,-122.513237,7.189242,-0.868722,-0.495301,37.0,11.0,0.0,0.274904,1630671891.0,366864140.0,37.820601,-122.48314,8.134049,0.998957,-0.045663,60.0,17.0,4.0,0.312519,1630671891.0,367389640.0,37.817439,-122.480512,9.833381,-0.642466,0.766314,60.0,21.0,7.0,0.238555,1630671891.0,368052630.0,37.815866,-122.475421,10.804369,-0.990956,0.134185,60.0,42.0,10.0,0.224576,1630671891.0,368186220.0,37.846343,-122.456577,6.913701,-0.826908,0.562337,37.0,0.0,0.0,0.265461,290.6166666666667,6.0,9.0
1630671892.0,338090696.0,37.835276,-122.470053,4.079712,0.234409,0.972138,37.0,0.0,0.0,0.208652,1630671892.0,338170012.0,37.797242,-122.513274,7.189304,-0.869286,-0.49431,37.0,11.0,0.0,0.2702,1630671892.0,366864140.0,37.8206,-122.483093,8.146387,0.998896,-0.046968,60.0,17.0,4.0,0.307433,1630671892.0,367389640.0,37.817473,-122.480549,9.85993,-0.632891,0.774241,60.0,21.0,7.0,0.234483,1630671892.0,368052630.0,37.815872,-122.475484,10.757738,-0.99104,0.133563,60.0,42.0,10.0,0.219958,1630671892.0,368186220.0,37.846361,-122.45661,6.920511,-0.827881,0.560904,37.0,0.0,0.0,0.261128,290.6222222222222,6.0,9.0
1630671893.0,338090696.0,37.835295,-122.470047,4.060775,0.234418,0.972136,37.0,0.0,0.0,0.204566,1630671893.0,338170012.0,37.797226,-122.513311,7.189307,-0.869872,-0.493278,37.0,11.0,0.0,0.265494,1630671893.0,366864140.0,37.820598,-122.483045,8.158986,0.998835,-0.048264,60.0,17.0,4.0,0.30234,1630671893.0,367389640.0,37.817509,-122.480585,9.886538,-0.623414,0.781892,60.0,21.0,7.0,0.230404,1630671893.0,368052630.0,37.815879,-122.475547,10.710331,-0.99112,0.132973,60.0,42.0,10.0,0.215361,1630671893.0,368186220.0,37.846379,-122.456644,6.927737,-0.828864,0.559451,37.0,0.0,0.0,0.256789,290.6277777777778,6.0,9.0
1630671894.0,338090696.0,37.835313,-122.470041,4.042051,0.234423,0.972135,37.0,0.0,0.0,0.200499,1630671894.0,338170012.0,37.797209,-122.513347,7.189254,-0.870481,-0.492202,37.0,11.0,0.0,0.260787,1630671894.0,366864140.0,37.820596,-122.482997,8.171847,0.998772,-0.04955,60.0,17.0,4.0,0.297239,1630671894.0,367389640.0,37.817545,-122.480621,9.913126,-0.61404,0.789275,60.0,21.0,7.0,0.226317,1630671894.0,368052630.0,37.815886,-122.475609,10.662146,-0.991194,0.132415,60.0,42.0,10.0,0.210784,1630671894.0,368186220.0,37.846397,-122.456678,6.93538,-0.829857,0.557976,37.0,0.0,0.0,0.252444,290.6333333333333,6.0,9.0
1630671895.0,338090696.0,37.835331,-122.470036,4.02354,0.234424,0.972134,37.0,0.0,0.0,0.19645,1630671895.0,338170012.0,37.797193,-122.513384,7.189146,-0.871112,-0.491085,37.0,11.0,0.0,0.256079,1630671895.0,366864140.0,37.820594,-122.482949,8.184968,0.998708,-0.050826,60.0,17.0,4.0,0.292129,1630671895.0,367389640.0,37.817581,-122.480657,9.939618,-0.604773,0.796398,60.0,21.0,7.0,0.222223,1630671895.0,368052630.0,37.815892,-122.475671,10.613184,-0.991264,0.13189,60.0,42.0,10.0,0.206227,1630671895.0,368186220.0,37.846415,-122.456711,6.943443,-0.83086,0.556481,37.0,0.0,0.0,0.248093,290.6388888888889,6.0,9.0
1630671896.0,338090696.0,37.835349,-122.47003,4.005242,0.234421,0.972135,37.0,0.0,0.0,0.19242,1630671896.0,338170012.0,37.797177,-122.51342,7.188983,-0.871765,-0.489924,37.0,11.0,0.0,0.25137,1630671896.0,366864140.0,37.820592,-122.482902,8.19835,0.998642,-0.052092,60.0,17.0,4.0,0.287012,1630671896.0,367389640.0,37.817617,-122.480692,9.965941,-0.595615,0.80327,60.0,21.0,7.0,0.218121,1630671896.0,368052630.0,37.815899,-122.475732,10.563443,-0.99133,0.131397,60.0,42.0,10.0,0.201692,1630671896.0,368186220.0,37.846433,-122.456745,6.951924,-0.831873,0.554966,37.0,0.0,0.0,0.243734,290.64444444444445,6.0,9.0
1630671897.0,338090696.0,37.835367,-122.470025,3.987157,0.234413,0.972137,37.0,0.0,0.0,0.188409,1630671897.0,338170012.0,37.79716,-122.513457,7.188768,-0.87244,-0.488721,37.0,11.0,0.0,0.24666,1630671897.0,366864140.0,37.82059,-122.482854,8.211992,0.998576,-0.053347,60.0,17.0,4.0,0.281887,1630671897.0,367389640.0,37.817654,-122.480727,9.992024,-0.58657,0.809899,60.0,21.0,7.0,0.214013,1630671897.0,368052630.0,37.815905,-122.475794,10.512923,-0.99139,0.130938,60.0,42.0,10.0,0.197177,1630671897.0,368186220.0,37.84645,-122.456779,6.960827,-0.832895,0.553431,37.0,0.0,0.0,0.239369,290.65,6.0,9.0
1630671898.0,338090696.0,37.835385,-122.470019,3.969284,0.2344,0.97214,37.0,0.0,0.0,0.184415,1630671898.0,338170012.0,37.797144,-122.513494,7.188501,-0.873137,-0.487475,37.0,11.0,0.0,0.241949,1630671898.0,366864140.0,37.820588,-122.482806,8.225894,0.998509,-0.054592,60.0,17.0,4.0,0.276753,1630671898.0,367389640.0,37.817692,-122.480761,10.017799,-0.577639,0.816292,60.0,21.0,7.0,0.209897,1630671898.0,368052630.0,37.815911,-122.475855,10.461624,-0.991447,0.130513,60.0,42.0,10.0,0.192684,1630671898.0,368186220.0,37.846468,-122.456813,6.97015,-0.833927,0.551875,37.0,0.0,0.0,0.234996,290.6555555555556,6.0,9.0
1630671899.0,338090696.0,37.835403,-122.470014,3.951624,0.234383,0.972144,37.0,0.0,0.0,0.180439,1630671899.0,338170012.0,37.797128,-122.513531,7.188184,-0.873856,-0.486185,37.0,11.0,0.0,0.237236,1630671899.0,366864140.0,37.820586,-122.482757,8.240056,0.99844,-0.055827,60.0,17.0,4.0,0.27161,1630671899.0,367389640.0,37.81773,-122.480795,10.043199,-0.568826,0.822458,60.0,21.0,7.0,0.205775,1630671899.0,368052630.0,37.815918,-122.475915,10.409545,-0.991498,0.130122,60.0,42.0,10.0,0.188212,1630671899.0,368186220.0,37.846486,-122.456847,6.979896,-0.834966,0.550301,37.0,0.0,0.0,0.230616,290.6611111111111,6.0,9.0
1630671900.0,338090696.0,37.835421,-122.470008,3.934177,0.234361,0.97215,37.0,0.0,0.0,0.176481,1630671900.0,338170012.0,37.797112,-122.513567,7.187818,-0.874596,-0.484853,37.0,11.0,0.0,0.232523,1630671900.0,366864140.0,37.820584,-122.482709,8.254478,0.998371,-0.057052,60.0,17.0,4.0,0.266458,1630671900.0,367389640.0,37.817768,-122.480829,10.068161,-0.560131,0.828404,60.0,21.0,7.0,0.201647,1630671900.0,368052630.0,37.815924,-122.475976,10.356686,-0.991545,0.129765,60.0,42.0,10.0,0.183763,1630671900.0,368186220.0,37.846504,-122.456881,6.990065,-0.836015,0.548707,37.0,0.0,0.0,0.226228,290.6666666666667,6.0,9.0
1630671901.0,338090696.0,37.835439,-122.470003,3.916943,0.234334,0.972156,37.0,0.0,0.0,0.172541,1630671901.0,338170012.0,37.797096,-122.513604,7.187406,-0.875357,-0.483477,37.0,11.0,0.0,0.227809,1630671901.0,366864140.0,37.820582,-122.482661,8.269159,0.998301,-0.058266,60.0,17.0,4.0,0.261298,1630671901.0,367389640.0,37.817806,-122.480862,10.092623,-0.551556,0.834138,60.0,21.0,7.0,0.197512,1630671901.0,368052630.0,37.81593,-122.476036,10.303046,-0.991587,0.129444,60.0,42.0,10.0,0.179337,1630671901.0,368186220.0,37.846522,-122.456915,7.000658,-0.837071,0.547095,37.0,0.0,0.0,0.221832,290.6722222222222,6.0,9.0
1630671902.0,338090696.0,37.835456,-122.469998,3.899922,0.234303,0.972164,37.0,0.0,0.0,0.168618,1630671902.0,338170012.0,37.79708,-122.513641,7.186949,-0.87614,-0.482057,37.0,11.0,0.0,0.223093,1630671902.0,366864140.0,37.82058,-122.482613,8.284098,0.99823,-0.05947,60.0,17.0,4.0,0.256128,1630671902.0,367389640.0,37.817845,-122.480894,10.116526,-0.543103,0.839666,60.0,21.0,7.0,0.193372,1630671902.0,368052630.0,37.815936,-122.476096,10.248624,-0.991624,0.129158,60.0,42.0,10.0,0.174933,1630671902.0,368186220.0,37.846539,-122.45695,7.011676,-0.838134,0.545464,37.0,0.0,0.0,0.217427,290.6777777777778,6.0,9.0
1630671903.0,338090696.0,37.835474,-122.469992,3.883114,0.234266,0.972172,37.0,0.0,0.0,0.164712,1630671903.0,338170012.0,37.797064,-122.513678,7.186448,-0.876943,-0.480594,37.0,11.0,0.0,0.218376,1630671903.0,366864140.0,37.820577,-122.482564,8.299297,0.998158,-0.060663,60.0,17.0,4.0,0.25095,1630671903.0,367389640.0,37.817885,-122.480927,10.139811,-0.534771,0.844997,60.0,21.0,7.0,0.189227,1630671903.0,368052630.0,37.815943,-122.476155,10.193421,-0.991657,0.128908,60.0,42.0,10.0,0.170552,1630671903.0,368186220.0,37.846557,-122.456984,7.02312,-0.839206,0.543814,37.0,0.0,0.0,0.213013,290.68333333333334,6.0,9.0
1630671904.0,338090696.0,37.835491,-122.469987,3.866519,0.234225,0.972182,37.0,0.0,0.0,0.160823,1630671904.0,338170012.0,37.797048,-122.513715,7.185905,-0.877767,-0.479087,37.0,11.0,0.0,0.213658,1630671904.0,366864140.0,37.820575,-122.482516,8.314754,0.998086,-0.061846,60.0,17.0,4.0,0.245761,1630671904.0,367389640.0,37.817924,-122.480958,10.162422,-0.526561,0.850137,60.0,21.0,7.0,0.185076,1630671904.0,368052630.0,37.815949,-122.476214,10.137437,-0.991684,0.128694,60.0,42.0,10.0,0.166195,1630671904.0,368186220.0,37.846575,-122.457019,7.034991,-0.840284,0.542147,37.0,0.0,0.0,0.208591,290.68888888888887,6.0,9.0
1630671905.0,338090696.0,37.835509,-122.469982,3.850136,0.234179,0.972193,37.0,0.0,0.0,0.15695,1630671905.0,338170012.0,37.797032,-122.513752,7.185322,-0.878612,-0.477536,37.0,11.0,0.0,0.208939,1630671905.0,366864140.0,37.820573,-122.482467,8.33047,0.998012,-0.063018,60.0,17.0,4.0,0.240564,1630671905.0,367389640.0,37.817964,-122.48099,10.184308,-0.518475,0.855093,60.0,21.0,7.0,0.180921,1630671905.0,368052630.0,37.815955,-122.476273,10.08067,-0.991707,0.128517,60.0,42.0,10.0,0.161862,1630671905.0,368186220.0,37.846592,-122.457053,7.047289,-0.841368,0.540462,37.0,0.0,0.0,0.204159,290.69444444444446,6.0,9.0
1630671906.0,338090696.0,37.835526,-122.469976,3.833966,0.234128,0.972206,37.0,0.0,0.0,0.153094,1630671906.0,338170012.0,37.797016,-122.513789,7.184702,-0.879477,-0.475941,37.0,11.0,0.0,0.204219,1630671906.0,366864140.0,37.82057,-122.482418,8.346443,0.997938,-0.064179,60.0,17.0,4.0,0.235356,1630671906.0,367389640.0,37.818005,-122.481021,10.205415,-0.510511,0.859871,60.0,21.0,7.0,0.17676,1630671906.0,368052630.0,37.815961,-122.476332,10.023121,-0.991725,0.128379,60.0,42.0,10.0,0.157553,1630671906.0,368186220.0,37.84661,-122.457088,7.060017,-0.842459,0.53876,37.0,0.0,0.0,0.199717,290.7,6.0,9.0
1630671907.0,338090696.0,37.835543,-122.469971,3.81801,0.234071,0.972219,37.0,0.0,0.0,0.149254,1630671907.0,338170012.0,37.797,-122.513826,7.184045,-0.880362,-0.474302,37.0,11.0,0.0,0.199498,1630671907.0,366864140.0,37.820568,-122.48237,8.362675,0.997864,-0.065329,60.0,17.0,4.0,0.230139,1630671907.0,367389640.0,37.818045,-122.481051,10.225693,-0.50267,0.864479,60.0,21.0,7.0,0.172596,1630671907.0,368052630.0,37.815967,-122.47639,9.96479,-0.991738,0.128278,60.0,42.0,10.0,0.153269,1630671907.0,368186220.0,37.846627,-122.457123,7.073174,-0.843556,0.537041,37.0,0.0,0.0,0.195265,290.7055555555556,6.0,9.0
1630671908.0,338090696.0,37.83556,-122.469966,3.802266,0.23401,0.972234,37.0,0.0,0.0,0.14543,1630671908.0,338170012.0,37.796984,-122.513863,7.183353,-0.881267,-0.472618,37.0,11.0,0.0,0.194775,1630671908.0,366864140.0,37.820565,-122.482321,8.379164,0.997788,-0.066469,60.0,17.0,4.0,0.224911,1630671908.0,367389640.0,37.818086,-122.481081,10.245096,-0.494951,0.868921,60.0,21.0,7.0,0.168428,1630671908.0,368052630.0,37.815972,-122.476448,9.905676,-0.991746,0.128216,60.0,42.0,10.0,0.14901,1630671908.0,368186220.0,37.846645,-122.457158,7.086761,-0.844659,0.535305,37.0,0.0,0.0,0.190804,290.7111111111111,6.0,9.0
1630671909.0,338090696.0,37.835577,-122.469961,3.786734,0.233943,0.97225,37.0,0.0,0.0,0.141622,1630671909.0,338170012.0,37.796969,-122.5139,7.18263,-0.882192,-0.47089,37.0,11.0,0.0,0.190052,1630671909.0,366864140.0,37.820563,-122.482272,8.39591,0.997713,-0.067598,60.0,17.0,4.0,0.219674,1630671909.0,367389640.0,37.818127,-122.481111,10.263576,-0.487353,0.873205,60.0,21.0,7.0,0.164257,1630671909.0,368052630.0,37.815978,-122.476505,9.845779,-0.991749,0.128195,60.0,42.0,10.0,0.144775,1630671909.0,368186220.0,37.846663,-122.457193,7.10078,-0.845766,0.533553,37.0,0.0,0.0,0.186331,290.71666666666664,6.0,9.0
1630671910.0,338090696.0,37.835594,-122.469955,3.771416,0.233872,0.972267,37.0,0.0,0.0,0.137829,1630671910.0,338170012.0,37.796953,-122.513937,7.181876,-0.883136,-0.469116,37.0,11.0,0.0,0.185327,1630671910.0,366864140.0,37.82056,-122.482223,8.412914,0.997636,-0.068716,60.0,17.0,4.0,0.214426,1630671910.0,367389640.0,37.818169,-122.48114,10.281088,-0.479878,0.877335,60.0,21.0,7.0,0.160082,1630671910.0,368052630.0,37.815984,-122.476563,9.7851,-0.991747,0.128213,60.0,42.0,10.0,0.140567,1630671910.0,368186220.0,37.84668,-122.457228,7.115232,-0.846879,0.531786,37.0,0.0,0.0,0.181849,290.72222222222223,6.0,9.0
1630671911.0,338090696.0,37.835611,-122.46995,3.756311,0.233794,0.972286,37.0,0.0,0.0,0.134052,1630671911.0,338170012.0,37.796937,-122.513974,7.181094,-0.8841,-0.467298,37.0,11.0,0.0,0.1806,1630671911.0,366864140.0,37.820557,-122.482174,8.430174,0.997559,-0.069823,60.0,17.0,4.0,0.209167,1630671911.0,367389640.0,37.818211,-122.481169,10.297589,-0.472522,0.881319,60.0,21.0,7.0,0.155905,1630671911.0,368052630.0,37.81599,-122.476619,9.723638,-0.991739,0.128273,60.0,42.0,10.0,0.136384,1630671911.0,368186220.0,37.846698,-122.457263,7.130116,-0.847996,0.530002,37.0,0.0,0.0,0.177355,290.72777777777776,6.0,9.0
1630671912.0,338090696.0,37.835628,-122.469945,3.741419,0.233712,0.972306,37.0,0.0,0.0,0.13029,1630671912.0,338170012.0,37.796922,-122.514011,7.180286,-0.885082,-0.465435,37.0,11.0,0.0,0.175873,1630671912.0,366864140.0,37.820555,-122.482124,8.447691,0.997482,-0.070919,60.0,17.0,4.0,0.203898,1630671912.0,367389640.0,37.818253,-122.481198,10.313039,-0.465286,0.88516,60.0,21.0,7.0,0.151726,1630671912.0,368052630.0,37.815996,-122.476676,9.661394,-0.991726,0.128374,60.0,42.0,10.0,0.132228,1630671912.0,368186220.0,37.846715,-122.457299,7.145435,-0.849118,0.528204,37.0,0.0,0.0,0.172849,290.7333333333333,6.0,9.0
1630671913.0,338090696.0,37.835645,-122.46994,3.726739,0.233624,0.972327,37.0,0.0,0.0,0.126543,1630671913.0,338170012.0,37.796906,-122.514048,7.179454,-0.886083,-0.463526,37.0,11.0,0.0,0.171144,1630671913.0,366864140.0,37.820552,-122.482075,8.465464,0.997404,-0.072004,60.0,17.0,4.0,0.198618,1630671913.0,367389640.0,37.818295,-122.481226,10.327396,-0.458169,0.888865,60.0,21.0,7.0,0.147545,1630671913.0,368052630.0,37.816002,-122.476732,9.598367,-0.991707,0.128518,60.0,42.0,10.0,0.128099,1630671913.0,368186220.0,37.846733,-122.457334,7.161188,-0.850243,0.52639,37.0,0.0,0.0,0.168332,290.7388888888889,6.0,9.0
1630671914.0,338090696.0,37.835662,-122.469935,3.712272,0.233531,0.972349,37.0,0.0,0.0,0.122811,1630671914.0,338170012.0,37.796891,-122.514086,7.1786,-0.887103,-0.461572,37.0,11.0,0.0,0.166414,1630671914.0,366864140.0,37.820549,-122.482026,8.483494,0.997326,-0.073079,60.0,17.0,4.0,0.193327,1630671914.0,367389640.0,37.818337,-122.481253,10.340622,-0.45117,0.892438,60.0,21.0,7.0,0.143362,1630671914.0,368052630.0,37.816007,-122.476788,9.534558,-0.991683,0.128706,60.0,42.0,10.0,0.123996,1630671914.0,368186220.0,37.84675,-122.45737,7.177233,-0.851366,0.524572,37.0,0.0,0.0,0.163803,290.74444444444447,6.0,9.0
1630671915.0,338090696.0,37.835679,-122.46993,3.698019,0.233432,0.972373,37.0,0.0,0.0,0.119093,1630671915.0,338170012.0,37.796876,-122.514123,7.177727,-0.88814,-0.459573,37.0,11.0,0.0,0.161682,1630671915.0,366864140.0,37.820546,-122.481976,8.501779,0.997248,-0.074142,60.0,17.0,4.0,0.188025,1630671915.0,367389640.0,37.81838,-122.481281,10.35268,-0.444287,0.895885,60.0,21.0,7.0,0.139179,1630671915.0,368052630.0,37.816013,-122.476843,9.469967,-0.991653,0.128939,60.0,42.0,10.0,0.119921,1630671915.0,368186220.0,37.846767,-122.457406,7.192987,-0.852461,0.522791,37.0,0.0,0.0,0.159262,290.75,6.0,9.0
1630671916.0,338090696.0,37.835695,-122.469925,3.683978,0.233327,0.972398,37.0,0.0,0.0,0.11539,1630671916.0,338170012.0,37.79686,-122.51416,7.176838,-0.889196,-0.457527,37.0,11.0,0.0,0.156949,1630671916.0,366864140.0,37.820543,-122.481926,8.52032,0.997169,-0.075194,60.0,17.0,4.0,0.182711,1630671916.0,367389640.0,37.818423,-122.481308,10.363533,-0.437519,0.899209,60.0,21.0,7.0,0.134995,1630671916.0,368052630.0,37.816019,-122.476898,9.404595,-0.991616,0.129217,60.0,42.0,10.0,0.115873,1630671916.0,368186220.0,37.846785,-122.457442,7.208304,-0.853522,0.521057,37.0,0.0,0.0,0.154709,290.7555555555556,6.0,9.0
1630671917.0,338090696.0,37.835712,-122.46992,3.67015,0.233217,0.972425,37.0,0.0,0.0,0.1117,1630671917.0,338170012.0,37.796845,-122.514198,7.175934,-0.890269,-0.455435,37.0,11.0,0.0,0.152215,1630671917.0,366864140.0,37.82054,-122.481877,8.539116,0.99709,-0.076235,60.0,17.0,4.0,0.177386,1630671917.0,367389640.0,37.818466,-122.481334,10.373148,-0.430865,0.902416,60.0,21.0,7.0,0.13081,1630671917.0,368052630.0,37.816024,-122.476953,9.338441,-0.991574,0.129542,60.0,42.0,10.0,0.111853,1630671917.0,368186220.0,37.846802,-122.457478,7.223182,-0.854551,0.519368,37.0,0.0,0.0,0.150145,290.7611111111111,6.0,9.0
1630671918.0,338090696.0,37.835728,-122.469915,3.656535,0.233102,0.972452,37.0,0.0,0.0,0.108025,1630671918.0,338170012.0,37.79683,-122.514235,7.175018,-0.891359,-0.453297,37.0,11.0,0.0,0.14748,1630671918.0,366864140.0,37.820537,-122.481827,8.558168,0.997011,-0.077265,60.0,17.0,4.0,0.17205,1630671918.0,367389640.0,37.818509,-122.48136,10.381491,-0.424324,0.90551,60.0,21.0,7.0,0.126627,1630671918.0,368052630.0,37.81603,-122.477007,9.271506,-0.991525,0.129914,60.0,42.0,10.0,0.107862,1630671918.0,368186220.0,37.84682,-122.457514,7.237618,-0.855547,0.517725,37.0,0.0,0.0,0.145569,290.76666666666665,6.0,9.0
1630671919.0,338090696.0,37.835745,-122.46991,3.643133,0.23298,0.972481,37.0,0.0,0.0,0.104363,1630671919.0,338170012.0,37.796815,-122.514273,7.174092,-0.892467,-0.451113,37.0,11.0,0.0,0.142742,1630671919.0,366864140.0,37.820534,-122.481777,8.577474,0.996931,-0.078284,60.0,17.0,4.0,0.166701,1630671919.0,367389640.0,37.818553,-122.481386,10.38853,-0.417894,0.908496,60.0,21.0,7.0,0.122444,1630671919.0,368052630.0,37.816035,-122.477061,9.20379,-0.99147,0.130335,60.0,42.0,10.0,0.1039,1630671919.0,368186220.0,37.846837,-122.45755,7.25161,-0.856512,0.516128,37.0,0.0,0.0,0.140983,290.77222222222224,6.0,9.0
1630671920.0,338090696.0,37.835761,-122.469905,3.629944,0.232853,0.972512,37.0,0.0,0.0,0.100715,1630671920.0,338170012.0,37.7968,-122.51431,7.173171,-0.893584,-0.448896,37.0,11.0,0.0,0.138004,1630671920.0,366864140.0,37.820531,-122.481727,8.597036,0.996851,-0.079292,60.0,17.0,4.0,0.161341,1630671920.0,367389640.0,37.818596,-122.481412,10.394233,-0.411574,0.911376,60.0,21.0,7.0,0.118262,1630671920.0,368052630.0,37.816041,-122.477114,9.135295,-0.991408,0.130806,60.0,42.0,10.0,0.099966,1630671920.0,368186220.0,37.846854,-122.457587,7.265155,-0.857446,0.514575,37.0,0.0,0.0,0.136386,290.77777777777777,6.0,9.0
1630671921.0,338090696.0,37.835778,-122.4699,3.616967,0.232721,0.972544,37.0,0.0,0.0,0.09708,1630671921.0,338170012.0,37.796785,-122.514348,7.172302,-0.894684,-0.446699,37.0,11.0,0.0,0.133264,1630671921.0,366864140.0,37.820528,-122.481676,8.616851,0.996772,-0.080289,60.0,17.0,4.0,0.155969,1630671921.0,367389640.0,37.81864,-122.481437,10.398572,-0.405362,0.914156,60.0,21.0,7.0,0.114082,1630671921.0,368052630.0,37.816046,-122.477167,9.06602,-0.991339,0.131328,60.0,42.0,10.0,0.096062,1630671921.0,368186220.0,37.846871,-122.457623,7.278253,-0.858349,0.513066,37.0,0.0,0.0,0.131779,290.78333333333336,6.0,9.0
1630671922.0,338090696.0,37.835794,-122.469895,3.604204,0.232582,0.972577,37.0,0.0,0.0,0.093458,1630671922.0,338170012.0,37.79677,-122.514385,7.171494,-0.89576,-0.444537,37.0,11.0,0.0,0.128523,1630671922.0,366864140.0,37.820525,-122.481626,8.636921,0.996692,-0.081275,60.0,17.0,4.0,0.150584,1630671922.0,367389640.0,37.818684,-122.481461,10.401516,-0.399257,0.916839,60.0,21.0,7.0,0.109905,1630671922.0,368052630.0,37.816052,-122.47722,8.995967,-0.991263,0.131903,60.0,42.0,10.0,0.092187,1630671922.0,368186220.0,37.846889,-122.45766,7.290901,-0.859223,0.511601,37.0,0.0,0.0,0.127161,290.7888888888889,6.0,9.0
1630671923.0,338090696.0,37.83581,-122.46989,3.591647,0.232432,0.972613,37.0,0.0,0.0,0.089849,1630671923.0,338170012.0,37.796756,-122.514423,7.170745,-0.896813,-0.44241,37.0,11.0,0.0,0.12378,1630671923.0,366864140.0,37.820522,-122.481576,8.657245,0.996612,-0.082249,60.0,17.0,4.0,0.145187,1630671923.0,367389640.0,37.818728,-122.481486,10.403038,-0.393258,0.919428,60.0,21.0,7.0,0.10573,1630671923.0,368052630.0,37.816057,-122.477272,8.925136,-0.991179,0.132531,60.0,42.0,10.0,0.088343,1630671923.0,368186220.0,37.846906,-122.457696,7.303097,-0.860068,0.51018,37.0,0.0,0.0,0.122535,290.7944444444444,6.0,9.0
1630671924.0,338090696.0,37.835826,-122.469885,3.579269,0.232245,0.972657,37.0,0.0,0.0,0.086253,1630671924.0,338170012.0,37.796741,-122.51446,7.170053,-0.897842,-0.440318,37.0,11.0,0.0,0.119035,1630671924.0,366864140.0,37.820518,-122.481525,8.677823,0.996532,-0.083213,60.0,17.0,4.0,0.139778,1630671924.0,367389640.0,37.818773,-122.48151,10.403112,-0.387362,0.921928,60.0,21.0,7.0,0.101559,1630671924.0,368052630.0,37.816063,-122.477324,8.853528,-0.991087,0.133215,60.0,42.0,10.0,0.084529,1630671924.0,368186220.0,37.846923,-122.457733,7.31484,-0.860883,0.508802,37.0,0.0,0.0,0.117899,290.8,6.0,9.0
1630671925.0,338090696.0,37.835842,-122.46988,3.567063,0.232014,0.972712,37.0,0.0,0.0,0.082669,1630671925.0,338170012.0,37.796726,-122.514498,7.169417,-0.898848,-0.438261,37.0,11.0,0.0,0.11429,1630671925.0,366864140.0,37.820515,-122.481475,8.698655,0.996452,-0.084165,60.0,17.0,4.0,0.134355,1630671925.0,367389640.0,37.818817,-122.481533,10.401711,-0.381569,0.92434,60.0,21.0,7.0,0.097392,1630671925.0,368052630.0,37.816068,-122.477375,8.781144,-0.990987,0.133956,60.0,42.0,10.0,0.080745,1630671925.0,368186220.0,37.84694,-122.45777,7.326127,-0.861671,0.507468,37.0,0.0,0.0,0.113254,290.80555555555554,6.0,9.0
1630671926.0,338090696.0,37.835858,-122.469875,3.55503,0.231741,0.972778,37.0,0.0,0.0,0.079098,1630671926.0,338170012.0,37.796712,-122.514536,7.168833,-0.899831,-0.436239,37.0,11.0,0.0,0.109543,1630671926.0,366864140.0,37.820512,-122.481424,8.71974,0.996372,-0.085106,60.0,17.0,4.0,0.12892,1630671926.0,367389640.0,37.818861,-122.481557,10.398811,-0.375877,0.92667,60.0,21.0,7.0,0.093229,1630671926.0,368052630.0,37.816074,-122.477426,8.707985,-0.990879,0.134755,60.0,42.0,10.0,0.076993,1630671926.0,368186220.0,37.846958,-122.457807,7.336957,-0.862431,0.506175,37.0,0.0,0.0,0.108601,290.8111111111112,6.0,9.0
1630671927.0,338090696.0,37.835874,-122.469871,3.543169,0.231423,0.972853,37.0,0.0,0.0,0.075538,1630671927.0,338170012.0,37.796697,-122.514574,7.168299,-0.900791,-0.434253,37.0,11.0,0.0,0.104794,1630671927.0,366864140.0,37.820508,-122.481373,8.741078,0.996292,-0.086036,60.0,17.0,4.0,0.123472,1630671927.0,367389640.0,37.818906,-122.481579,10.394387,-0.370284,0.928919,60.0,21.0,7.0,0.08907,1630671927.0,368052630.0,37.816079,-122.477477,8.634052,-0.990762,0.135615,60.0,42.0,10.0,0.073272,1630671927.0,368186220.0,37.846975,-122.457844,7.347329,-0.863163,0.504925,37.0,0.0,0.0,0.103939,290.81666666666666,6.0,9.0
1630671928.0,338090696.0,37.83589,-122.469866,3.53148,0.231061,0.972939,37.0,0.0,0.0,0.071991,1630671928.0,338170012.0,37.796683,-122.514611,7.167815,-0.901729,-0.432302,37.0,11.0,0.0,0.100044,1630671928.0,366864140.0,37.820505,-122.481322,8.762669,0.996212,-0.086955,60.0,17.0,4.0,0.118011,1630671928.0,367389640.0,37.818951,-122.481602,10.388417,-0.364789,0.93109,60.0,21.0,7.0,0.084918,1630671928.0,368052630.0,37.816085,-122.477527,8.559346,-0.990635,0.136536,60.0,42.0,10.0,0.069583,1630671928.0,368186220.0,37.846992,-122.457881,7.35724,-0.863869,0.503717,37.0,0.0,0.0,0.09927,290.8222222222222,6.0,9.0
1630671929.0,338090696.0,37.835906,-122.469861,3.519965,0.230655,0.973036,37.0,0.0,0.0,0.068455,1630671929.0,338170012.0,37.796669,-122.514649,7.167378,-0.902644,-0.430387,37.0,11.0,0.0,0.095293,1630671929.0,366864140.0,37.820501,-122.481271,8.784513,0.996133,-0.087863,60.0,17.0,4.0,0.112536,1630671929.0,367389640.0,37.818995,-122.481624,10.380878,-0.35939,0.933188,60.0,21.0,7.0,0.080771,1630671929.0,368052630.0,37.81609,-122.477577,8.483869,-0.990499,0.137521,60.0,42.0,10.0,0.065926,1630671929.0,368186220.0,37.847009,-122.457919,7.366691,-0.864548,0.502551,37.0,0.0,0.0,0.094593,290.8277777777778,6.0,9.0
1630671930.0,338090696.0,37.835922,-122.469856,3.508622,0.230203,0.973143,37.0,0.0,0.0,0.064932,1630671930.0,338170012.0,37.796654,-122.514687,7.166985,-0.903538,-0.428509,37.0,11.0,0.0,0.09054,1630671930.0,366864140.0,37.820498,-122.481219,8.806609,0.996053,-0.08876,60.0,17.0,4.0,0.107048,1630671930.0,367389640.0,37.81904,-122.481646,10.371748,-0.354086,0.935213,60.0,21.0,7.0,0.076631,1630671930.0,368052630.0,37.816095,-122.477626,8.407622,-0.990352,0.138572,60.0,42.0,10.0,0.062302,1630671930.0,368186220.0,37.847026,-122.457956,7.375678,-0.865201,0.501426,37.0,0.0,0.0,0.089909,290.8333333333333,6.0,9.0
1630671931.0,338090696.0,37.835938,-122.469851,3.497453,0.229706,0.97326,37.0,0.0,0.0,0.06142,1630671931.0,338170012.0,37.79664,-122.514725,7.166636,-0.904409,-0.426666,37.0,11.0,0.0,0.085786,1630671931.0,366864140.0,37.820494,-122.481168,8.828958,0.995974,-0.089645,60.0,17.0,4.0,0.101546,1630671931.0,367389640.0,37.819085,-122.481667,10.361006,-0.348875,0.937169,60.0,21.0,7.0,0.072499,1630671931.0,368052630.0,37.816101,-122.477675,8.330607,-0.990195,0.13969,60.0,42.0,10.0,0.05871,1630671931.0,368186220.0,37.847043,-122.457993,7.3842,-0.865828,0.500342,37.0,0.0,0.0,0.085218,290.8388888888889,6.0,9.0
1630671932.0,338090696.0,37.835954,-122.469847,3.486457,0.229162,0.973388,37.0,0.0,0.0,0.057919,1630671932.0,338170012.0,37.796626,-122.514763,7.166327,-0.905259,-0.42486,37.0,11.0,0.0,0.08103,1630671932.0,366864140.0,37.82049,-122.481117,8.851558,0.995895,-0.09052,60.0,17.0,4.0,0.09603,1630671932.0,367389640.0,37.81913,-122.481689,10.348632,-0.343756,0.939059,60.0,21.0,7.0,0.068374,1630671932.0,368052630.0,37.816106,-122.477723,8.252826,-0.990027,0.140879,60.0,42.0,10.0,0.055151,1630671932.0,368186220.0,37.847061,-122.458031,7.392258,-0.86643,0.499299,37.0,0.0,0.0,0.080521,290.84444444444443,6.0,9.0
1630671933.0,338090696.0,37.835969,-122.469842,3.475635,0.228573,0.973527,37.0,0.0,0.0,0.054429,1630671933.0,338170012.0,37.796612,-122.514801,7.166058,-0.906088,-0.42309,37.0,11.0,0.0,0.076274,1630671933.0,366864140.0,37.820487,-122.481065,8.874411,0.995816,-0.091383,60.0,17.0,4.0,0.090501,1630671933.0,367389640.0,37.819175,-122.481709,10.334608,-0.338727,0.940885,60.0,21.0,7.0,0.064257,1630671933.0,368052630.0,37.816112,-122.477771,8.174279,-0.989847,0.142139,60.0,42.0,10.0,0.051626,1630671933.0,368186220.0,37.847078,-122.458068,7.399848,-0.867007,0.498296,37.0,0.0,0.0,0.075817,290.85,6.0,9.0
1630671934.0,338090696.0,37.835985,-122.469837,3.464987,0.227937,0.973676,37.0,0.0,0.0,0.050951,1630671934.0,338170012.0,37.796598,-122.514839,7.165827,-0.906895,-0.421357,37.0,11.0,0.0,0.071516,1630671934.0,366864140.0,37.820483,-122.481013,8.897516,0.995737,-0.092235,60.0,17.0,4.0,0.084957,1630671934.0,367389640.0,37.81922,-122.48173,10.318954,-0.333752,0.942661,60.0,21.0,7.0,0.060149,1630671934.0,368052630.0,37.816117,-122.477818,8.09497,-0.989654,0.143475,60.0,42.0,10.0,0.048134,1630671934.0,368186220.0,37.847095,-122.458106,7.40697,-0.867559,0.497334,37.0,0.0,0.0,0.071108,290.85555555555555,6.0,9.0
1630671935.0,338090696.0,37.836001,-122.469833,3.454513,0.227254,0.973836,37.0,0.0,0.0,0.047484,1630671935.0,338170012.0,37.796584,-122.514877,7.165632,-0.907681,-0.419661,37.0,11.0,0.0,0.066756,1630671935.0,366864140.0,37.820479,-122.480961,8.920871,0.995659,-0.093077,60.0,17.0,4.0,0.079399,1630671935.0,367389640.0,37.819265,-122.48175,10.301827,-0.328681,0.944441,60.0,21.0,7.0,0.056051,1630671935.0,368052630.0,37.816122,-122.477865,8.0149,-0.989448,0.144888,60.0,42.0,10.0,0.044677,1630671935.0,368186220.0,37.847112,-122.458143,7.413623,-0.868087,0.496412,37.0,0.0,0.0,0.066393,290.8611111111111,6.0,9.0
1630671936.0,338090696.0,37.836016,-122.469828,3.444214,0.226524,0.974006,37.0,0.0,0.0,0.044027,1630671936.0,338170012.0,37.79657,-122.514915,7.165471,-0.908447,-0.418001,37.0,11.0,0.0,0.061996,1630671936.0,366864140.0,37.820475,-122.480909,8.944479,0.995581,-0.093907,60.0,17.0,4.0,0.073826,1630671936.0,367389640.0,37.81931,-122.48177,10.283285,-0.323478,0.946236,60.0,21.0,7.0,0.051963,1630671936.0,368052630.0,37.816128,-122.477912,7.934071,-0.989228,0.146381,60.0,42.0,10.0,0.041254,1630671936.0,368186220.0,37.847129,-122.458181,7.419806,-0.868591,0.49553,37.0,0.0,0.0,0.061673,290.8666666666667,6.0,9.0
1630671937.0,338090696.0,37.836032,-122.469824,3.43409,0.225746,0.974186,37.0,0.0,0.0,0.040581,1630671937.0,338170012.0,37.796556,-122.514953,7.165342,-0.909191,-0.416378,37.0,11.0,0.0,0.057234,1630671937.0,366864140.0,37.820471,-122.480857,8.968337,0.995503,-0.094726,60.0,17.0,4.0,0.068239,1630671937.0,367389640.0,37.819355,-122.481789,10.26335,-0.318136,0.948045,60.0,21.0,7.0,0.047885,1630671937.0,368052630.0,37.816133,-122.477958,7.852486,-0.988994,0.147956,60.0,42.0,10.0,0.037866,1630671937.0,368186220.0,37.847146,-122.458219,7.425518,-0.869071,0.494688,37.0,0.0,0.0,0.056948,290.8722222222222,6.0,9.0
1630671938.0,338090696.0,37.836047,-122.469819,3.424142,0.22492,0.974377,37.0,0.0,0.0,0.037145,1630671938.0,338170012.0,37.796542,-122.514991,7.165244,-0.909916,-0.414793,37.0,11.0,0.0,0.052471,1630671938.0,366864140.0,37.820467,-122.480805,8.992446,0.995426,-0.095534,60.0,17.0,4.0,0.062638,1630671938.0,367389640.0,37.8194,-122.481809,10.242043,-0.312654,0.949867,60.0,21.0,7.0,0.043819,1630671938.0,368052630.0,37.816138,-122.478003,7.770148,-0.988744,0.149618,60.0,42.0,10.0,0.034513,1630671938.0,368186220.0,37.847163,-122.458257,7.430757,-0.869527,0.493885,37.0,0.0,0.0,0.052219,290.8777777777778,6.0,9.0
1630671939.0,338090696.0,37.836063,-122.469815,3.414369,0.224046,0.974579,37.0,0.0,0.0,0.03372,1630671939.0,338170012.0,37.796528,-122.51503,7.165176,-0.91062,-0.413245,37.0,11.0,0.0,0.047706,1630671939.0,366864140.0,37.820463,-122.480752,9.016806,0.995349,-0.096331,60.0,17.0,4.0,0.057021,1630671939.0,367389640.0,37.819445,-122.481827,10.219387,-0.307027,0.951701,60.0,21.0,7.0,0.039765,1630671939.0,368052630.0,37.816144,-122.478048,7.687059,-0.988477,0.151368,60.0,42.0,10.0,0.031195,1630671939.0,368186220.0,37.84718,-122.458295,7.435523,-0.86996,0.493122,37.0,0.0,0.0,0.047486,290.8833333333333,6.0,9.0
1630671940.0,338090696.0,37.836078,-122.46981,3.404773,0.223123,0.97479,37.0,0.0,0.0,0.030305,1630671940.0,338170012.0,37.796515,-122.515068,7.165135,-0.911304,-0.411734,37.0,11.0,0.0,0.042941,1630671940.0,366864140.0,37.820459,-122.4807,9.041417,0.995273,-0.097117,60.0,17.0,4.0,0.051389,1630671940.0,367389640.0,37.81949,-122.481846,10.195405,-0.301251,0.953545,60.0,21.0,7.0,0.035723,1630671940.0,368052630.0,37.816149,-122.478092,7.603223,-0.988193,0.153211,60.0,42.0,10.0,0.027913,1630671940.0,368186220.0,37.847197,-122.458333,7.439815,-0.87037,0.492398,37.0,0.0,0.0,0.042748,290.8888888888889,6.0,9.0
1630671941.0,338090696.0,37.836093,-122.469806,3.395353,0.222151,0.975012,37.0,0.0,0.0,0.0269,1630671941.0,338170012.0,37.796501,-122.515106,7.165121,-0.911969,-0.41026,37.0,11.0,0.0,0.038174,1630671941.0,366864140.0,37.820455,-122.480647,9.066277,0.995197,-0.097893,60.0,17.0,4.0,0.045742,1630671941.0,367389640.0,37.819535,-122.481864,10.170122,-0.295322,0.955398,60.0,21.0,7.0,0.031695,1630671941.0,368052630.0,37.816155,-122.478137,7.518642,-0.987891,0.15515,60.0,42.0,10.0,0.024668,1630671941.0,368186220.0,37.847214,-122.45837,7.443632,-0.870758,0.491712,37.0,0.0,0.0,0.038008,290.89444444444445,6.0,9.0
1630671942.0,338090696.0,37.836109,-122.469801,3.386111,0.22113,0.975244,37.0,0.0,0.0,0.023505,1630671942.0,338170012.0,37.796488,-122.515144,7.165131,-0.912613,-0.408824,37.0,11.0,0.0,0.033406,1630671942.0,366864140.0,37.820451,-122.480594,9.091388,0.995121,-0.098657,60.0,17.0,4.0,0.04008,1630671942.0,367389640.0,37.81958,-122.481881,10.143564,-0.289237,0.957258,60.0,21.0,7.0,0.02768,1630671942.0,368052630.0,37.81616,-122.47818,7.433617,-0.987566,0.157203,60.0,42.0,10.0,0.021459,1630671942.0,368186220.0,37.847231,-122.458408,7.446973,-0.871122,0.491066,37.0,0.0,0.0,0.033264,290.9,6.0,9.0
1630671943.0,338090696.0,37.836124,-122.469797,3.377046,0.22006,0.975486,37.0,0.0,0.0,0.020119,1630671943.0,338170012.0,37.796474,-122.515182,7.165165,-0.913238,-0.407426,37.0,11.0,0.0,0.028637,1630671943.0,366864140.0,37.820447,-122.480541,9.116749,0.995046,-0.099411,60.0,17.0,4.0,0.034402,1630671943.0,367389640.0,37.819625,-122.481898,10.115757,-0.282991,0.959123,60.0,21.0,7.0,0.023679,1630671943.0,368052630.0,37.816165,-122.478223,7.34934,-0.987209,0.15943,60.0,42.0,10.0,0.018286,1630671943.0,368186220.0,37.847247,-122.458446,7.449838,-0.871464,0.490459,37.0,0.0,0.0,0.028518,290.9055555555556,6.0,9.0
1630671944.0,338090696.0,37.836139,-122.469793,3.36816,0.218939,0.975738,37.0,0.0,0.0,0.016743,1630671944.0,338170012.0,37.79646,-122.515221,7.165221,-0.913844,-0.406065,37.0,11.0,0.0,0.023867,1630671944.0,366864140.0,37.820443,-122.480488,9.14236,0.994972,-0.100153,60.0,17.0,4.0,0.028708,1630671944.0,367389640.0,37.81967,-122.481915,10.086728,-0.276578,0.960991,60.0,21.0,7.0,0.019692,1630671944.0,368052630.0,37.816171,-122.478265,7.266117,-0.986815,0.161852,60.0,42.0,10.0,0.01515,1630671944.0,368186220.0,37.847264,-122.458484,7.452226,-0.871784,0.48989,37.0,0.0,0.0,0.023769,290.9111111111111,6.0,9.0
1630671945.0,338090696.0,37.836154,-122.469788,3.359452,0.217769,0.976,37.0,0.0,0.0,0.013376,1630671945.0,338170012.0,37.796447,-122.515259,7.165297,-0.914431,-0.404742,37.0,11.0,0.0,0.019096,1630671945.0,366864140.0,37.820439,-122.480435,9.16822,0.994898,-0.100885,60.0,17.0,4.0,0.022999,1630671945.0,367389640.0,37.819715,-122.481932,10.056507,-0.269996,0.962861,60.0,21.0,7.0,0.015722,1630671945.0,368052630.0,37.816176,-122.478307,7.183957,-0.986382,0.164472,60.0,42.0,10.0,0.01205,1630671945.0,368186220.0,37.847281,-122.458523,7.454136,-0.872082,0.48936,37.0,0.0,0.0,0.019018,290.9166666666667,6.0,9.0
1630671946.0,338090696.0,37.836169,-122.469784,3.350924,0.216549,0.976272,37.0,0.0,0.0,0.010019,1630671946.0,338170012.0,37.796434,-122.515297,7.165393,-0.914999,-0.403457,37.0,11.0,0.0,0.014323,1630671946.0,366864140.0,37.820434,-122.480382,9.19433,0.994825,-0.101606,60.0,17.0,4.0,0.017274,1630671946.0,367389640.0,37.819759,-122.481948,10.025124,-0.263239,0.964731,60.0,21.0,7.0,0.011766,1630671946.0,368052630.0,37.816182,-122.478349,7.10287,-0.985906,0.167298,60.0,42.0,10.0,0.008985,1630671946.0,368186220.0,37.847298,-122.458561,7.455567,-0.872358,0.488868,37.0,0.0,0.0,0.014265,290.9222222222222,6.0,9.0
1630671947.0,338090696.0,37.836185,-122.46978,3.342575,0.215278,0.976553,37.0,0.0,0.0,0.00667,1630671947.0,338170012.0,37.79642,-122.515336,7.165507,-0.915548,-0.40221,37.0,11.0,0.0,0.00955,1630671947.0,366864140.0,37.82043,-122.480328,9.220689,0.994752,-0.102317,60.0,17.0,4.0,0.011532,1630671947.0,367389640.0,37.819804,-122.481963,9.99261,-0.256303,0.966596,60.0,21.0,7.0,0.007827,1630671947.0,368052630.0,37.816187,-122.47839,7.022867,-0.985386,0.170334,60.0,42.0,10.0,0.005955,1630671947.0,368186220.0,37.847315,-122.458599,7.45652,-0.872611,0.488415,37.0,0.0,0.0,0.009511,290.9277777777778,6.0,9.0
1630671948.0,338090696.0,37.8362,-122.469775,3.334408,0.213956,0.976843,37.0,0.0,0.0,0.003331,1630671948.0,338170012.0,37.796407,-122.515374,7.165637,-0.916078,-0.401001,37.0,11.0,0.0,0.004775,1630671948.0,366864140.0,37.820426,-122.480274,9.247297,0.99468,-0.103016,60.0,17.0,4.0,0.005774,1630671948.0,367389640.0,37.819849,-122.481978,9.958997,-0.249182,0.968457,60.0,21.0,7.0,0.003905,1630671948.0,368052630.0,37.816193,-122.478431,6.943959,-0.984819,0.173586,60.0,42.0,10.0,0.002961,1630671948.0,368186220.0,37.847332,-122.458637,7.456993,-0.872844,0.488,37.0,0.0,0.0,0.004756,290.93333333333334,6.0,9.0
1630671949.0,338090696.0,37.836215,-122.469771,3.334408,0.213956,0.976843,37.0,0.0,0.0,0.0,1630671949.0,338170012.0,37.796394,-122.515413,7.165637,-0.916078,-0.401001,37.0,11.0,0.0,0.0,1630671949.0,366864140.0,37.820421,-122.48022,9.247297,0.99468,-0.103016,60.0,17.0,4.0,0.0,1630671949.0,367389640.0,37.819893,-122.481992,9.958997,-0.249182,0.968457,60.0,21.0,7.0,0.0,1630671949.0,368052630.0,37.816198,-122.478471,6.943959,-0.984819,0.173586,60.0,42.0,10.0,0.0,1630671949.0,368186220.0,37.847349,-122.458675,7.456993,-0.872844,0.488,37.0,0.0,0.0,0.0,290.93888888888887,6.0,9.0
