Timestamp,MMSI,Latitude,Longitude,Speed,Course-sin,Course-cos,Length,Width,Vesseltype,Distance,WindDirection,WindSpeed,Visibility
1640478142.0,367157020.0,37.819012,-122.490511,6.053502,-0.961036,-0.276422,30.0,23.0,7.0,1.0,245.1707317073171,11.0,9.0
1640478143.0,367157020.0,37.819005,-122.490545,6.05091,-0.961088,-0.276241,30.0,23.0,7.0,0.997761,245.1951219512195,11.0,9.0
1640478144.0,367157020.0,37.818997,-122.490579,6.048671,-0.96115,-0.276025,30.0,23.0,7.0,0.995522,245.21951219512195,11.0,9.0
1640478145.0,367157020.0,37.818989,-122.490613,6.046786,-0.961222,-0.275775,30.0,23.0,7.0,0.993285,245.2439024390244,11.0,9.0
1640478146.0,367157020.0,37.818982,-122.490647,6.045254,-0.961304,-0.275489,30.0,23.0,7.0,0.991048,245.26829268292684,11.0,9.0
1640478147.0,367157020.0,37.818974,-122.490681,6.044077,-0.961396,-0.275169,30.0,23.0,7.0,0.988812,245.2926829268293,11.0,9.0
1640478148.0,367157020.0,37.818966,-122.490715,6.043254,-0.961498,-0.274813,30.0,23.0,7.0,0.986576,245.3170731707317,11.0,9.0
1640478149.0,367157020.0,37.818958,-122.490749,6.042786,-0.961609,-0.274423,30.0,23.0,7.0,0.984341,245.3414634146341,11.0,9.0
1640478150.0,367157020.0,37.818951,-122.490783,6.042673,-0.96173,-0.273998,30.0,23.0,7.0,0.982105,245.3658536585366,11.0,9.0
1640478151.0,367157020.0,37.818943,-122.490817,6.042915,-0.961861,-0.273539,30.0,23.0,7.0,0.97987,245.390243902439,11.0,9.0
1640478152.0,367157020.0,37.818935,-122.490851,6.043512,-0.962001,-0.273044,30.0,23.0,7.0,0.977635,245.41463414634143,11.0,9.0
1640478153.0,367157020.0,37.818928,-122.490886,6.044465,-0.962151,-0.272515,30.0,23.0,7.0,0.975399,245.4390243902439,11.0,9.0
1640478154.0,367157020.0,37.81892,-122.49092,6.045774,-0.962311,-0.271952,30.0,23.0,7.0,0.973163,245.46341463414635,11.0,9.0
1640478155.0,367157020.0,37.818913,-122.490954,6.04744,-0.96248,-0.271354,30.0,23.0,7.0,0.970927,245.4878048780488,11.0,9.0
1640478156.0,367157020.0,37.818905,-122.490988,6.049462,-0.962658,-0.270722,30.0,23.0,7.0,0.96869,245.5121951219512,11.0,9.0
1640478157.0,367157020.0,37.818897,-122.491022,6.051842,-0.962845,-0.270056,30.0,23.0,7.0,0.966452,245.53658536585365,11.0,9.0
1640478158.0,367157020.0,37.81889,-122.491056,6.05458,-0.963041,-0.269356,30.0,23.0,7.0,0.964213,245.5609756097561,11.0,9.0
1640478159.0,367157020.0,37.818882,-122.49109,6.057676,-0.963246,-0.268622,30.0,23.0,7.0,0.961973,245.5853658536585,11.0,9.0
1640478160.0,367157020.0,37.818875,-122.491124,6.061131,-0.96346,-0.267854,30.0,23.0,7.0,0.959732,245.609756097561,11.0,9.0
1640478161.0,367157020.0,37.818867,-122.491159,6.064945,-0.963682,-0.267053,30.0,23.0,7.0,0.95749,245.6341463414634,11.0,9.0
1640478162.0,367157020.0,37.81886,-122.491193,6.069118,-0.963913,-0.266218,30.0,23.0,7.0,0.955247,245.65853658536585,11.0,9.0
1640478163.0,367157020.0,37.818852,-122.491227,6.073652,-0.964152,-0.26535,30.0,23.0,7.0,0.953001,245.6829268292683,11.0,9.0
1640478164.0,367157020.0,37.818845,-122.491261,6.078548,-0.9644,-0.26445,30.0,23.0,7.0,0.950754,245.7073170731708,11.0,9.0
1640478165.0,367157020.0,37.818837,-122.491296,6.083804,-0.964655,-0.263516,30.0,23.0,7.0,0.948506,245.7317073170732,11.0,9.0
1640478166.0,367157020.0,37.81883,-122.49133,6.089349,-0.964915,-0.262562,30.0,23.0,7.0,0.946255,245.7560975609756,11.0,9.0
1640478167.0,367157020.0,37.818823,-122.491364,6.094885,-0.965167,-0.261633,30.0,23.0,7.0,0.944002,245.78048780487805,11.0,9.0
1640478168.0,367157020.0,37.818815,-122.491399,6.100339,-0.965409,-0.260741,30.0,23.0,7.0,0.941748,245.8048780487805,11.0,9.0
1640478169.0,367157020.0,37.818808,-122.491433,6.10571,-0.965639,-0.259887,30.0,23.0,7.0,0.939491,245.8292682926829,11.0,9.0
1640478170.0,367157020.0,37.818801,-122.491468,6.110996,-0.965859,-0.259069,30.0,23.0,7.0,0.937232,245.85365853658536,11.0,9.0
1640478171.0,367157020.0,37.818793,-122.491502,6.116199,-0.966068,-0.258288,30.0,23.0,7.0,0.934971,245.8780487804878,11.0,9.0
1640478172.0,367157020.0,37.818786,-122.491537,6.121316,-0.966267,-0.257543,30.0,23.0,7.0,0.932709,245.90243902439025,11.0,9.0
1640478173.0,367157020.0,37.818779,-122.491572,6.126347,-0.966455,-0.256835,30.0,23.0,7.0,0.930444,245.9268292682927,11.0,9.0
1640478174.0,367157020.0,37.818771,-122.491606,6.131293,-0.966633,-0.256164,30.0,23.0,7.0,0.928178,245.9512195121951,11.0,9.0
1640478175.0,367157020.0,37.818764,-122.491641,6.136152,-0.966801,-0.255529,30.0,23.0,7.0,0.92591,245.97560975609755,11.0,9.0
1640478176.0,367157020.0,37.818757,-122.491676,6.140924,-0.966959,-0.25493,30.0,23.0,7.0,0.92364,246.0,11.0,9.0
1640478177.0,367157020.0,37.81875,-122.491711,6.145608,-0.967108,-0.254367,30.0,23.0,7.0,0.921368,246.02439024390245,11.0,9.0
1640478178.0,367157020.0,37.818742,-122.491745,6.150205,-0.967246,-0.253841,30.0,23.0,7.0,0.919095,246.0487804878049,11.0,9.0
1640478179.0,367157020.0,37.818735,-122.49178,6.154713,-0.967375,-0.25335,30.0,23.0,7.0,0.91682,246.0731707317073,11.0,9.0
1640478180.0,367157020.0,37.818728,-122.491815,6.159133,-0.967494,-0.252896,30.0,23.0,7.0,0.914543,246.09756097560967,11.0,9.0
1640478181.0,367157020.0,37.818721,-122.49185,6.163464,-0.967603,-0.252477,30.0,23.0,7.0,0.912265,246.1219512195122,11.0,9.0
1640478182.0,367157020.0,37.818713,-122.491885,6.167706,-0.967703,-0.252094,30.0,23.0,7.0,0.909985,246.14634146341464,11.0,9.0
1640478183.0,367157020.0,37.818706,-122.49192,6.171858,-0.967793,-0.251746,30.0,23.0,7.0,0.907704,246.1707317073171,11.0,9.0
1640478184.0,367157020.0,37.818699,-122.491955,6.175921,-0.967874,-0.251434,30.0,23.0,7.0,0.905421,246.1951219512195,11.0,9.0
1640478185.0,367157020.0,37.818692,-122.49199,6.179894,-0.967946,-0.251158,30.0,23.0,7.0,0.903137,246.21951219512195,11.0,9.0
1640478186.0,367157020.0,37.818685,-122.492025,6.183777,-0.968009,-0.250917,30.0,23.0,7.0,0.900851,246.2439024390244,11.0,9.0
1640478187.0,367157020.0,37.818678,-122.49206,6.187569,-0.968062,-0.250711,30.0,23.0,7.0,0.898564,246.26829268292684,11.0,9.0
1640478188.0,367157020.0,37.81867,-122.492095,6.191271,-0.968106,-0.250541,30.0,23.0,7.0,0.896276,246.2926829268293,11.0,9.0
1640478189.0,367157020.0,37.818663,-122.49213,6.194883,-0.968141,-0.250406,30.0,23.0,7.0,0.893986,246.3170731707317,11.0,9.0
1640478190.0,367157020.0,37.818656,-122.492165,6.198404,-0.968167,-0.250306,30.0,23.0,7.0,0.891695,246.3414634146341,11.0,9.0
1640478191.0,367157020.0,37.818649,-122.4922,6.201834,-0.968184,-0.250241,30.0,23.0,7.0,0.889403,246.3658536585366,11.0,9.0
1640478192.0,367157020.0,37.818642,-122.492236,6.205174,-0.968191,-0.250212,30.0,23.0,7.0,0.88711,246.390243902439,11.0,9.0
1640478193.0,367157020.0,37.818634,-122.492271,6.208423,-0.96819,-0.250217,30.0,23.0,7.0,0.884815,246.41463414634143,11.0,9.0
1640478194.0,367157020.0,37.818627,-122.492306,6.211581,-0.968179,-0.250257,30.0,23.0,7.0,0.88252,246.4390243902439,11.0,9.0
1640478195.0,367157020.0,37.81862,-122.492341,6.214648,-0.96816,-0.250332,30.0,23.0,7.0,0.880223,246.46341463414635,11.0,9.0
1640478196.0,367157020.0,37.818613,-122.492376,6.217625,-0.968132,-0.250442,30.0,23.0,7.0,0.877925,246.4878048780488,11.0,9.0
1640478197.0,367157020.0,37.818606,-122.492412,6.220511,-0.968094,-0.250587,30.0,23.0,7.0,0.875626,246.5121951219512,11.0,9.0
1640478198.0,367157020.0,37.818598,-122.492447,6.223307,-0.968048,-0.250766,30.0,23.0,7.0,0.873327,246.53658536585365,11.0,9.0
1640478199.0,367157020.0,37.818591,-122.492482,6.226012,-0.967992,-0.25098,30.0,23.0,7.0,0.871026,246.5609756097561,11.0,9.0
1640478200.0,367157020.0,37.818584,-122.492518,6.228627,-0.967928,-0.251229,30.0,23.0,7.0,0.868724,246.5853658536585,11.0,9.0
1640478201.0,367157020.0,37.818577,-122.492553,6.231152,-0.967854,-0.251512,30.0,23.0,7.0,0.866421,246.609756097561,11.0,9.0
1640478202.0,367157020.0,37.81857,-122.492588,6.233588,-0.967771,-0.25183,30.0,23.0,7.0,0.864118,246.6341463414634,11.0,9.0
1640478203.0,367157020.0,37.818562,-122.492624,6.235933,-0.96768,-0.252183,30.0,23.0,7.0,0.861814,246.65853658536585,11.0,9.0
1640478204.0,367157020.0,37.818555,-122.492659,6.238189,-0.967579,-0.25257,30.0,23.0,7.0,0.859509,246.6829268292683,11.0,9.0
1640478205.0,367157020.0,37.818548,-122.492694,6.240357,-0.967469,-0.252991,30.0,23.0,7.0,0.857203,246.7073170731708,11.0,9.0
1640478206.0,367157020.0,37.81854,-122.49273,6.242435,-0.967349,-0.253447,30.0,23.0,7.0,0.854896,246.7317073170732,11.0,9.0
1640478207.0,367157020.0,37.818533,-122.492765,6.244425,-0.967221,-0.253937,30.0,23.0,7.0,0.852589,246.7560975609756,11.0,9.0
1640478208.0,367157020.0,37.818526,-122.4928,6.246326,-0.967083,-0.254462,30.0,23.0,7.0,0.850281,246.78048780487805,11.0,9.0
1640478209.0,367157020.0,37.818518,-122.492836,6.24814,-0.966936,-0.255021,30.0,23.0,7.0,0.847973,246.8048780487805,11.0,9.0
1640478210.0,367157020.0,37.818511,-122.492871,6.249867,-0.966779,-0.255614,30.0,23.0,7.0,0.845664,246.8292682926829,11.0,9.0
1640478211.0,367157020.0,37.818504,-122.492906,6.251506,-0.966613,-0.256242,30.0,23.0,7.0,0.843354,246.85365853658536,11.0,9.0
1640478212.0,367157020.0,37.818496,-122.492942,6.253059,-0.966437,-0.256904,30.0,23.0,7.0,0.841044,246.8780487804878,11.0,9.0
1640478213.0,367157020.0,37.818489,-122.492977,6.254526,-0.966252,-0.2576,30.0,23.0,7.0,0.838733,246.90243902439025,11.0,9.0
1640478214.0,367157020.0,37.818481,-122.493013,6.255907,-0.966056,-0.258331,30.0,23.0,7.0,0.836422,246.9268292682927,11.0,9.0
1640478215.0,367157020.0,37.818474,-122.493048,6.257203,-0.965852,-0.259096,30.0,23.0,7.0,0.834111,246.9512195121951,11.0,9.0
1640478216.0,367157020.0,37.818466,-122.493083,6.258415,-0.965637,-0.259895,30.0,23.0,7.0,0.831799,246.97560975609755,11.0,9.0
1640478217.0,367157020.0,37.818459,-122.493119,6.259542,-0.965412,-0.260728,30.0,23.0,7.0,0.829487,247.0,11.0,9.0
1640478218.0,367157020.0,37.818451,-122.493154,6.260586,-0.965178,-0.261596,30.0,23.0,7.0,0.827174,247.02439024390245,11.0,9.0
1640478219.0,367157020.0,37.818444,-122.49319,6.261547,-0.964933,-0.262497,30.0,23.0,7.0,0.824861,247.0487804878049,11.0,9.0
1640478220.0,367157020.0,37.818436,-122.493225,6.262426,-0.964678,-0.263433,30.0,23.0,7.0,0.822548,247.0731707317073,11.0,9.0
1640478221.0,367157020.0,37.818428,-122.49326,6.263224,-0.964412,-0.264404,30.0,23.0,7.0,0.820235,247.09756097560967,11.0,9.0
1640478222.0,367157020.0,37.818421,-122.493296,6.26394,-0.964136,-0.265408,30.0,23.0,7.0,0.817921,247.1219512195122,11.0,9.0
1640478223.0,367157020.0,37.818413,-122.493331,6.264577,-0.96385,-0.266447,30.0,23.0,7.0,0.815608,247.14634146341464,11.0,9.0
1640478224.0,367157020.0,37.818405,-122.493366,6.265134,-0.963553,-0.267519,30.0,23.0,7.0,0.813294,247.1707317073171,11.0,9.0
1640478225.0,367157020.0,37.818398,-122.493402,6.265612,-0.963244,-0.268626,30.0,23.0,7.0,0.81098,247.1951219512195,11.0,9.0
1640478226.0,367157020.0,37.81839,-122.493437,6.266012,-0.962926,-0.269767,30.0,23.0,7.0,0.808666,247.21951219512195,11.0,9.0
1640478227.0,367157020.0,37.818382,-122.493473,6.266335,-0.962595,-0.270943,30.0,23.0,7.0,0.806352,247.2439024390244,11.0,9.0
1640478228.0,367157020.0,37.818374,-122.493508,6.266582,-0.962254,-0.272152,30.0,23.0,7.0,0.804038,247.26829268292684,11.0,9.0
1640478229.0,367157020.0,37.818366,-122.493543,6.266754,-0.961902,-0.273396,30.0,23.0,7.0,0.801724,247.2926829268293,11.0,9.0
1640478230.0,367157020.0,37.818358,-122.493578,6.266851,-0.961537,-0.274674,30.0,23.0,7.0,0.79941,247.3170731707317,11.0,9.0
1640478231.0,367157020.0,37.81835,-122.493614,6.266874,-0.961162,-0.275986,30.0,23.0,7.0,0.797096,247.3414634146341,11.0,9.0
1640478232.0,367157020.0,37.818342,-122.493649,6.266824,-0.960774,-0.277333,30.0,23.0,7.0,0.794782,247.3658536585366,11.0,9.0
1640478233.0,367157020.0,37.818334,-122.493684,6.266703,-0.960374,-0.278713,30.0,23.0,7.0,0.792469,247.390243902439,11.0,9.0
1640478234.0,367157020.0,37.818326,-122.49372,6.266511,-0.959963,-0.280128,30.0,23.0,7.0,0.790155,247.41463414634143,11.0,9.0
1640478235.0,367157020.0,37.818318,-122.493755,6.266249,-0.959539,-0.281577,30.0,23.0,7.0,0.787842,247.4390243902439,11.0,9.0
1640478236.0,367157020.0,37.81831,-122.49379,6.265912,-0.959105,-0.283051,30.0,23.0,7.0,0.78553,247.46341463414635,11.0,9.0
1640478237.0,367157020.0,37.818302,-122.493825,6.265473,-0.958673,-0.284509,30.0,23.0,7.0,0.783217,247.4878048780488,11.0,9.0
1640478238.0,367157020.0,37.818294,-122.49386,6.264924,-0.958246,-0.285944,30.0,23.0,7.0,0.780905,247.5121951219512,11.0,9.0
1640478239.0,367157020.0,37.818285,-122.493896,6.264266,-0.957824,-0.287354,30.0,23.0,7.0,0.778593,247.53658536585365,11.0,9.0
1640478240.0,367157020.0,37.818277,-122.493931,6.263497,-0.957408,-0.28874,30.0,23.0,7.0,0.776281,247.5609756097561,11.0,9.0
1640478241.0,367157020.0,37.818269,-122.493966,6.262617,-0.956996,-0.290102,30.0,23.0,7.0,0.77397,247.5853658536585,11.0,9.0
1640478242.0,367157020.0,37.81826,-122.494001,6.261625,-0.956589,-0.291439,30.0,23.0,7.0,0.77166,247.609756097561,11.0,9.0
1640478243.0,367157020.0,37.818252,-122.494036,6.260521,-0.956188,-0.292753,30.0,23.0,7.0,0.76935,247.6341463414634,11.0,9.0
1640478244.0,367157020.0,37.818243,-122.494071,6.259303,-0.955792,-0.294043,30.0,23.0,7.0,0.76704,247.65853658536585,11.0,9.0
1640478245.0,367157020.0,37.818235,-122.494106,6.257972,-0.955402,-0.295309,30.0,23.0,7.0,0.764732,247.6829268292683,11.0,9.0
1640478246.0,367157020.0,37.818226,-122.494141,6.256526,-0.955017,-0.296552,30.0,23.0,7.0,0.762423,247.7073170731708,11.0,9.0
1640478247.0,367157020.0,37.818218,-122.494176,6.254965,-0.954637,-0.297771,30.0,23.0,7.0,0.760116,247.7317073170732,11.0,9.0
1640478248.0,367157020.0,37.818209,-122.494211,6.253288,-0.954264,-0.298966,30.0,23.0,7.0,0.757809,247.7560975609756,11.0,9.0
1640478249.0,367157020.0,37.8182,-122.494246,6.251496,-0.953896,-0.300138,30.0,23.0,7.0,0.755503,247.78048780487805,11.0,9.0
1640478250.0,367157020.0,37.818192,-122.494281,6.249586,-0.953533,-0.301287,30.0,23.0,7.0,0.753198,247.8048780487805,11.0,9.0
1640478251.0,367157020.0,37.818183,-122.494316,6.24756,-0.953177,-0.302412,30.0,23.0,7.0,0.750894,247.8292682926829,11.0,9.0
1640478252.0,367157020.0,37.818174,-122.494351,6.245415,-0.952827,-0.303515,30.0,23.0,7.0,0.748591,247.85365853658536,11.0,9.0
1640478253.0,367157020.0,37.818165,-122.494386,6.243152,-0.952482,-0.304594,30.0,23.0,7.0,0.746289,247.8780487804878,11.0,9.0
1640478254.0,367157020.0,37.818157,-122.49442,6.24077,-0.952144,-0.305649,30.0,23.0,7.0,0.743987,247.90243902439025,11.0,9.0
1640478255.0,367157020.0,37.818148,-122.494455,6.238269,-0.951812,-0.306682,30.0,23.0,7.0,0.741687,247.9268292682927,11.0,9.0
1640478256.0,367157020.0,37.818139,-122.49449,6.235648,-0.951486,-0.307692,30.0,23.0,7.0,0.739388,247.9512195121951,11.0,9.0
1640478257.0,367157020.0,37.81813,-122.494525,6.232907,-0.951166,-0.308679,30.0,23.0,7.0,0.73709,247.97560975609755,11.0,9.0
1640478258.0,367157020.0,37.818121,-122.494559,6.230045,-0.950853,-0.309643,30.0,23.0,7.0,0.734793,248.0,11.0,9.0
1640478259.0,367157020.0,37.818112,-122.494594,6.227061,-0.950546,-0.310584,30.0,23.0,7.0,0.732497,248.02439024390245,11.0,9.0
1640478260.0,367157020.0,37.818103,-122.494629,6.223956,-0.950245,-0.311502,30.0,23.0,7.0,0.730203,248.0487804878049,11.0,9.0
1640478261.0,367157020.0,37.818094,-122.494663,6.220729,-0.949951,-0.312398,30.0,23.0,7.0,0.72791,248.0731707317073,11.0,9.0
1640478262.0,367157020.0,37.818085,-122.494698,6.217379,-0.949664,-0.313271,30.0,23.0,7.0,0.725618,248.09756097560967,11.0,9.0
1640478263.0,367157020.0,37.818076,-122.494733,6.213906,-0.949383,-0.314121,30.0,23.0,7.0,0.723328,248.1219512195122,11.0,9.0
1640478264.0,367157020.0,37.818067,-122.494767,6.21031,-0.949109,-0.314949,30.0,23.0,7.0,0.721039,248.14634146341464,11.0,9.0
1640478265.0,367157020.0,37.818058,-122.494802,6.20659,-0.948841,-0.315754,30.0,23.0,7.0,0.718751,248.1707317073171,11.0,9.0
1640478266.0,367157020.0,37.818049,-122.494836,6.202746,-0.948581,-0.316536,30.0,23.0,7.0,0.716465,248.1951219512195,11.0,9.0
1640478267.0,367157020.0,37.81804,-122.494871,6.198777,-0.948327,-0.317296,30.0,23.0,7.0,0.714181,248.21951219512195,11.0,9.0
1640478268.0,367157020.0,37.818031,-122.494905,6.194683,-0.94808,-0.318033,30.0,23.0,7.0,0.711898,248.2439024390244,11.0,9.0
1640478269.0,367157020.0,37.818022,-122.494939,6.190465,-0.94784,-0.318748,30.0,23.0,7.0,0.709617,248.26829268292684,11.0,9.0
1640478270.0,367157020.0,37.818013,-122.494974,6.18612,-0.947607,-0.31944,30.0,23.0,7.0,0.707338,248.2926829268293,11.0,9.0
1640478271.0,367157020.0,37.818004,-122.495008,6.18165,-0.947381,-0.32011,30.0,23.0,7.0,0.70506,248.3170731707317,11.0,9.0
1640478272.0,367157020.0,37.817994,-122.495042,6.177053,-0.947162,-0.320757,30.0,23.0,7.0,0.702784,248.3414634146341,11.0,9.0
1640478273.0,367157020.0,37.817985,-122.495077,6.17233,-0.94695,-0.321381,30.0,23.0,7.0,0.70051,248.3658536585366,11.0,9.0
1640478274.0,367157020.0,37.817976,-122.495111,6.16748,-0.946745,-0.321984,30.0,23.0,7.0,0.698238,248.390243902439,11.0,9.0
1640478275.0,367157020.0,37.817967,-122.495145,6.162503,-0.946548,-0.322563,30.0,23.0,7.0,0.695968,248.41463414634143,11.0,9.0
1640478276.0,367157020.0,37.817958,-122.495179,6.157398,-0.946358,-0.323121,30.0,23.0,7.0,0.693699,248.4390243902439,11.0,9.0
1640478277.0,367157020.0,37.817949,-122.495213,6.152166,-0.946175,-0.323655,30.0,23.0,7.0,0.691433,248.46341463414635,11.0,9.0
1640478278.0,367157020.0,37.817939,-122.495248,6.146806,-0.946,-0.324168,30.0,23.0,7.0,0.689169,248.4878048780488,11.0,9.0
1640478279.0,367157020.0,37.81793,-122.495282,6.141318,-0.945832,-0.324657,30.0,23.0,7.0,0.686907,248.5121951219512,11.0,9.0
1640478280.0,367157020.0,37.817921,-122.495316,6.135702,-0.945671,-0.325125,30.0,23.0,7.0,0.684647,248.53658536585365,11.0,9.0
1640478281.0,367157020.0,37.817912,-122.49535,6.129957,-0.945518,-0.325569,30.0,23.0,7.0,0.682389,248.5609756097561,11.0,9.0
1640478282.0,367157020.0,37.817902,-122.495384,6.124083,-0.945373,-0.325991,30.0,23.0,7.0,0.680133,248.5853658536585,11.0,9.0
1640478283.0,367157020.0,37.817893,-122.495417,6.11808,-0.945235,-0.326391,30.0,23.0,7.0,0.67788,248.609756097561,11.0,9.0
1640478284.0,367157020.0,37.817884,-122.495451,6.111948,-0.945105,-0.326768,30.0,23.0,7.0,0.675628,248.6341463414634,11.0,9.0
1640478285.0,367157020.0,37.817875,-122.495485,6.105686,-0.944982,-0.327122,30.0,23.0,7.0,0.67338,248.65853658536585,11.0,9.0
1640478286.0,367157020.0,37.817865,-122.495519,6.099295,-0.944867,-0.327453,30.0,23.0,7.0,0.671133,248.6829268292683,11.0,9.0
1640478287.0,367157020.0,37.817856,-122.495553,6.092775,-0.94476,-0.327762,30.0,23.0,7.0,0.668889,248.7073170731708,11.0,9.0
1640478288.0,367157020.0,37.817847,-122.495586,6.086124,-0.944661,-0.328047,30.0,23.0,7.0,0.666648,248.7317073170732,11.0,9.0
1640478289.0,367157020.0,37.817838,-122.49562,6.079344,-0.94457,-0.32831,30.0,23.0,7.0,0.664409,248.7560975609756,11.0,9.0
1640478290.0,367157020.0,37.817828,-122.495654,6.072433,-0.944486,-0.328551,30.0,23.0,7.0,0.662173,248.78048780487805,11.0,9.0
1640478291.0,367157020.0,37.817819,-122.495687,6.065392,-0.944411,-0.328768,30.0,23.0,7.0,0.659939,248.8048780487805,11.0,9.0
1640478292.0,367157020.0,37.81781,-122.495721,6.058221,-0.944343,-0.328962,30.0,23.0,7.0,0.657708,248.8292682926829,11.0,9.0
1640478293.0,367157020.0,37.817801,-122.495754,6.05092,-0.944284,-0.329133,30.0,23.0,7.0,0.655479,248.85365853658536,11.0,9.0
1640478294.0,367157020.0,37.817792,-122.495788,6.043488,-0.944232,-0.329281,30.0,23.0,7.0,0.653254,248.8780487804878,11.0,9.0
1640478295.0,367157020.0,37.817782,-122.495821,6.035925,-0.944189,-0.329405,30.0,23.0,7.0,0.651031,248.90243902439025,11.0,9.0
1640478296.0,367157020.0,37.817773,-122.495855,6.028232,-0.944153,-0.329506,30.0,23.0,7.0,0.648811,248.9268292682927,11.0,9.0
1640478297.0,367157020.0,37.817764,-122.495888,6.020408,-0.944126,-0.329584,30.0,23.0,7.0,0.646594,248.9512195121951,11.0,9.0
1640478298.0,367157020.0,37.817755,-122.495921,6.012454,-0.944107,-0.329639,30.0,23.0,7.0,0.64438,248.97560975609755,11.0,9.0
1640478299.0,367157020.0,37.817746,-122.495954,6.004369,-0.944096,-0.32967,30.0,23.0,7.0,0.642168,249.0,11.0,9.0
1640478300.0,367157020.0,37.817737,-122.495988,5.996153,-0.944094,-0.329677,30.0,23.0,7.0,0.63996,249.02439024390245,11.0,9.0
1640478301.0,367157020.0,37.817727,-122.496021,5.987806,-0.9441,-0.32966,30.0,23.0,7.0,0.637755,249.0487804878049,11.0,9.0
1640478302.0,367157020.0,37.817718,-122.496054,5.979328,-0.944114,-0.32962,30.0,23.0,7.0,0.635553,249.0731707317073,11.0,9.0
1640478303.0,367157020.0,37.817709,-122.496087,5.97072,-0.944136,-0.329556,30.0,23.0,7.0,0.633354,249.09756097560967,11.0,9.0
1640478304.0,367157020.0,37.8177,-122.49612,5.962028,-0.944164,-0.329474,30.0,23.0,7.0,0.631158,249.1219512195122,11.0,9.0
1640478305.0,367157020.0,37.817691,-122.496153,5.953441,-0.944189,-0.329404,30.0,23.0,7.0,0.628966,249.14634146341464,11.0,9.0
1640478306.0,367157020.0,37.817682,-122.496186,5.945006,-0.944207,-0.329352,30.0,23.0,7.0,0.626777,249.1707317073171,11.0,9.0
1640478307.0,367157020.0,37.817673,-122.496219,5.936722,-0.944219,-0.329318,30.0,23.0,7.0,0.62459,249.1951219512195,11.0,9.0
1640478308.0,367157020.0,37.817664,-122.496252,5.92859,-0.944224,-0.329303,30.0,23.0,7.0,0.622407,249.21951219512195,11.0,9.0
1640478309.0,367157020.0,37.817655,-122.496284,5.92061,-0.944223,-0.329306,30.0,23.0,7.0,0.620227,249.2439024390244,11.0,9.0
1640478310.0,367157020.0,37.817646,-122.496317,5.912781,-0.944216,-0.329327,30.0,23.0,7.0,0.61805,249.26829268292684,11.0,9.0
1640478311.0,367157020.0,37.817637,-122.49635,5.905104,-0.944202,-0.329367,30.0,23.0,7.0,0.615876,249.2926829268293,11.0,9.0
1640478312.0,367157020.0,37.817628,-122.496382,5.897578,-0.944182,-0.329425,30.0,23.0,7.0,0.613705,249.3170731707317,11.0,9.0
1640478313.0,367157020.0,37.817619,-122.496415,5.890204,-0.944155,-0.329503,30.0,23.0,7.0,0.611536,249.3414634146341,11.0,9.0
1640478314.0,367157020.0,37.81761,-122.496448,5.882983,-0.944121,-0.329599,30.0,23.0,7.0,0.60937,249.3658536585366,11.0,9.0
1640478315.0,367157020.0,37.817601,-122.49648,5.875912,-0.944081,-0.329713,30.0,23.0,7.0,0.607207,249.390243902439,11.0,9.0
1640478316.0,367157020.0,37.817592,-122.496513,5.868994,-0.944034,-0.329847,30.0,23.0,7.0,0.605047,249.41463414634143,11.0,9.0
1640478317.0,367157020.0,37.817583,-122.496545,5.862227,-0.943981,-0.329999,30.0,23.0,7.0,0.602889,249.4390243902439,11.0,9.0
1640478318.0,367157020.0,37.817574,-122.496578,5.855613,-0.943921,-0.330171,30.0,23.0,7.0,0.600734,249.46341463414635,11.0,9.0
1640478319.0,367157020.0,37.817565,-122.49661,5.84915,-0.943854,-0.330362,30.0,23.0,7.0,0.598581,249.4878048780488,11.0,9.0
1640478320.0,367157020.0,37.817556,-122.496642,5.842839,-0.943781,-0.330571,30.0,23.0,7.0,0.596431,249.5121951219512,11.0,9.0
1640478321.0,367157020.0,37.817547,-122.496675,5.836681,-0.943701,-0.3308,30.0,23.0,7.0,0.594283,249.53658536585365,11.0,9.0
1640478322.0,367157020.0,37.817538,-122.496707,5.830675,-0.943614,-0.331048,30.0,23.0,7.0,0.592138,249.5609756097561,11.0,9.0
1640478323.0,367157020.0,37.817529,-122.496739,5.824821,-0.94352,-0.331315,30.0,23.0,7.0,0.589994,249.5853658536585,11.0,9.0
1640478324.0,367157020.0,37.81752,-122.496771,5.819119,-0.94342,-0.331601,30.0,23.0,7.0,0.587853,249.609756097561,11.0,9.0
1640478325.0,367157020.0,37.817511,-122.496803,5.81357,-0.943312,-0.331906,30.0,23.0,7.0,0.585714,249.6341463414634,11.0,9.0
1640478326.0,367157020.0,37.817502,-122.496835,5.808174,-0.943198,-0.332231,30.0,23.0,7.0,0.583578,249.65853658536585,11.0,9.0
1640478327.0,367157020.0,37.817493,-122.496868,5.80293,-0.943077,-0.332575,30.0,23.0,7.0,0.581443,249.6829268292683,11.0,9.0
1640478328.0,367157020.0,37.817485,-122.4969,5.797839,-0.942949,-0.332938,30.0,23.0,7.0,0.57931,249.7073170731708,11.0,9.0
1640478329.0,367157020.0,37.817476,-122.496932,5.792902,-0.942813,-0.333321,30.0,23.0,7.0,0.57718,249.7317073170732,11.0,9.0
1640478330.0,367157020.0,37.817467,-122.496964,5.788117,-0.942671,-0.333723,30.0,23.0,7.0,0.575051,249.7560975609756,11.0,9.0
1640478331.0,367157020.0,37.817458,-122.496996,5.783486,-0.942522,-0.334144,30.0,23.0,7.0,0.572924,249.78048780487805,11.0,9.0
1640478332.0,367157020.0,37.817449,-122.497027,5.779008,-0.942366,-0.334585,30.0,23.0,7.0,0.570799,249.8048780487805,11.0,9.0
1640478333.0,367157020.0,37.81744,-122.497059,5.774684,-0.942202,-0.335045,30.0,23.0,7.0,0.568676,249.8292682926829,11.0,9.0
1640478334.0,367157020.0,37.817431,-122.497091,5.770513,-0.942032,-0.335524,30.0,23.0,7.0,0.566554,249.85365853658536,11.0,9.0
1640478335.0,367157020.0,37.817422,-122.497123,5.766497,-0.941854,-0.336022,30.0,23.0,7.0,0.564434,249.8780487804878,11.0,9.0
1640478336.0,367157020.0,37.817413,-122.497155,5.762635,-0.941669,-0.33654,30.0,23.0,7.0,0.562316,249.90243902439025,11.0,9.0
1640478337.0,367157020.0,37.817404,-122.497187,5.758927,-0.941477,-0.337077,30.0,23.0,7.0,0.560199,249.9268292682927,11.0,9.0
1640478338.0,367157020.0,37.817395,-122.497218,5.755374,-0.941278,-0.337634,30.0,23.0,7.0,0.558083,249.9512195121951,11.0,9.0
1640478339.0,367157020.0,37.817386,-122.49725,5.751975,-0.941071,-0.33821,30.0,23.0,7.0,0.555969,249.97560975609755,11.0,9.0
1640478340.0,367157020.0,37.817377,-122.497282,5.748731,-0.940857,-0.338804,30.0,23.0,7.0,0.553857,250.0,11.0,9.0
1640478341.0,367157020.0,37.817368,-122.497314,5.745643,-0.940635,-0.339419,30.0,23.0,7.0,0.551745,250.02439024390245,11.0,9.0
1640478342.0,367157020.0,37.817359,-122.497345,5.74271,-0.940407,-0.340052,30.0,23.0,7.0,0.549635,250.0487804878049,11.0,9.0
1640478343.0,367157020.0,37.81735,-122.497377,5.739933,-0.94017,-0.340704,30.0,23.0,7.0,0.547527,250.0731707317073,11.0,9.0
1640478344.0,367157020.0,37.817341,-122.497408,5.737311,-0.939927,-0.341376,30.0,23.0,7.0,0.545419,250.09756097560967,11.0,9.0
1640478345.0,367157020.0,37.817332,-122.49744,5.734846,-0.939676,-0.342067,30.0,23.0,7.0,0.543312,250.1219512195122,11.0,9.0
1640478346.0,367157020.0,37.817323,-122.497472,5.732537,-0.939417,-0.342776,30.0,23.0,7.0,0.541207,250.14634146341464,11.0,9.0
1640478347.0,367157020.0,37.817314,-122.497503,5.730385,-0.939151,-0.343505,30.0,23.0,7.0,0.539102,250.1707317073171,11.0,9.0
1640478348.0,367157020.0,37.817305,-122.497535,5.728389,-0.938877,-0.344252,30.0,23.0,7.0,0.536999,250.1951219512195,11.0,9.0
1640478349.0,367157020.0,37.817295,-122.497566,5.726551,-0.938596,-0.345019,30.0,23.0,7.0,0.534896,250.21951219512195,11.0,9.0
1640478350.0,367157020.0,37.817286,-122.497598,5.724871,-0.938307,-0.345804,30.0,23.0,7.0,0.532794,250.2439024390244,11.0,9.0
1640478351.0,367157020.0,37.817277,-122.497629,5.723348,-0.93801,-0.346608,30.0,23.0,7.0,0.530693,250.26829268292684,11.0,9.0
1640478352.0,367157020.0,37.817268,-122.49766,5.721983,-0.937706,-0.34743,30.0,23.0,7.0,0.528593,250.2926829268293,11.0,9.0
1640478353.0,367157020.0,37.817259,-122.497692,5.720777,-0.937394,-0.348271,30.0,23.0,7.0,0.526494,250.3170731707317,11.0,9.0
1640478354.0,367157020.0,37.81725,-122.497723,5.719729,-0.937074,-0.349131,30.0,23.0,7.0,0.524395,250.3414634146341,11.0,9.0
1640478355.0,367157020.0,37.81724,-122.497755,5.71884,-0.936747,-0.350009,30.0,23.0,7.0,0.522296,250.3658536585366,11.0,9.0
1640478356.0,367157020.0,37.817231,-122.497786,5.718111,-0.936411,-0.350905,30.0,23.0,7.0,0.520198,250.390243902439,11.0,9.0
1640478357.0,367157020.0,37.817222,-122.497817,5.717541,-0.936068,-0.351819,30.0,23.0,7.0,0.518101,250.41463414634143,11.0,9.0
1640478358.0,367157020.0,37.817212,-122.497849,5.717131,-0.935717,-0.352752,30.0,23.0,7.0,0.516004,250.4390243902439,11.0,9.0
1640478359.0,367157020.0,37.817203,-122.49788,5.716881,-0.935358,-0.353703,30.0,23.0,7.0,0.513907,250.46341463414635,11.0,9.0
1640478360.0,367157020.0,37.817194,-122.497911,5.716792,-0.934991,-0.354672,30.0,23.0,7.0,0.51181,250.4878048780488,11.0,9.0
1640478361.0,367157020.0,37.817184,-122.497943,5.716864,-0.934616,-0.355658,30.0,23.0,7.0,0.509714,250.5121951219512,11.0,9.0
1640478362.0,367157020.0,37.817175,-122.497974,5.717098,-0.934233,-0.356662,30.0,23.0,7.0,0.507618,250.53658536585365,11.0,9.0
1640478363.0,367157020.0,37.817166,-122.498005,5.717493,-0.933843,-0.357684,30.0,23.0,7.0,0.505522,250.5609756097561,11.0,9.0
1640478364.0,367157020.0,37.817156,-122.498037,5.71805,-0.933444,-0.358724,30.0,23.0,7.0,0.503426,250.5853658536585,11.0,9.0
1640478365.0,367157020.0,37.817147,-122.498068,5.718769,-0.933037,-0.359781,30.0,23.0,7.0,0.501331,250.609756097561,11.0,9.0
1640478366.0,367157020.0,37.817137,-122.498099,5.719652,-0.932622,-0.360855,30.0,23.0,7.0,0.499235,250.6341463414634,11.0,9.0
1640478367.0,367157020.0,37.817128,-122.49813,5.720697,-0.932199,-0.361946,30.0,23.0,7.0,0.497139,250.65853658536585,11.0,9.0
1640478368.0,367157020.0,37.817118,-122.498162,5.721906,-0.931768,-0.363055,30.0,23.0,7.0,0.495043,250.6829268292683,11.0,9.0
1640478369.0,367157020.0,37.817108,-122.498193,5.723279,-0.931329,-0.36418,30.0,23.0,7.0,0.492946,250.7073170731708,11.0,9.0
1640478370.0,367157020.0,37.817099,-122.498224,5.724817,-0.930881,-0.365322,30.0,23.0,7.0,0.49085,250.7317073170732,11.0,9.0
1640478371.0,367157020.0,37.817089,-122.498255,5.726519,-0.930426,-0.366481,30.0,23.0,7.0,0.488753,250.7560975609756,11.0,9.0
1640478372.0,367157020.0,37.817079,-122.498286,5.728386,-0.929962,-0.367656,30.0,23.0,7.0,0.486656,250.78048780487805,11.0,9.0
1640478373.0,367157020.0,37.81707,-122.498318,5.730419,-0.92949,-0.368848,30.0,23.0,7.0,0.484558,250.8048780487805,11.0,9.0
1640478374.0,367157020.0,37.81706,-122.498349,5.732618,-0.92901,-0.370055,30.0,23.0,7.0,0.48246,250.8292682926829,11.0,9.0
1640478375.0,367157020.0,37.81705,-122.49838,5.734915,-0.928523,-0.371274,30.0,23.0,7.0,0.480362,250.85365853658536,11.0,9.0
1640478376.0,367157020.0,37.81704,-122.498411,5.737039,-0.92804,-0.372481,30.0,23.0,7.0,0.478262,250.8780487804878,11.0,9.0
1640478377.0,367157020.0,37.81703,-122.498442,5.738922,-0.927561,-0.373672,30.0,23.0,7.0,0.476163,250.90243902439025,11.0,9.0
1640478378.0,367157020.0,37.81702,-122.498474,5.740564,-0.927087,-0.374846,30.0,23.0,7.0,0.474063,250.9268292682927,11.0,9.0
1640478379.0,367157020.0,37.81701,-122.498505,5.741964,-0.926618,-0.376005,30.0,23.0,7.0,0.471962,250.9512195121951,11.0,9.0
1640478380.0,367157020.0,37.817,-122.498536,5.743122,-0.926153,-0.377148,30.0,23.0,7.0,0.469862,250.97560975609755,11.0,9.0
1640478381.0,367157020.0,37.81699,-122.498567,5.744037,-0.925693,-0.378275,30.0,23.0,7.0,0.467761,251.0,11.0,9.0
1640478382.0,367157020.0,37.81698,-122.498598,5.74471,-0.925238,-0.379386,30.0,23.0,7.0,0.46566,251.02439024390245,11.0,9.0
1640478383.0,367157020.0,37.81697,-122.498629,5.745139,-0.924788,-0.380482,30.0,23.0,7.0,0.463559,251.0487804878049,11.0,9.0
1640478384.0,367157020.0,37.81696,-122.49866,5.745325,-0.924343,-0.381563,30.0,23.0,7.0,0.461459,251.0731707317073,11.0,9.0
1640478385.0,367157020.0,37.81695,-122.498692,5.745266,-0.923902,-0.382629,30.0,23.0,7.0,0.459358,251.09756097560967,11.0,9.0
1640478386.0,367157020.0,37.81694,-122.498723,5.744964,-0.923466,-0.38368,30.0,23.0,7.0,0.457258,251.1219512195122,11.0,9.0
1640478387.0,367157020.0,37.81693,-122.498754,5.744418,-0.923035,-0.384716,30.0,23.0,7.0,0.455158,251.14634146341464,11.0,9.0
1640478388.0,367157020.0,37.816919,-122.498785,5.743626,-0.922608,-0.385738,30.0,23.0,7.0,0.453059,251.1707317073171,11.0,9.0
1640478389.0,367157020.0,37.816909,-122.498816,5.74259,-0.922187,-0.386745,30.0,23.0,7.0,0.45096,251.1951219512195,11.0,9.0
1640478390.0,367157020.0,37.816899,-122.498847,5.741308,-0.921769,-0.387738,30.0,23.0,7.0,0.448862,251.21951219512195,11.0,9.0
1640478391.0,367157020.0,37.816889,-122.498878,5.739781,-0.921357,-0.388717,30.0,23.0,7.0,0.446764,251.2439024390244,11.0,9.0
1640478392.0,367157020.0,37.816878,-122.498909,5.738007,-0.920949,-0.389682,30.0,23.0,7.0,0.444668,251.26829268292684,11.0,9.0
1640478393.0,367157020.0,37.816868,-122.49894,5.735988,-0.920546,-0.390633,30.0,23.0,7.0,0.442572,251.2926829268293,11.0,9.0
1640478394.0,367157020.0,37.816858,-122.498971,5.733722,-0.920148,-0.39157,30.0,23.0,7.0,0.440477,251.3170731707317,11.0,9.0
1640478395.0,367157020.0,37.816847,-122.499002,5.73121,-0.919755,-0.392494,30.0,23.0,7.0,0.438384,251.3414634146341,11.0,9.0
1640478396.0,367157020.0,37.816837,-122.499032,5.72845,-0.919366,-0.393404,30.0,23.0,7.0,0.436291,251.3658536585366,11.0,9.0
1640478397.0,367157020.0,37.816826,-122.499063,5.725444,-0.918982,-0.394301,30.0,23.0,7.0,0.4342,251.390243902439,11.0,9.0
1640478398.0,367157020.0,37.816816,-122.499094,5.72219,-0.918602,-0.395184,30.0,23.0,7.0,0.43211,251.41463414634143,11.0,9.0
1640478399.0,367157020.0,37.816805,-122.499125,5.718688,-0.918227,-0.396054,30.0,23.0,7.0,0.430022,251.4390243902439,11.0,9.0
1640478400.0,367157020.0,37.816795,-122.499156,5.714938,-0.917857,-0.396911,30.0,23.0,7.0,0.427935,251.46341463414635,11.0,9.0
1640478401.0,367157020.0,37.816784,-122.499186,5.710941,-0.917491,-0.397755,30.0,23.0,7.0,0.42585,251.4878048780488,11.0,9.0
1640478402.0,367157020.0,37.816774,-122.499217,5.706695,-0.917131,-0.398587,30.0,23.0,7.0,0.423766,251.5121951219512,11.0,9.0
1640478403.0,367157020.0,37.816763,-122.499248,5.7022,-0.916775,-0.399405,30.0,23.0,7.0,0.421684,251.53658536585365,11.0,9.0
1640478404.0,367157020.0,37.816753,-122.499278,5.697456,-0.916423,-0.400211,30.0,23.0,7.0,0.419604,251.5609756097561,11.0,9.0
1640478405.0,367157020.0,37.816742,-122.499309,5.692464,-0.916076,-0.401004,30.0,23.0,7.0,0.417526,251.5853658536585,11.0,9.0
1640478406.0,367157020.0,37.816732,-122.499339,5.687222,-0.915734,-0.401785,30.0,23.0,7.0,0.41545,251.609756097561,11.0,9.0
1640478407.0,367157020.0,37.816721,-122.49937,5.681731,-0.915397,-0.402553,30.0,23.0,7.0,0.413377,251.6341463414634,11.0,9.0
1640478408.0,367157020.0,37.816711,-122.4994,5.675991,-0.915064,-0.403309,30.0,23.0,7.0,0.411305,251.65853658536585,11.0,9.0
1640478409.0,367157020.0,37.8167,-122.499431,5.67,-0.914736,-0.404053,30.0,23.0,7.0,0.409236,251.6829268292683,11.0,9.0
1640478410.0,367157020.0,37.816689,-122.499461,5.663759,-0.914412,-0.404784,30.0,23.0,7.0,0.407169,251.7073170731708,11.0,9.0
1640478411.0,367157020.0,37.816679,-122.499491,5.657269,-0.914094,-0.405503,30.0,23.0,7.0,0.405105,251.7317073170732,11.0,9.0
1640478412.0,367157020.0,37.816668,-122.499522,5.650527,-0.91378,-0.406211,30.0,23.0,7.0,0.403043,251.7560975609756,11.0,9.0
1640478413.0,367157020.0,37.816658,-122.499552,5.643536,-0.91347,-0.406906,30.0,23.0,7.0,0.400984,251.78048780487805,11.0,9.0
1640478414.0,367157020.0,37.816647,-122.499582,5.636293,-0.913165,-0.407589,30.0,23.0,7.0,0.398927,251.8048780487805,11.0,9.0
1640478415.0,367157020.0,37.816636,-122.499612,5.6288,-0.912866,-0.40826,30.0,23.0,7.0,0.396874,251.8292682926829,11.0,9.0
1640478416.0,367157020.0,37.816626,-122.499642,5.621055,-0.91257,-0.40892,30.0,23.0,7.0,0.394823,251.85365853658536,11.0,9.0
1640478417.0,367157020.0,37.816615,-122.499672,5.61306,-0.91228,-0.409568,30.0,23.0,7.0,0.392776,251.8780487804878,11.0,9.0
1640478418.0,367157020.0,37.816604,-122.499702,5.604812,-0.911994,-0.410204,30.0,23.0,7.0,0.390731,251.90243902439025,11.0,9.0
1640478419.0,367157020.0,37.816594,-122.499732,5.596314,-0.911713,-0.410828,30.0,23.0,7.0,0.38869,251.9268292682927,11.0,9.0
1640478420.0,367157020.0,37.816583,-122.499762,5.587563,-0.911436,-0.411441,30.0,23.0,7.0,0.386652,251.9512195121951,11.0,9.0
1640478421.0,367157020.0,37.816573,-122.499792,5.578561,-0.911165,-0.412042,30.0,23.0,7.0,0.384617,251.97560975609755,11.0,9.0
1640478422.0,367157020.0,37.816562,-122.499822,5.569306,-0.910898,-0.412632,30.0,23.0,7.0,0.382586,252.0,11.0,9.0
1640478423.0,367157020.0,37.816551,-122.499852,5.5598,-0.910636,-0.41321,30.0,23.0,7.0,0.380559,252.02439024390245,11.0,9.0
1640478424.0,367157020.0,37.816541,-122.499881,5.550041,-0.910379,-0.413776,30.0,23.0,7.0,0.378535,252.0487804878049,11.0,9.0
1640478425.0,367157020.0,37.81653,-122.499911,5.540029,-0.910126,-0.414331,30.0,23.0,7.0,0.376515,252.0731707317073,11.0,9.0
1640478426.0,367157020.0,37.816519,-122.49994,5.529765,-0.909878,-0.414875,30.0,23.0,7.0,0.374498,252.09756097560967,11.0,9.0
1640478427.0,367157020.0,37.816509,-122.49997,5.519248,-0.909636,-0.415407,30.0,23.0,7.0,0.372486,252.1219512195122,11.0,9.0
1640478428.0,367157020.0,37.816498,-122.499999,5.508478,-0.909397,-0.415928,30.0,23.0,7.0,0.370477,252.14634146341464,11.0,9.0
1640478429.0,367157020.0,37.816488,-122.500029,5.497456,-0.909164,-0.416438,30.0,23.0,7.0,0.368473,252.1707317073171,11.0,9.0
1640478430.0,367157020.0,37.816477,-122.500058,5.48618,-0.908936,-0.416936,30.0,23.0,7.0,0.366472,252.1951219512195,11.0,9.0
1640478431.0,367157020.0,37.816466,-122.500087,5.474651,-0.908713,-0.417422,30.0,23.0,7.0,0.364476,252.21951219512195,11.0,9.0
1640478432.0,367157020.0,37.816456,-122.500116,5.462868,-0.908494,-0.417897,30.0,23.0,7.0,0.362485,252.2439024390244,11.0,9.0
1640478433.0,367157020.0,37.816445,-122.500145,5.450832,-0.908281,-0.418361,30.0,23.0,7.0,0.360497,252.26829268292684,11.0,9.0
1640478434.0,367157020.0,37.816435,-122.500174,5.438543,-0.908072,-0.418814,30.0,23.0,7.0,0.358515,252.2926829268293,11.0,9.0
1640478435.0,367157020.0,37.816424,-122.500203,5.425999,-0.907868,-0.419255,30.0,23.0,7.0,0.356537,252.3170731707317,11.0,9.0
1640478436.0,367157020.0,37.816414,-122.500232,5.413202,-0.90767,-0.419685,30.0,23.0,7.0,0.354563,252.3414634146341,11.0,9.0
1640478437.0,367157020.0,37.816403,-122.500261,5.400151,-0.907476,-0.420103,30.0,23.0,7.0,0.352595,252.3658536585366,11.0,9.0
1640478438.0,367157020.0,37.816393,-122.500289,5.386846,-0.907288,-0.42051,30.0,23.0,7.0,0.350631,252.390243902439,11.0,9.0
1640478439.0,367157020.0,37.816382,-122.500318,5.373287,-0.907104,-0.420906,30.0,23.0,7.0,0.348672,252.41463414634143,11.0,9.0
1640478440.0,367157020.0,37.816372,-122.500347,5.359474,-0.906926,-0.42129,30.0,23.0,7.0,0.346718,252.4390243902439,11.0,9.0
1640478441.0,367157020.0,37.816361,-122.500375,5.345406,-0.906753,-0.421662,30.0,23.0,7.0,0.34477,252.46341463414635,11.0,9.0
1640478442.0,367157020.0,37.816351,-122.500403,5.331084,-0.906585,-0.422024,30.0,23.0,7.0,0.342826,252.4878048780488,11.0,9.0
1640478443.0,367157020.0,37.81634,-122.500432,5.316507,-0.906422,-0.422373,30.0,23.0,7.0,0.340888,252.5121951219512,11.0,9.0
1640478444.0,367157020.0,37.81633,-122.50046,5.301757,-0.906264,-0.422713,30.0,23.0,7.0,0.338956,252.53658536585365,11.0,9.0
1640478445.0,367157020.0,37.81632,-122.500488,5.287159,-0.906106,-0.423052,30.0,23.0,7.0,0.337029,252.5609756097561,11.0,9.0
1640478446.0,367157020.0,37.816309,-122.500516,5.272793,-0.905947,-0.423391,30.0,23.0,7.0,0.335107,252.5853658536585,11.0,9.0
1640478447.0,367157020.0,37.816299,-122.500544,5.258661,-0.905788,-0.42373,30.0,23.0,7.0,0.33319,252.609756097561,11.0,9.0
1640478448.0,367157020.0,37.816289,-122.500572,5.244761,-0.905629,-0.42407,30.0,23.0,7.0,0.331279,252.6341463414634,11.0,9.0
1640478449.0,367157020.0,37.816278,-122.5006,5.231094,-0.90547,-0.424411,30.0,23.0,7.0,0.329373,252.65853658536585,11.0,9.0
1640478450.0,367157020.0,37.816268,-122.500628,5.217659,-0.90531,-0.424752,30.0,23.0,7.0,0.327472,252.6829268292683,11.0,9.0
1640478451.0,367157020.0,37.816258,-122.500655,5.204458,-0.90515,-0.425093,30.0,23.0,7.0,0.325576,252.7073170731708,11.0,9.0
1640478452.0,367157020.0,37.816248,-122.500683,5.191489,-0.904989,-0.425434,30.0,23.0,7.0,0.323685,252.7317073170732,11.0,9.0
1640478453.0,367157020.0,37.816237,-122.50071,5.178754,-0.904828,-0.425776,30.0,23.0,7.0,0.321799,252.7560975609756,11.0,9.0
1640478454.0,367157020.0,37.816227,-122.500738,5.166251,-0.904667,-0.426118,30.0,23.0,7.0,0.319918,252.78048780487805,11.0,9.0
1640478455.0,367157020.0,37.816217,-122.500765,5.153981,-0.904506,-0.42646,30.0,23.0,7.0,0.318041,252.8048780487805,11.0,9.0
1640478456.0,367157020.0,37.816207,-122.500793,5.141943,-0.904345,-0.426803,30.0,23.0,7.0,0.316168,252.8292682926829,11.0,9.0
1640478457.0,367157020.0,37.816197,-122.50082,5.130139,-0.904183,-0.427145,30.0,23.0,7.0,0.314301,252.85365853658536,11.0,9.0
1640478458.0,367157020.0,37.816187,-122.500847,5.118567,-0.904021,-0.427487,30.0,23.0,7.0,0.312437,252.8780487804878,11.0,9.0
1640478459.0,367157020.0,37.816176,-122.500874,5.107228,-0.903859,-0.42783,30.0,23.0,7.0,0.310578,252.90243902439025,11.0,9.0
1640478460.0,367157020.0,37.816166,-122.500901,5.096122,-0.903697,-0.428172,30.0,23.0,7.0,0.308723,252.9268292682927,11.0,9.0
1640478461.0,367157020.0,37.816156,-122.500928,5.085249,-0.903535,-0.428514,30.0,23.0,7.0,0.306872,252.9512195121951,11.0,9.0
1640478462.0,367157020.0,37.816146,-122.500955,5.074608,-0.903373,-0.428856,30.0,23.0,7.0,0.305026,252.97560975609755,11.0,9.0
1640478463.0,367157020.0,37.816136,-122.500982,5.0642,-0.90321,-0.429198,30.0,23.0,7.0,0.303183,253.0,11.0,9.0
1640478464.0,367157020.0,37.816126,-122.501009,5.054025,-0.903048,-0.429539,30.0,23.0,7.0,0.301344,253.02439024390245,11.0,9.0
1640478465.0,367157020.0,37.816116,-122.501035,5.044083,-0.902886,-0.429881,30.0,23.0,7.0,0.299509,253.0487804878049,11.0,9.0
1640478466.0,367157020.0,37.816106,-122.501062,5.034373,-0.902723,-0.430222,30.0,23.0,7.0,0.297678,253.0731707317073,11.0,9.0
1640478467.0,367157020.0,37.816096,-122.501089,5.024896,-0.902561,-0.430562,30.0,23.0,7.0,0.29585,253.09756097560967,11.0,9.0
1640478468.0,367157020.0,37.816086,-122.501115,5.015652,-0.902399,-0.430902,30.0,23.0,7.0,0.294026,253.1219512195122,11.0,9.0
1640478469.0,367157020.0,37.816076,-122.501142,5.006641,-0.902237,-0.431242,30.0,23.0,7.0,0.292205,253.14634146341464,11.0,9.0
1640478470.0,367157020.0,37.816066,-122.501168,4.997862,-0.902074,-0.431581,30.0,23.0,7.0,0.290388,253.1707317073171,11.0,9.0
1640478471.0,367157020.0,37.816056,-122.501194,4.989317,-0.901912,-0.431919,30.0,23.0,7.0,0.288574,253.1951219512195,11.0,9.0
1640478472.0,367157020.0,37.816046,-122.501221,4.981003,-0.901751,-0.432257,30.0,23.0,7.0,0.286763,253.21951219512195,11.0,9.0
1640478473.0,367157020.0,37.816036,-122.501247,4.972923,-0.901589,-0.432594,30.0,23.0,7.0,0.284955,253.2439024390244,11.0,9.0
1640478474.0,367157020.0,37.816026,-122.501273,4.965075,-0.901428,-0.43293,30.0,23.0,7.0,0.28315,253.26829268292684,11.0,9.0
1640478475.0,367157020.0,37.816016,-122.5013,4.95746,-0.901266,-0.433265,30.0,23.0,7.0,0.281349,253.2926829268293,11.0,9.0
1640478476.0,367157020.0,37.816006,-122.501326,4.950078,-0.901105,-0.4336,30.0,23.0,7.0,0.27955,253.3170731707317,11.0,9.0
1640478477.0,367157020.0,37.815996,-122.501352,4.942928,-0.900945,-0.433934,30.0,23.0,7.0,0.277754,253.3414634146341,11.0,9.0
1640478478.0,367157020.0,37.815986,-122.501378,4.936011,-0.900784,-0.434267,30.0,23.0,7.0,0.27596,253.3658536585366,11.0,9.0
1640478479.0,367157020.0,37.815976,-122.501404,4.929327,-0.900624,-0.434598,30.0,23.0,7.0,0.27417,253.390243902439,11.0,9.0
1640478480.0,367157020.0,37.815966,-122.50143,4.922875,-0.900465,-0.434929,30.0,23.0,7.0,0.272381,253.41463414634143,11.0,9.0
1640478481.0,367157020.0,37.815957,-122.501456,4.916656,-0.900305,-0.435259,30.0,23.0,7.0,0.270596,253.4390243902439,11.0,9.0
1640478482.0,367157020.0,37.815947,-122.501482,4.91067,-0.900146,-0.435587,30.0,23.0,7.0,0.268812,253.46341463414635,11.0,9.0
1640478483.0,367157020.0,37.815937,-122.501508,4.904916,-0.899988,-0.435915,30.0,23.0,7.0,0.267031,253.4878048780488,11.0,9.0
1640478484.0,367157020.0,37.815927,-122.501534,4.899395,-0.89983,-0.436241,30.0,23.0,7.0,0.265252,253.5121951219512,11.0,9.0
1640478485.0,367157020.0,37.815917,-122.501559,4.894106,-0.899673,-0.436565,30.0,23.0,7.0,0.263475,253.53658536585365,11.0,9.0
1640478486.0,367157020.0,37.815907,-122.501585,4.88905,-0.899516,-0.436889,30.0,23.0,7.0,0.2617,253.5609756097561,11.0,9.0
1640478487.0,367157020.0,37.815897,-122.501611,4.884227,-0.899359,-0.437211,30.0,23.0,7.0,0.259927,253.5853658536585,11.0,9.0
1640478488.0,367157020.0,37.815887,-122.501637,4.879636,-0.899203,-0.437531,30.0,23.0,7.0,0.258156,253.609756097561,11.0,9.0
1640478489.0,367157020.0,37.815877,-122.501662,4.875278,-0.899048,-0.43785,30.0,23.0,7.0,0.256387,253.6341463414634,11.0,9.0
1640478490.0,367157020.0,37.815868,-122.501688,4.871152,-0.898893,-0.438168,30.0,23.0,7.0,0.254619,253.65853658536585,11.0,9.0
1640478491.0,367157020.0,37.815858,-122.501714,4.867259,-0.898739,-0.438484,30.0,23.0,7.0,0.252853,253.6829268292683,11.0,9.0
1640478492.0,367157020.0,37.815848,-122.501739,4.863598,-0.898586,-0.438798,30.0,23.0,7.0,0.251089,253.7073170731708,11.0,9.0
1640478493.0,367157020.0,37.815838,-122.501765,4.86017,-0.898433,-0.43911,30.0,23.0,7.0,0.249326,253.7317073170732,11.0,9.0
1640478494.0,367157020.0,37.815828,-122.501791,4.856975,-0.898281,-0.439421,30.0,23.0,7.0,0.247564,253.7560975609756,11.0,9.0
1640478495.0,367157020.0,37.815818,-122.501816,4.854012,-0.89813,-0.43973,30.0,23.0,7.0,0.245803,253.78048780487805,11.0,9.0
1640478496.0,367157020.0,37.815808,-122.501842,4.851281,-0.897979,-0.440038,30.0,23.0,7.0,0.244044,253.8048780487805,11.0,9.0
1640478497.0,367157020.0,37.815798,-122.501867,4.848783,-0.89783,-0.440343,30.0,23.0,7.0,0.242286,253.8292682926829,11.0,9.0
1640478498.0,367157020.0,37.815789,-122.501893,4.846518,-0.897681,-0.440646,30.0,23.0,7.0,0.240528,253.85365853658536,11.0,9.0
1640478499.0,367157020.0,37.815779,-122.501918,4.844485,-0.897533,-0.440948,30.0,23.0,7.0,0.238772,253.8780487804878,11.0,9.0
1640478500.0,367157020.0,37.815769,-122.501944,4.842684,-0.897386,-0.441247,30.0,23.0,7.0,0.237017,253.90243902439025,11.0,9.0
1640478501.0,367157020.0,37.815759,-122.501969,4.841116,-0.897239,-0.441544,30.0,23.0,7.0,0.235262,253.9268292682927,11.0,9.0
1640478502.0,367157020.0,37.815749,-122.501994,4.83978,-0.897094,-0.44184,30.0,23.0,7.0,0.233508,253.9512195121951,11.0,9.0
1640478503.0,367157020.0,37.815739,-122.50202,4.838677,-0.89695,-0.442133,30.0,23.0,7.0,0.231754,253.97560975609755,11.0,9.0
1640478504.0,367157020.0,37.815729,-122.502045,4.837806,-0.896806,-0.442424,30.0,23.0,7.0,0.230001,254.0,11.0,9.0
1640478505.0,367157020.0,37.815719,-122.502071,4.837167,-0.896664,-0.442712,30.0,23.0,7.0,0.228249,254.02439024390245,11.0,9.0
1640478506.0,367157020.0,37.815709,-122.502096,4.836761,-0.896522,-0.442999,30.0,23.0,7.0,0.226496,254.0487804878049,11.0,9.0
1640478507.0,367157020.0,37.8157,-122.502122,4.836587,-0.896382,-0.443283,30.0,23.0,7.0,0.224744,254.0731707317073,11.0,9.0
1640478508.0,367157020.0,37.81569,-122.502147,4.836646,-0.896243,-0.443564,30.0,23.0,7.0,0.222992,254.09756097560967,11.0,9.0
1640478509.0,367157020.0,37.81568,-122.502172,4.836936,-0.896104,-0.443844,30.0,23.0,7.0,0.221241,254.1219512195122,11.0,9.0
1640478510.0,367157020.0,37.81567,-122.502198,4.83746,-0.895967,-0.444121,30.0,23.0,7.0,0.219489,254.14634146341464,11.0,9.0
1640478511.0,367157020.0,37.81566,-122.502223,4.838215,-0.895831,-0.444395,30.0,23.0,7.0,0.217737,254.1707317073171,11.0,9.0
1640478512.0,367157020.0,37.81565,-122.502248,4.839203,-0.895696,-0.444667,30.0,23.0,7.0,0.215985,254.1951219512195,11.0,9.0
1640478513.0,367157020.0,37.81564,-122.502274,4.840423,-0.895562,-0.444936,30.0,23.0,7.0,0.214232,254.21951219512195,11.0,9.0
1640478514.0,367157020.0,37.81563,-122.502299,4.841876,-0.89543,-0.445203,30.0,23.0,7.0,0.21248,254.2439024390244,11.0,9.0
1640478515.0,367157020.0,37.81562,-122.502325,4.843561,-0.895298,-0.445467,30.0,23.0,7.0,0.210726,254.26829268292684,11.0,9.0
1640478516.0,367157020.0,37.81561,-122.50235,4.845454,-0.895169,-0.445727,30.0,23.0,7.0,0.208973,254.2926829268293,11.0,9.0
1640478517.0,367157020.0,37.8156,-122.502375,4.847464,-0.895044,-0.445978,30.0,23.0,7.0,0.207218,254.3170731707317,11.0,9.0
1640478518.0,367157020.0,37.81559,-122.502401,4.849566,-0.894925,-0.446217,30.0,23.0,7.0,0.205463,254.3414634146341,11.0,9.0
1640478519.0,367157020.0,37.81558,-122.502426,4.851761,-0.894811,-0.446445,30.0,23.0,7.0,0.203708,254.3658536585366,11.0,9.0
1640478520.0,367157020.0,37.81557,-122.502452,4.854049,-0.894703,-0.446662,30.0,23.0,7.0,0.201951,254.390243902439,11.0,9.0
1640478521.0,367157020.0,37.81556,-122.502477,4.856429,-0.8946,-0.446867,30.0,23.0,7.0,0.200194,254.41463414634143,11.0,9.0
1640478522.0,367157020.0,37.81555,-122.502503,4.858901,-0.894503,-0.447062,30.0,23.0,7.0,0.198437,254.4390243902439,11.0,9.0
1640478523.0,367157020.0,37.81554,-122.502528,4.861466,-0.894412,-0.447245,30.0,23.0,7.0,0.196678,254.46341463414635,11.0,9.0
1640478524.0,367157020.0,37.81553,-122.502553,4.864124,-0.894325,-0.447417,30.0,23.0,7.0,0.194918,254.4878048780488,11.0,9.0
1640478525.0,367157020.0,37.81552,-122.502579,4.866873,-0.894245,-0.447578,30.0,23.0,7.0,0.193158,254.5121951219512,11.0,9.0
1640478526.0,367157020.0,37.81551,-122.502604,4.869715,-0.89417,-0.447728,30.0,23.0,7.0,0.191396,254.53658536585365,11.0,9.0
1640478527.0,367157020.0,37.8155,-122.50263,4.87265,-0.8941,-0.447867,30.0,23.0,7.0,0.189634,254.5609756097561,11.0,9.0
1640478528.0,367157020.0,37.815489,-122.502655,4.875676,-0.894036,-0.447995,30.0,23.0,7.0,0.18787,254.5853658536585,11.0,9.0
1640478529.0,367157020.0,37.815479,-122.502681,4.878795,-0.893978,-0.448111,30.0,23.0,7.0,0.186106,254.609756097561,11.0,9.0
1640478530.0,367157020.0,37.815469,-122.502707,4.882006,-0.893925,-0.448217,30.0,23.0,7.0,0.18434,254.6341463414634,11.0,9.0
1640478531.0,367157020.0,37.815459,-122.502732,4.885309,-0.893877,-0.448312,30.0,23.0,7.0,0.182574,254.65853658536585,11.0,9.0
1640478532.0,367157020.0,37.815449,-122.502758,4.888704,-0.893835,-0.448395,30.0,23.0,7.0,0.180806,254.6829268292683,11.0,9.0
1640478533.0,367157020.0,37.815439,-122.502783,4.892192,-0.893799,-0.448468,30.0,23.0,7.0,0.179037,254.7073170731708,11.0,9.0
1640478534.0,367157020.0,37.815429,-122.502809,4.895772,-0.893768,-0.448529,30.0,23.0,7.0,0.177267,254.7317073170732,11.0,9.0
1640478535.0,367157020.0,37.815419,-122.502834,4.899443,-0.893743,-0.44858,30.0,23.0,7.0,0.175495,254.7560975609756,11.0,9.0
1640478536.0,367157020.0,37.815408,-122.50286,4.903207,-0.893723,-0.44862,30.0,23.0,7.0,0.173722,254.78048780487805,11.0,9.0
1640478537.0,367157020.0,37.815398,-122.502886,4.907063,-0.893708,-0.448648,30.0,23.0,7.0,0.171948,254.8048780487805,11.0,9.0
1640478538.0,367157020.0,37.815388,-122.502911,4.911012,-0.893699,-0.448666,30.0,23.0,7.0,0.170172,254.8292682926829,11.0,9.0
1640478539.0,367157020.0,37.815378,-122.502937,4.915052,-0.893696,-0.448673,30.0,23.0,7.0,0.168395,254.85365853658536,11.0,9.0
1640478540.0,367157020.0,37.815368,-122.502963,4.919184,-0.893698,-0.44867,30.0,23.0,7.0,0.166617,254.8780487804878,11.0,9.0
1640478541.0,367157020.0,37.815357,-122.502989,4.923409,-0.893705,-0.448655,30.0,23.0,7.0,0.164837,254.90243902439025,11.0,9.0
1640478542.0,367157020.0,37.815347,-122.503014,4.927725,-0.893718,-0.44863,30.0,23.0,7.0,0.163055,254.9268292682927,11.0,9.0
1640478543.0,367157020.0,37.815337,-122.50304,4.932134,-0.893736,-0.448593,30.0,23.0,7.0,0.161272,254.9512195121951,11.0,9.0
1640478544.0,367157020.0,37.815327,-122.503066,4.936635,-0.893759,-0.448547,30.0,23.0,7.0,0.159488,254.97560975609755,11.0,9.0
1640478545.0,367157020.0,37.815316,-122.503092,4.941228,-0.893788,-0.448489,30.0,23.0,7.0,0.157701,255.0,11.0,9.0
1640478546.0,367157020.0,37.815306,-122.503118,4.945913,-0.893823,-0.448421,30.0,23.0,7.0,0.155913,255.02439024390245,11.0,9.0
1640478547.0,367157020.0,37.815296,-122.503144,4.95069,-0.893862,-0.448342,30.0,23.0,7.0,0.154124,255.0487804878049,11.0,9.0
1640478548.0,367157020.0,37.815286,-122.50317,4.955559,-0.893907,-0.448253,30.0,23.0,7.0,0.152332,255.0731707317073,11.0,9.0
1640478549.0,367157020.0,37.815275,-122.503195,4.960521,-0.893957,-0.448153,30.0,23.0,7.0,0.150539,255.09756097560967,11.0,9.0
1640478550.0,367157020.0,37.815265,-122.503221,4.965575,-0.894012,-0.448042,30.0,23.0,7.0,0.148744,255.1219512195122,11.0,9.0
1640478551.0,367157020.0,37.815255,-122.503247,4.970721,-0.894073,-0.447921,30.0,23.0,7.0,0.146947,255.14634146341464,11.0,9.0
1640478552.0,367157020.0,37.815245,-122.503273,4.975959,-0.894139,-0.44779,30.0,23.0,7.0,0.145148,255.1707317073171,11.0,9.0
1640478553.0,367157020.0,37.815234,-122.5033,4.98129,-0.89421,-0.447648,30.0,23.0,7.0,0.143347,255.1951219512195,11.0,9.0
1640478554.0,367157020.0,37.815224,-122.503326,4.986713,-0.894286,-0.447496,30.0,23.0,7.0,0.141545,255.21951219512195,11.0,9.0
1640478555.0,367157020.0,37.815214,-122.503352,4.992228,-0.894367,-0.447334,30.0,23.0,7.0,0.13974,255.2439024390244,11.0,9.0
1640478556.0,367157020.0,37.815203,-122.503378,4.997835,-0.894454,-0.447161,30.0,23.0,7.0,0.137933,255.26829268292684,11.0,9.0
1640478557.0,367157020.0,37.815193,-122.503404,5.003535,-0.894545,-0.446978,30.0,23.0,7.0,0.136124,255.2926829268293,11.0,9.0
1640478558.0,367157020.0,37.815183,-122.50343,5.009328,-0.894642,-0.446785,30.0,23.0,7.0,0.134313,255.3170731707317,11.0,9.0
1640478559.0,367157020.0,37.815172,-122.503456,5.015213,-0.894743,-0.446581,30.0,23.0,7.0,0.1325,255.3414634146341,11.0,9.0
1640478560.0,367157020.0,37.815162,-122.503483,5.02119,-0.89485,-0.446368,30.0,23.0,7.0,0.130685,255.3658536585366,11.0,9.0
1640478561.0,367157020.0,37.815151,-122.503509,5.02726,-0.894961,-0.446144,30.0,23.0,7.0,0.128867,255.390243902439,11.0,9.0
1640478562.0,367157020.0,37.815141,-122.503535,5.033423,-0.895078,-0.445911,30.0,23.0,7.0,0.127047,255.41463414634143,11.0,9.0
1640478563.0,367157020.0,37.815131,-122.503562,5.039678,-0.895199,-0.445667,30.0,23.0,7.0,0.125225,255.4390243902439,11.0,9.0
1640478564.0,367157020.0,37.81512,-122.503588,5.046026,-0.895325,-0.445413,30.0,23.0,7.0,0.1234,255.46341463414635,11.0,9.0
1640478565.0,367157020.0,37.81511,-122.503615,5.052466,-0.895456,-0.44515,30.0,23.0,7.0,0.121573,255.4878048780488,11.0,9.0
1640478566.0,367157020.0,37.8151,-122.503641,5.059,-0.895592,-0.444877,30.0,23.0,7.0,0.119744,255.5121951219512,11.0,9.0
1640478567.0,367157020.0,37.815089,-122.503668,5.065626,-0.895732,-0.444594,30.0,23.0,7.0,0.117912,255.53658536585365,11.0,9.0
1640478568.0,367157020.0,37.815079,-122.503694,5.072345,-0.895878,-0.444301,30.0,23.0,7.0,0.116078,255.5609756097561,11.0,9.0
1640478569.0,367157020.0,37.815068,-122.503721,5.079158,-0.896028,-0.443998,30.0,23.0,7.0,0.114241,255.5853658536585,11.0,9.0
1640478570.0,367157020.0,37.815058,-122.503748,5.086063,-0.896182,-0.443686,30.0,23.0,7.0,0.112402,255.609756097561,11.0,9.0
1640478571.0,367157020.0,37.815047,-122.503774,5.093061,-0.896341,-0.443365,30.0,23.0,7.0,0.11056,255.6341463414634,11.0,9.0
1640478572.0,367157020.0,37.815037,-122.503801,5.100152,-0.896505,-0.443033,30.0,23.0,7.0,0.108715,255.65853658536585,11.0,9.0
1640478573.0,367157020.0,37.815026,-122.503828,5.107337,-0.896673,-0.442693,30.0,23.0,7.0,0.106868,255.6829268292683,11.0,9.0
1640478574.0,367157020.0,37.815016,-122.503855,5.114615,-0.896846,-0.442342,30.0,23.0,7.0,0.105018,255.7073170731708,11.0,9.0
1640478575.0,367157020.0,37.815006,-122.503881,5.121986,-0.897024,-0.441983,30.0,23.0,7.0,0.103165,255.7317073170732,11.0,9.0
1640478576.0,367157020.0,37.814995,-122.503908,5.12945,-0.897205,-0.441614,30.0,23.0,7.0,0.101309,255.7560975609756,11.0,9.0
1640478577.0,367157020.0,37.814985,-122.503935,5.137009,-0.897391,-0.441236,30.0,23.0,7.0,0.099451,255.78048780487805,11.0,9.0
1640478578.0,367157020.0,37.814974,-122.503962,5.14466,-0.897582,-0.440848,30.0,23.0,7.0,0.09759,255.8048780487805,11.0,9.0
1640478579.0,367157020.0,37.814964,-122.503989,5.152405,-0.897776,-0.440452,30.0,23.0,7.0,0.095725,255.8292682926829,11.0,9.0
1640478580.0,367157020.0,37.814953,-122.504016,5.160244,-0.897975,-0.440046,30.0,23.0,7.0,0.093858,255.85365853658536,11.0,9.0
1640478581.0,367157020.0,37.814943,-122.504044,5.168177,-0.898178,-0.439631,30.0,23.0,7.0,0.091988,255.8780487804878,11.0,9.0
1640478582.0,367157020.0,37.814932,-122.504071,5.176203,-0.898386,-0.439208,30.0,23.0,7.0,0.090115,255.90243902439025,11.0,9.0
1640478583.0,367157020.0,37.814922,-122.504098,5.184323,-0.898597,-0.438775,30.0,23.0,7.0,0.088239,255.9268292682927,11.0,9.0
1640478584.0,367157020.0,37.814911,-122.504125,5.192538,-0.898812,-0.438334,30.0,23.0,7.0,0.086359,255.9512195121951,11.0,9.0
1640478585.0,367157020.0,37.814901,-122.504153,5.200846,-0.899032,-0.437883,30.0,23.0,7.0,0.084477,255.97560975609755,11.0,9.0
1640478586.0,367157020.0,37.81489,-122.50418,5.209181,-0.899254,-0.437426,30.0,23.0,7.0,0.082591,256.0,11.0,9.0
1640478587.0,367157020.0,37.814879,-122.504207,5.21727,-0.899476,-0.436971,30.0,23.0,7.0,0.080703,256.0243902439024,11.0,9.0
1640478588.0,367157020.0,37.814869,-122.504235,5.225047,-0.899695,-0.43652,30.0,23.0,7.0,0.078811,256.0487804878049,11.0,9.0
1640478589.0,367157020.0,37.814858,-122.504262,5.232511,-0.899912,-0.436072,30.0,23.0,7.0,0.076916,256.0731707317073,11.0,9.0
1640478590.0,367157020.0,37.814848,-122.50429,5.239662,-0.900127,-0.435628,30.0,23.0,7.0,0.075018,256.0975609756098,11.0,9.0
1640478591.0,367157020.0,37.814837,-122.504318,5.2465,-0.90034,-0.435188,30.0,23.0,7.0,0.073118,256.1219512195122,11.0,9.0
1640478592.0,367157020.0,37.814827,-122.504345,5.253025,-0.900551,-0.434751,30.0,23.0,7.0,0.071215,256.1463414634146,11.0,9.0
1640478593.0,367157020.0,37.814816,-122.504373,5.259237,-0.90076,-0.434317,30.0,23.0,7.0,0.069309,256.1707317073171,11.0,9.0
1640478594.0,367157020.0,37.814806,-122.504401,5.265136,-0.900967,-0.433887,30.0,23.0,7.0,0.067401,256.1951219512195,11.0,9.0
1640478595.0,367157020.0,37.814795,-122.504429,5.270722,-0.901173,-0.43346,30.0,23.0,7.0,0.065491,256.219512195122,11.0,9.0
1640478596.0,367157020.0,37.814784,-122.504456,5.275995,-0.901377,-0.433036,30.0,23.0,7.0,0.063579,256.2439024390244,11.0,9.0
1640478597.0,367157020.0,37.814774,-122.504484,5.280955,-0.901579,-0.432615,30.0,23.0,7.0,0.061664,256.2682926829268,11.0,9.0
1640478598.0,367157020.0,37.814763,-122.504512,5.285602,-0.901779,-0.432197,30.0,23.0,7.0,0.059748,256.2926829268293,11.0,9.0
1640478599.0,367157020.0,37.814753,-122.50454,5.289935,-0.901978,-0.431782,30.0,23.0,7.0,0.057829,256.3170731707317,11.0,9.0
1640478600.0,367157020.0,37.814742,-122.504568,5.293956,-0.902175,-0.431369,30.0,23.0,7.0,0.05591,256.3414634146342,11.0,9.0
1640478601.0,367157020.0,37.814732,-122.504596,5.297663,-0.902371,-0.43096,30.0,23.0,7.0,0.053988,256.3658536585366,11.0,9.0
1640478602.0,367157020.0,37.814721,-122.504624,5.301057,-0.902565,-0.430553,30.0,23.0,7.0,0.052065,256.390243902439,11.0,9.0
1640478603.0,367157020.0,37.81471,-122.504652,5.304138,-0.902758,-0.430148,30.0,23.0,7.0,0.05014,256.4146341463415,11.0,9.0
1640478604.0,367157020.0,37.8147,-122.50468,5.306906,-0.90295,-0.429746,30.0,23.0,7.0,0.048215,256.4390243902439,11.0,9.0
1640478605.0,367157020.0,37.814689,-122.504708,5.30936,-0.90314,-0.429347,30.0,23.0,7.0,0.046288,256.4634146341463,11.0,9.0
1640478606.0,367157020.0,37.814679,-122.504736,5.311501,-0.903328,-0.428949,30.0,23.0,7.0,0.04436,256.4878048780488,11.0,9.0
1640478607.0,367157020.0,37.814668,-122.504764,5.313329,-0.903516,-0.428555,30.0,23.0,7.0,0.042431,256.5121951219512,11.0,9.0
1640478608.0,367157020.0,37.814658,-122.504792,5.314844,-0.903702,-0.428162,30.0,23.0,7.0,0.040502,256.5365853658537,11.0,9.0
1640478609.0,367157020.0,37.814647,-122.50482,5.316045,-0.903887,-0.427771,30.0,23.0,7.0,0.038572,256.5609756097561,11.0,9.0
1640478610.0,367157020.0,37.814637,-122.504849,5.316933,-0.904071,-0.427383,30.0,23.0,7.0,0.036641,256.5853658536585,11.0,9.0
1640478611.0,367157020.0,37.814626,-122.504877,5.317507,-0.904254,-0.426996,30.0,23.0,7.0,0.034709,256.609756097561,11.0,9.0
1640478612.0,367157020.0,37.814616,-122.504905,5.317768,-0.904435,-0.426611,30.0,23.0,7.0,0.032778,256.6341463414634,11.0,9.0
1640478613.0,367157020.0,37.814605,-122.504933,5.317716,-0.904616,-0.426228,30.0,23.0,7.0,0.030846,256.6585365853659,11.0,9.0
1640478614.0,367157020.0,37.814595,-122.504961,5.31735,-0.904795,-0.425847,30.0,23.0,7.0,0.028914,256.6829268292683,11.0,9.0
1640478615.0,367157020.0,37.814584,-122.504989,5.316671,-0.904973,-0.425468,30.0,23.0,7.0,0.026982,256.7073170731707,11.0,9.0
1640478616.0,367157020.0,37.814574,-122.505018,5.315679,-0.905151,-0.42509,30.0,23.0,7.0,0.02505,256.7317073170732,11.0,9.0
1640478617.0,367157020.0,37.814563,-122.505046,5.314373,-0.905327,-0.424714,30.0,23.0,7.0,0.023119,256.7560975609756,11.0,9.0
1640478618.0,367157020.0,37.814553,-122.505074,5.312754,-0.905503,-0.42434,30.0,23.0,7.0,0.021188,256.780487804878,11.0,9.0
1640478619.0,367157020.0,37.814542,-122.505102,5.310821,-0.905678,-0.423967,30.0,23.0,7.0,0.019257,256.8048780487805,11.0,9.0
1640478620.0,367157020.0,37.814532,-122.50513,5.308574,-0.905852,-0.423595,30.0,23.0,7.0,0.017327,256.8292682926829,11.0,9.0
1640478621.0,367157020.0,37.814522,-122.505158,5.306015,-0.906025,-0.423225,30.0,23.0,7.0,0.015397,256.8536585365854,11.0,9.0
1640478622.0,367157020.0,37.814511,-122.505187,5.303141,-0.906197,-0.422855,30.0,23.0,7.0,0.013468,256.8780487804878,11.0,9.0
1640478623.0,367157020.0,37.814501,-122.505215,5.299955,-0.906369,-0.422488,30.0,23.0,7.0,0.011541,256.9024390243902,11.0,9.0
1640478624.0,367157020.0,37.81449,-122.505243,5.296454,-0.90654,-0.422121,30.0,23.0,7.0,0.009614,256.9268292682927,11.0,9.0
1640478625.0,367157020.0,37.81448,-122.505271,5.29264,-0.90671,-0.421755,30.0,23.0,7.0,0.007688,256.9512195121951,11.0,9.0
1640478626.0,367157020.0,37.81447,-122.505299,5.288513,-0.906879,-0.421391,30.0,23.0,7.0,0.005764,256.9756097560976,11.0,9.0
1640478627.0,367157020.0,37.814459,-122.505327,5.284072,-0.907048,-0.421027,30.0,23.0,7.0,0.003841,257.0,11.0,9.0
1640478628.0,367157020.0,37.814449,-122.505355,5.279318,-0.907216,-0.420664,30.0,23.0,7.0,0.00192,257.0243902439024,11.0,9.0
1640478629.0,367157020.0,37.814439,-122.505383,5.279318,-0.907216,-0.420664,30.0,23.0,7.0,0.0,257.0487804878049,11.0,9.0
