Timestamp,MMSI,Latitude,Longitude,Speed,Course-sin,Course-cos,Length,Width,Vesseltype,Distance,Timestamp,MMSI,Latitude,Longitude,Speed,Course-sin,Course-cos,Length,Width,Vesseltype,Distance,Timestamp,MMSI,Latitude,Longitude,Speed,Course-sin,Course-cos,Length,Width,Vesseltype,Distance,Timestamp,MMSI,Latitude,Longitude,Speed,Course-sin,Course-cos,Length,Width,Vesseltype,Distance,Timestamp,MMSI,Latitude,Longitude,Speed,Course-sin,Course-cos,Length,Width,Vesseltype,Distance,Timestamp,MMSI,Latitude,Longitude,Speed,Course-sin,Course-cos,Length,Width,Vesseltype,Distance,Timestamp,MMSI,Latitude,Longitude,Speed,Course-sin,Course-cos,Length,Width,Vesseltype,Distance,Timestamp,MMSI,Latitude,Longitude,Speed,Course-sin,Course-cos,Length,Width,Vesseltype,Distance,WindDirection,WindSpeed,Visibility
1616853991.0,338193601.0,37.843491,-122.469383,5.427664,-0.922471,0.386065,36.0,0.0,0.0,1.0,1616853991.0,338210142.0,37.824072,-122.465071,8.112582,-0.291884,-0.956454,37.0,14.0,0.0,1.0,1616853991.0,338303852.0,37.832841,-122.44339,7.062094,-0.096519,-0.995331,37.0,10.0,4.0,1.0,1616853991.0,338310102.0,37.83348,-122.455134,7.661612,-0.230502,0.973072,36.0,12.0,4.0,1.0,1616853991.0,338348843.0,37.819642,-122.461575,6.703293,-0.265778,-0.964034,36.0,11.0,4.0,1.0,1616853991.0,351249000.0,37.80415,-122.506484,11.09285,0.866118,0.49984,70.0,336.0,45.0,1.0,1616853991.0,368124230.0,37.832493,-122.469678,2.994963,-0.167088,0.985942,36.0,14.0,3.0,1.0,1616853991.0,369199000.0,37.83138,-122.459102,5.529073,0.778662,-0.627443,36.0,11.0,4.0,1.0,47.74722222222222,3.0,10.0
1616853992.0,338193601.0,37.8435,-122.469412,5.434256,-0.923145,0.384453,36.0,0.0,0.0,0.996211,1616853992.0,338210142.0,37.824036,-122.465085,8.11122,-0.292671,-0.956213,37.0,14.0,0.0,0.995714,1616853992.0,338303852.0,37.832808,-122.443394,6.991973,-0.098066,-0.99518,37.0,10.0,4.0,0.996263,1616853992.0,338310102.0,37.833514,-122.455144,7.651847,-0.228485,0.973547,36.0,12.0,4.0,0.995549,1616853992.0,338348843.0,37.819612,-122.461585,6.707674,-0.265536,-0.964101,36.0,11.0,4.0,0.996012,1616853992.0,351249000.0,37.804176,-122.506428,11.077896,0.865964,0.500106,70.0,336.0,45.0,0.995301,1616853992.0,368124230.0,37.832506,-122.469681,2.978647,-0.165433,0.986221,36.0,14.0,3.0,0.993333,1616853992.0,369199000.0,37.831364,-122.459077,5.519606,0.776355,-0.630295,36.0,11.0,4.0,0.995324,47.74444444444445,3.0,10.0
1616853993.0,338193601.0,37.84351,-122.469442,5.440676,-0.92375,0.382997,36.0,0.0,0.0,0.992425,1616853993.0,338210142.0,37.824,-122.465099,8.10985,-0.293459,-0.955972,37.0,14.0,0.0,0.991428,1616853993.0,338303852.0,37.832776,-122.443398,6.924196,-0.099865,-0.995001,37.0,10.0,4.0,0.992563,1616853993.0,338310102.0,37.833549,-122.455154,7.642005,-0.226405,0.974033,36.0,12.0,4.0,0.991106,1616853993.0,338348843.0,37.819582,-122.461596,6.712065,-0.265351,-0.964152,36.0,11.0,4.0,0.992023,1616853993.0,351249000.0,37.804201,-122.506372,11.062654,0.865799,0.500391,70.0,336.0,45.0,0.990609,1616853993.0,368124230.0,37.83252,-122.469684,2.962292,-0.163731,0.986505,36.0,14.0,3.0,0.986705,1616853993.0,369199000.0,37.831348,-122.459052,5.510309,0.774078,-0.63309,36.0,11.0,4.0,0.990661,47.74166666666667,3.0,10.0
1616853994.0,338193601.0,37.84352,-122.469471,5.446921,-0.924287,0.381697,36.0,0.0,0.0,0.988641,1616853994.0,338210142.0,37.823965,-122.465113,8.108471,-0.294245,-0.95573,37.0,14.0,0.0,0.987142,1616853994.0,338303852.0,37.832744,-122.443402,6.858772,-0.101919,-0.994793,37.0,10.0,4.0,0.988896,1616853994.0,338310102.0,37.833583,-122.455164,7.632089,-0.224261,0.974529,36.0,12.0,4.0,0.98667,1616853994.0,338348843.0,37.819553,-122.461606,6.716465,-0.265224,-0.964187,36.0,11.0,4.0,0.988031,1616853994.0,351249000.0,37.804227,-122.506316,11.047123,0.865622,0.500698,70.0,336.0,45.0,0.985923,1616853994.0,368124230.0,37.832533,-122.469686,2.945898,-0.161982,0.986794,36.0,14.0,3.0,0.980117,1616853994.0,369199000.0,37.831332,-122.459027,5.501177,0.771832,-0.635827,36.0,11.0,4.0,0.986009,47.73888888888889,3.0,10.0
1616853995.0,338193601.0,37.843529,-122.469501,5.452986,-0.924759,0.380554,36.0,0.0,0.0,0.984859,1616853995.0,338210142.0,37.823929,-122.465127,8.107084,-0.295031,-0.955488,37.0,14.0,0.0,0.982857,1616853995.0,338303852.0,37.832712,-122.443406,6.795711,-0.104235,-0.994553,37.0,10.0,4.0,0.985262,1616853995.0,338310102.0,37.833618,-122.455174,7.622101,-0.222054,0.975034,36.0,12.0,4.0,0.982242,1616853995.0,338348843.0,37.819523,-122.461617,6.720876,-0.265154,-0.964206,36.0,11.0,4.0,0.984038,1616853995.0,351249000.0,37.804252,-122.50626,11.031304,0.865433,0.501025,70.0,336.0,45.0,0.981245,1616853995.0,368124230.0,37.832547,-122.469689,2.929466,-0.160185,0.987087,36.0,14.0,3.0,0.973569,1616853995.0,369199000.0,37.831316,-122.459002,5.492207,0.769617,-0.638506,36.0,11.0,4.0,0.981368,47.73611111111112,3.0,10.0
1616853996.0,338193601.0,37.843539,-122.46953,5.458869,-0.925165,0.379566,36.0,0.0,0.0,0.98108,1616853996.0,338210142.0,37.823893,-122.465141,8.105688,-0.295817,-0.955245,37.0,14.0,0.0,0.978571,1616853996.0,338303852.0,37.832681,-122.44341,6.735024,-0.106818,-0.994279,37.0,10.0,4.0,0.98166,1616853996.0,338310102.0,37.833652,-122.455184,7.612045,-0.219783,0.975549,36.0,12.0,4.0,0.977821,1616853996.0,338348843.0,37.819493,-122.461627,6.725295,-0.265142,-0.964209,36.0,11.0,4.0,0.980042,1616853996.0,351249000.0,37.804278,-122.506204,11.015197,0.865231,0.501373,70.0,336.0,45.0,0.976573,1616853996.0,368124230.0,37.83256,-122.469692,2.912997,-0.15834,0.987385,36.0,14.0,3.0,0.96706,1616853996.0,369199000.0,37.8313,-122.458977,5.483393,0.767435,-0.641126,36.0,11.0,4.0,0.976739,47.73333333333333,3.0,10.0
1616853997.0,338193601.0,37.843549,-122.46956,5.464565,-0.925506,0.378733,36.0,0.0,0.0,0.977303,1616853997.0,338210142.0,37.823857,-122.465155,8.104283,-0.296602,-0.955001,37.0,14.0,0.0,0.974285,1616853997.0,338303852.0,37.83265,-122.443414,6.676726,-0.109671,-0.993968,37.0,10.0,4.0,0.978087,1616853997.0,338310102.0,37.833686,-122.455194,7.601924,-0.217448,0.976072,36.0,12.0,4.0,0.973409,1616853997.0,338348843.0,37.819463,-122.461638,6.729725,-0.265187,-0.964197,36.0,11.0,4.0,0.976044,1616853997.0,351249000.0,37.804304,-122.506148,10.998802,0.865017,0.501742,70.0,336.0,45.0,0.971909,1616853997.0,368124230.0,37.832574,-122.469695,2.896491,-0.156445,0.987687,36.0,14.0,3.0,0.960591,1616853997.0,369199000.0,37.831284,-122.458952,5.474733,0.765287,-0.643689,36.0,11.0,4.0,0.97212,47.730555555555554,3.0,10.0
1616853998.0,338193601.0,37.843558,-122.469589,5.470073,-0.925783,0.378054,36.0,0.0,0.0,0.973529,1616853998.0,338210142.0,37.823821,-122.465169,8.10287,-0.297386,-0.954757,37.0,14.0,0.0,0.969999,1616853998.0,338303852.0,37.832619,-122.443419,6.62083,-0.112799,-0.993618,37.0,10.0,4.0,0.974542,1616853998.0,338310102.0,37.833721,-122.455204,7.591741,-0.215048,0.976604,36.0,12.0,4.0,0.969004,1616853998.0,338348843.0,37.819433,-122.461648,6.734163,-0.26529,-0.964169,36.0,11.0,4.0,0.972044,1616853998.0,351249000.0,37.804329,-122.506093,10.98212,0.864791,0.502132,70.0,336.0,45.0,0.967252,1616853998.0,368124230.0,37.832587,-122.469697,2.879949,-0.154499,0.987993,36.0,14.0,3.0,0.954161,1616853998.0,369199000.0,37.831267,-122.458928,5.466222,0.763174,-0.646194,36.0,11.0,4.0,0.967513,47.727777777777774,3.0,10.0
1616853999.0,338193601.0,37.843568,-122.469619,5.475391,-0.925997,0.37753,36.0,0.0,0.0,0.969756,1616853999.0,338210142.0,37.823785,-122.465183,8.101448,-0.29817,-0.954513,37.0,14.0,0.0,0.965713,1616853999.0,338303852.0,37.832589,-122.443423,6.567352,-0.116205,-0.993225,37.0,10.0,4.0,0.971024,1616853999.0,338310102.0,37.833755,-122.455213,7.581501,-0.212582,0.977143,36.0,12.0,4.0,0.964607,1616853999.0,338348843.0,37.819403,-122.461659,6.738612,-0.265449,-0.964125,36.0,11.0,4.0,0.968042,1616853999.0,351249000.0,37.804355,-122.506037,10.965151,0.864552,0.502544,70.0,336.0,45.0,0.962603,1616853999.0,368124230.0,37.8326,-122.4697,2.863377,-0.152504,0.988303,36.0,14.0,3.0,0.94777,1616853999.0,369199000.0,37.831251,-122.458904,5.457857,0.761095,-0.64864,36.0,11.0,4.0,0.962917,47.725,3.0,10.0
1616854000.0,338193601.0,37.843577,-122.469649,5.480516,-0.926148,0.37716,36.0,0.0,0.0,0.965987,1616854000.0,338210142.0,37.82375,-122.465197,8.100017,-0.298953,-0.954268,37.0,14.0,0.0,0.961428,1616854000.0,338303852.0,37.832559,-122.443427,6.516309,-0.119891,-0.992787,37.0,10.0,4.0,0.967531,1616854000.0,338310102.0,37.833789,-122.455223,7.571206,-0.210051,0.97769,36.0,12.0,4.0,0.960218,1616854000.0,338348843.0,37.819372,-122.461669,6.74307,-0.265665,-0.964065,36.0,11.0,4.0,0.964037,1616854000.0,351249000.0,37.80438,-122.505981,10.947895,0.8643,0.502976,70.0,336.0,45.0,0.957961,1616854000.0,368124230.0,37.832613,-122.469703,2.846805,-0.150472,0.988614,36.0,14.0,3.0,0.941418,1616854000.0,369199000.0,37.831234,-122.458879,5.449633,0.759053,-0.651029,36.0,11.0,4.0,0.958331,47.72222222222222,3.0,10.0
1616854001.0,338193601.0,37.843587,-122.469679,5.485449,-0.926236,0.376943,36.0,0.0,0.0,0.96222,1616854001.0,338210142.0,37.823714,-122.465212,8.098577,-0.299735,-0.954022,37.0,14.0,0.0,0.957142,1616854001.0,338303852.0,37.832529,-122.443432,6.467721,-0.12386,-0.9923,37.0,10.0,4.0,0.964061,1616854001.0,338310102.0,37.833824,-122.455232,7.56086,-0.207453,0.978245,36.0,12.0,4.0,0.955838,1616854001.0,338348843.0,37.819342,-122.461679,6.747539,-0.265938,-0.96399,36.0,11.0,4.0,0.960029,1616854001.0,351249000.0,37.804406,-122.505926,10.930353,0.864036,0.503431,70.0,336.0,45.0,0.953327,1616854001.0,368124230.0,37.832626,-122.469705,2.830237,-0.148404,0.988927,36.0,14.0,3.0,0.935105,1616854001.0,369199000.0,37.831218,-122.458855,5.441547,0.757048,-0.653359,36.0,11.0,4.0,0.953756,47.71944444444444,3.0,10.0
1616854002.0,338193601.0,37.843596,-122.469708,5.490188,-0.926262,0.376879,36.0,0.0,0.0,0.958455,1616854002.0,338210142.0,37.823678,-122.465226,8.097129,-0.300517,-0.953776,37.0,14.0,0.0,0.952856,1616854002.0,338303852.0,37.832499,-122.443437,6.421606,-0.128113,-0.99176,37.0,10.0,4.0,0.960613,1616854002.0,338310102.0,37.833858,-122.455241,7.550468,-0.20479,0.978806,36.0,12.0,4.0,0.951466,1616854002.0,338348843.0,37.819312,-122.46169,6.752018,-0.266268,-0.963899,36.0,11.0,4.0,0.956019,1616854002.0,351249000.0,37.804431,-122.505871,10.912525,0.863758,0.503906,70.0,336.0,45.0,0.9487,1616854002.0,368124230.0,37.832639,-122.469708,2.813676,-0.146299,0.98924,36.0,14.0,3.0,0.928831,1616854002.0,369199000.0,37.831202,-122.458831,5.433595,0.755081,-0.655631,36.0,11.0,4.0,0.949191,47.71666666666667,3.0,10.0
1616854003.0,338193601.0,37.843606,-122.469738,5.494734,-0.926226,0.376969,36.0,0.0,0.0,0.954692,1616854003.0,338210142.0,37.823642,-122.46524,8.095672,-0.301298,-0.95353,37.0,14.0,0.0,0.948571,1616854003.0,338303852.0,37.83247,-122.443442,6.377988,-0.132651,-0.991163,37.0,10.0,4.0,0.957186,1616854003.0,338310102.0,37.833892,-122.45525,7.540032,-0.202059,0.979373,36.0,12.0,4.0,0.947103,1616854003.0,338348843.0,37.819282,-122.461701,6.756508,-0.266655,-0.963792,36.0,11.0,4.0,0.952006,1616854003.0,351249000.0,37.804456,-122.505816,10.894412,0.863468,0.504404,70.0,336.0,45.0,0.944082,1616854003.0,368124230.0,37.832652,-122.46971,2.797121,-0.144157,0.989555,36.0,14.0,3.0,0.922596,1616854003.0,369199000.0,37.831185,-122.458807,5.425774,0.753153,-0.657845,36.0,11.0,4.0,0.944636,47.71388888888889,3.0,10.0
1616854004.0,338193601.0,37.843616,-122.469768,5.499086,-0.926128,0.37721,36.0,0.0,0.0,0.950932,1616854004.0,338210142.0,37.823607,-122.465254,8.094207,-0.302079,-0.953283,37.0,14.0,0.0,0.944285,1616854004.0,338303852.0,37.83244,-122.443447,6.336887,-0.137473,-0.990505,37.0,10.0,4.0,0.953777,1616854004.0,338310102.0,37.833926,-122.455259,7.529557,-0.199261,0.979947,36.0,12.0,4.0,0.942748,1616854004.0,338348843.0,37.819252,-122.461711,6.761009,-0.267097,-0.96367,36.0,11.0,4.0,0.94799,1616854004.0,351249000.0,37.804482,-122.50576,10.876014,0.863164,0.504923,70.0,336.0,45.0,0.939472,1616854004.0,368124230.0,37.832665,-122.469712,2.780573,-0.141978,0.98987,36.0,14.0,3.0,0.916399,1616854004.0,369199000.0,37.831169,-122.458783,5.41808,0.751264,-0.660001,36.0,11.0,4.0,0.940092,47.71111111111111,3.0,10.0
1616854005.0,338193601.0,37.843625,-122.469798,5.503244,-0.925967,0.377603,36.0,0.0,0.0,0.947175,1616854005.0,338210142.0,37.823571,-122.465269,8.092733,-0.302859,-0.953035,37.0,14.0,0.0,0.94,1616854005.0,338303852.0,37.832411,-122.443452,6.298329,-0.14258,-0.989783,37.0,10.0,4.0,0.950386,1616854005.0,338310102.0,37.83396,-122.455268,7.519047,-0.196394,0.980525,36.0,12.0,4.0,0.938402,1616854005.0,338348843.0,37.819222,-122.461722,6.765523,-0.267596,-0.963531,36.0,11.0,4.0,0.943972,1616854005.0,351249000.0,37.804507,-122.505705,10.857332,0.862847,0.505465,70.0,336.0,45.0,0.93487,1616854005.0,368124230.0,37.832677,-122.469715,2.764031,-0.139761,0.990185,36.0,14.0,3.0,0.91024,1616854005.0,369199000.0,37.831152,-122.458759,5.410509,0.749416,-0.662099,36.0,11.0,4.0,0.935557,47.708333333333336,3.0,10.0
1616854006.0,338193601.0,37.843635,-122.469828,5.507212,-0.925745,0.378148,36.0,0.0,0.0,0.943419,1616854006.0,338210142.0,37.823535,-122.465283,8.09125,-0.303639,-0.952787,37.0,14.0,0.0,0.935715,1616854006.0,338303852.0,37.832383,-122.443457,6.262339,-0.14797,-0.988992,37.0,10.0,4.0,0.94701,1616854006.0,338310102.0,37.833994,-122.455277,7.508507,-0.19346,0.981108,36.0,12.0,4.0,0.934065,1616854006.0,338348843.0,37.819192,-122.461732,6.770049,-0.268151,-0.963377,36.0,11.0,4.0,0.93995,1616854006.0,351249000.0,37.804533,-122.505651,10.838365,0.862517,0.506028,70.0,336.0,45.0,0.930277,1616854006.0,368124230.0,37.83269,-122.469717,2.747498,-0.137504,0.990501,36.0,14.0,3.0,0.90412,1616854006.0,369199000.0,37.831136,-122.458735,5.403059,0.747609,-0.664139,36.0,11.0,4.0,0.931032,47.70555555555556,3.0,10.0
1616854007.0,338193601.0,37.843644,-122.469857,5.510989,-0.92546,0.378844,36.0,0.0,0.0,0.939666,1616854007.0,338210142.0,37.8235,-122.465297,8.089758,-0.304418,-0.952539,37.0,14.0,0.0,0.93143,1616854007.0,338303852.0,37.832354,-122.443462,6.228942,-0.15364,-0.988127,37.0,10.0,4.0,0.943648,1616854007.0,338310102.0,37.834028,-122.455285,7.49794,-0.190457,0.981695,36.0,12.0,4.0,0.929737,1616854007.0,338348843.0,37.819162,-122.461743,6.774588,-0.268763,-0.963206,36.0,11.0,4.0,0.935926,1616854007.0,351249000.0,37.804558,-122.505596,10.819115,0.862173,0.506614,70.0,336.0,45.0,0.925692,1616854007.0,368124230.0,37.832703,-122.469719,2.730973,-0.135208,0.990817,36.0,14.0,3.0,0.898038,1616854007.0,369199000.0,37.831119,-122.458712,5.395725,0.745843,-0.666121,36.0,11.0,4.0,0.926517,47.702777777777776,3.0,10.0
1616854008.0,338193601.0,37.843654,-122.469887,5.514578,-0.925113,0.379691,36.0,0.0,0.0,0.935915,1616854008.0,338210142.0,37.823464,-122.465312,8.088257,-0.305196,-0.95229,37.0,14.0,0.0,0.927145,1616854008.0,338303852.0,37.832325,-122.443468,6.198168,-0.159586,-0.987184,37.0,10.0,4.0,0.940299,1616854008.0,338310102.0,37.834063,-122.455294,7.48735,-0.187385,0.982287,36.0,12.0,4.0,0.925419,1616854008.0,338348843.0,37.819131,-122.461754,6.779141,-0.26943,-0.96302,36.0,11.0,4.0,0.931898,1616854008.0,351249000.0,37.804583,-122.505541,10.799583,0.861816,0.507221,70.0,336.0,45.0,0.921115,1616854008.0,368124230.0,37.832715,-122.469721,2.714456,-0.132871,0.991133,36.0,14.0,3.0,0.891994,1616854008.0,369199000.0,37.831102,-122.458688,5.388506,0.74412,-0.668046,36.0,11.0,4.0,0.922011,47.7,3.0,10.0
1616854009.0,338193601.0,37.843664,-122.469917,5.517982,-0.924703,0.380689,36.0,0.0,0.0,0.932166,1616854009.0,338210142.0,37.823428,-122.465326,8.086748,-0.305974,-0.95204,37.0,14.0,0.0,0.92286,1616854009.0,338303852.0,37.832297,-122.443474,6.170043,-0.165805,-0.986159,37.0,10.0,4.0,0.936961,1616854009.0,338310102.0,37.834097,-122.455302,7.476744,-0.184243,0.982881,36.0,12.0,4.0,0.921109,1616854009.0,338348843.0,37.819101,-122.461764,6.783709,-0.270152,-0.962818,36.0,11.0,4.0,0.927867,1616854009.0,351249000.0,37.804609,-122.505487,10.779768,0.861444,0.507852,70.0,336.0,45.0,0.916548,1616854009.0,368124230.0,37.832728,-122.469723,2.697949,-0.130494,0.991449,36.0,14.0,3.0,0.885987,1616854009.0,369199000.0,37.831086,-122.458665,5.381397,0.742441,-0.669912,36.0,11.0,4.0,0.917515,47.69722222222222,3.0,10.0
1616854010.0,338193601.0,37.843673,-122.469947,5.521202,-0.92423,0.381836,36.0,0.0,0.0,0.92842,1616854010.0,338210142.0,37.823393,-122.465341,8.08523,-0.306751,-0.95179,37.0,14.0,0.0,0.918575,1616854010.0,338303852.0,37.832269,-122.44348,6.144598,-0.172292,-0.985046,37.0,10.0,4.0,0.933633,1616854010.0,338310102.0,37.834131,-122.45531,7.466124,-0.181032,0.983477,36.0,12.0,4.0,0.91681,1616854010.0,338348843.0,37.819071,-122.461775,6.788293,-0.27093,-0.962599,36.0,11.0,4.0,0.923833,1616854010.0,351249000.0,37.804634,-122.505432,10.759671,0.861059,0.508505,70.0,336.0,45.0,0.911989,1616854010.0,368124230.0,37.83274,-122.469725,2.681451,-0.128074,0.991765,36.0,14.0,3.0,0.880018,1616854010.0,369199000.0,37.831069,-122.458641,5.374395,0.740805,-0.67172,36.0,11.0,4.0,0.913027,47.69444444444444,3.0,10.0
1616854011.0,338193601.0,37.843683,-122.469977,5.524244,-0.923693,0.383133,36.0,0.0,0.0,0.924675,1616854011.0,338210142.0,37.823357,-122.465355,8.083703,-0.307528,-0.951539,37.0,14.0,0.0,0.91429,1616854011.0,338303852.0,37.832241,-122.443486,6.121863,-0.17904,-0.983842,37.0,10.0,4.0,0.930312,1616854011.0,338310102.0,37.834165,-122.455318,7.455496,-0.17775,0.984076,36.0,12.0,4.0,0.912519,1616854011.0,338348843.0,37.819041,-122.461786,6.792893,-0.271764,-0.962364,36.0,11.0,4.0,0.919796,1616854011.0,351249000.0,37.804659,-122.505378,10.739294,0.860659,0.509181,70.0,336.0,45.0,0.90744,1616854011.0,368124230.0,37.832752,-122.469727,2.664963,-0.125611,0.99208,36.0,14.0,3.0,0.874087,1616854011.0,369199000.0,37.831052,-122.458618,5.367498,0.739214,-0.673471,36.0,11.0,4.0,0.908549,47.69166666666666,3.0,10.0
1616854012.0,338193601.0,37.843693,-122.470007,5.52711,-0.923092,0.384579,36.0,0.0,0.0,0.920933,1616854012.0,338210142.0,37.823322,-122.46537,8.082167,-0.308304,-0.951288,37.0,14.0,0.0,0.910005,1616854012.0,338303852.0,37.832213,-122.443492,6.101869,-0.186043,-0.982542,37.0,10.0,4.0,0.926997,1616854012.0,338310102.0,37.834198,-122.455326,7.444864,-0.174397,0.984675,36.0,12.0,4.0,0.908239,1616854012.0,338348843.0,37.819011,-122.461797,6.797511,-0.272653,-0.962112,36.0,11.0,4.0,0.915755,1616854012.0,351249000.0,37.804685,-122.505324,10.718636,0.860246,0.50988,70.0,336.0,45.0,0.902899,1616854012.0,368124230.0,37.832765,-122.469729,2.648486,-0.123105,0.992394,36.0,14.0,3.0,0.868193,1616854012.0,369199000.0,37.831036,-122.458595,5.360702,0.737668,-0.675163,36.0,11.0,4.0,0.904079,47.68888888888889,3.0,10.0
1616854013.0,338193601.0,37.843703,-122.470037,5.529805,-0.922426,0.386174,36.0,0.0,0.0,0.917192,1616854013.0,338210142.0,37.823286,-122.465385,8.080623,-0.30908,-0.951036,37.0,14.0,0.0,0.905721,1616854013.0,338303852.0,37.832185,-122.443499,6.084646,-0.193292,-0.981141,37.0,10.0,4.0,0.923688,1616854013.0,338310102.0,37.834232,-122.455333,7.434235,-0.170973,0.985276,36.0,12.0,4.0,0.903968,1616854013.0,338348843.0,37.81898,-122.461807,6.802148,-0.273597,-0.961844,36.0,11.0,4.0,0.91171,1616854013.0,351249000.0,37.80471,-122.50527,10.697844,0.859818,0.5106,70.0,336.0,45.0,0.898368,1616854013.0,368124230.0,37.832777,-122.469731,2.632021,-0.120554,0.992707,36.0,14.0,3.0,0.862335,1616854013.0,369199000.0,37.831019,-122.458571,5.354006,0.736169,-0.676798,36.0,11.0,4.0,0.899618,47.68611111111111,3.0,10.0
1616854014.0,338193601.0,37.843713,-122.470067,5.532333,-0.921694,0.387918,36.0,0.0,0.0,0.913454,1616854014.0,338210142.0,37.82325,-122.465399,8.07907,-0.309855,-0.950784,37.0,14.0,0.0,0.901436,1616854014.0,338303852.0,37.832158,-122.443506,6.070228,-0.200779,-0.979637,37.0,10.0,4.0,0.920381,1616854014.0,338310102.0,37.834266,-122.455341,7.423612,-0.167477,0.985876,36.0,12.0,4.0,0.899707,1616854014.0,338348843.0,37.81895,-122.461818,6.806805,-0.274596,-0.96156,36.0,11.0,4.0,0.907662,1616854014.0,351249000.0,37.804735,-122.505216,10.677503,0.859381,0.511336,70.0,336.0,45.0,0.893847,1616854014.0,368124230.0,37.832789,-122.469733,2.615567,-0.117959,0.993018,36.0,14.0,3.0,0.856515,1616854014.0,369199000.0,37.831002,-122.458548,5.347405,0.734715,-0.678375,36.0,11.0,4.0,0.895166,47.68333333333333,3.0,10.0
1616854015.0,338193601.0,37.843723,-122.470097,5.5347,-0.920895,0.38981,36.0,0.0,0.0,0.909717,1616854015.0,338210142.0,37.823215,-122.465414,8.077508,-0.310629,-0.950531,37.0,14.0,0.0,0.897152,1616854015.0,338303852.0,37.83213,-122.443513,6.058646,-0.208494,-0.978024,37.0,10.0,4.0,0.917076,1616854015.0,338310102.0,37.8343,-122.455348,7.413,-0.163909,0.986475,36.0,12.0,4.0,0.895457,1616854015.0,338348843.0,37.81892,-122.461829,6.811483,-0.275649,-0.961258,36.0,11.0,4.0,0.903609,1616854015.0,351249000.0,37.804761,-122.505162,10.65776,0.858935,0.512085,70.0,336.0,45.0,0.889334,1616854015.0,368124230.0,37.832801,-122.469735,2.599126,-0.115317,0.993329,36.0,14.0,3.0,0.850731,1616854015.0,369199000.0,37.830985,-122.458525,5.340898,0.733309,-0.679895,36.0,11.0,4.0,0.890722,47.68055555555556,3.0,10.0
1616854016.0,338193601.0,37.843733,-122.470126,5.536911,-0.920029,0.391849,36.0,0.0,0.0,0.905982,1616854016.0,338210142.0,37.823179,-122.465429,8.075937,-0.311403,-0.950278,37.0,14.0,0.0,0.892868,1616854016.0,338303852.0,37.832103,-122.44352,6.049933,-0.216426,-0.976299,37.0,10.0,4.0,0.913771,1616854016.0,338310102.0,37.834334,-122.455355,7.402407,-0.160268,0.987073,36.0,12.0,4.0,0.891217,1616854016.0,338348843.0,37.818889,-122.46184,6.816183,-0.276757,-0.96094,36.0,11.0,4.0,0.899554,1616854016.0,351249000.0,37.804786,-122.505109,10.638614,0.85848,0.512847,70.0,336.0,45.0,0.884831,1616854016.0,368124230.0,37.832813,-122.469737,2.582698,-0.112628,0.993637,36.0,14.0,3.0,0.844984,1616854016.0,369199000.0,37.830968,-122.458502,5.334482,0.731951,-0.681357,36.0,11.0,4.0,0.886286,47.67777777777778,3.0,10.0
1616854017.0,338193601.0,37.843743,-122.470156,5.538972,-0.919095,0.394036,36.0,0.0,0.0,0.902248,1616854017.0,338210142.0,37.823144,-122.465443,8.074357,-0.312176,-0.950024,37.0,14.0,0.0,0.888584,1616854017.0,338303852.0,37.832076,-122.443528,6.044121,-0.224563,-0.97446,37.0,10.0,4.0,0.910465,1616854017.0,338310102.0,37.834368,-122.455362,7.391835,-0.156555,0.987669,36.0,12.0,4.0,0.886987,1616854017.0,338348843.0,37.818859,-122.461851,6.820907,-0.27792,-0.960604,36.0,11.0,4.0,0.895494,1616854017.0,351249000.0,37.804811,-122.505055,10.620066,0.858016,0.513623,70.0,336.0,45.0,0.880336,1616854017.0,368124230.0,37.832825,-122.469738,2.566284,-0.109892,0.993944,36.0,14.0,3.0,0.839273,1616854017.0,369199000.0,37.830952,-122.458479,5.328154,0.730642,-0.682761,36.0,11.0,4.0,0.881859,47.675,3.0,10.0
1616854018.0,338193601.0,37.843753,-122.470186,5.540889,-0.918091,0.396369,36.0,0.0,0.0,0.898516,1616854018.0,338210142.0,37.823108,-122.465458,8.072768,-0.312949,-0.94977,37.0,14.0,0.0,0.8843,1616854018.0,338303852.0,37.832048,-122.443536,6.041241,-0.232894,-0.972502,37.0,10.0,4.0,0.907156,1616854018.0,338310102.0,37.834402,-122.455369,7.381292,-0.152768,0.988262,36.0,12.0,4.0,0.882768,1616854018.0,338348843.0,37.818829,-122.461862,6.825657,-0.279136,-0.960252,36.0,11.0,4.0,0.89143,1616854018.0,351249000.0,37.804836,-122.505002,10.602117,0.857543,0.514412,70.0,336.0,45.0,0.875849,1616854018.0,368124230.0,37.832836,-122.46974,2.549884,-0.107107,0.994248,36.0,14.0,3.0,0.833598,1616854018.0,369199000.0,37.830935,-122.458457,5.321912,0.729381,-0.684108,36.0,11.0,4.0,0.877439,47.672222222222224,3.0,10.0
1616854019.0,338193601.0,37.843763,-122.470216,5.54267,-0.917017,0.398849,36.0,0.0,0.0,0.894786,1616854019.0,338210142.0,37.823073,-122.465473,8.07117,-0.313721,-0.949515,37.0,14.0,0.0,0.880017,1616854019.0,338303852.0,37.832021,-122.443544,6.041326,-0.241404,-0.970425,37.0,10.0,4.0,0.903842,1616854019.0,338310102.0,37.834435,-122.455375,7.370783,-0.148908,0.988851,36.0,12.0,4.0,0.87856,1616854019.0,338348843.0,37.818798,-122.461874,6.830433,-0.280407,-0.959881,36.0,11.0,4.0,0.887362,1616854019.0,351249000.0,37.804861,-122.504949,10.584767,0.857061,0.515214,70.0,336.0,45.0,0.871371,1616854019.0,368124230.0,37.832848,-122.469742,2.533499,-0.104272,0.994549,36.0,14.0,3.0,0.827959,1616854019.0,369199000.0,37.830918,-122.458434,5.315754,0.72817,-0.685397,36.0,11.0,4.0,0.873027,47.66944444444445,3.0,10.0
1616854020.0,338193601.0,37.843773,-122.470246,5.544322,-0.91587,0.401475,36.0,0.0,0.0,0.891056,1616854020.0,338210142.0,37.823037,-122.465488,8.069564,-0.314493,-0.94926,37.0,14.0,0.0,0.875733,1616854020.0,338303852.0,37.831994,-122.443553,6.044408,-0.250081,-0.968225,37.0,10.0,4.0,0.900522,1616854020.0,338310102.0,37.834469,-122.455382,7.360313,-0.144974,0.989436,36.0,12.0,4.0,0.874363,1616854020.0,338348843.0,37.818768,-122.461885,6.835238,-0.281731,-0.959493,36.0,11.0,4.0,0.883289,1616854020.0,351249000.0,37.804887,-122.504896,10.568017,0.856571,0.516029,70.0,336.0,45.0,0.866901,1616854020.0,368124230.0,37.83286,-122.469743,2.517129,-0.101387,0.994847,36.0,14.0,3.0,0.822356,1616854020.0,369199000.0,37.830901,-122.458411,5.309677,0.727008,-0.686629,36.0,11.0,4.0,0.868623,47.66666666666666,3.0,10.0
1616854021.0,338193601.0,37.843783,-122.470275,5.545852,-0.914651,0.404246,36.0,0.0,0.0,0.887328,1616854021.0,338210142.0,37.823002,-122.465503,8.067949,-0.315264,-0.949004,37.0,14.0,0.0,0.87145,1616854021.0,338303852.0,37.831967,-122.443562,6.050516,-0.25891,-0.965901,37.0,10.0,4.0,0.897195,1616854021.0,338310102.0,37.834503,-122.455388,7.349889,-0.140965,0.990015,36.0,12.0,4.0,0.870177,1616854021.0,338348843.0,37.818738,-122.461896,6.840073,-0.283109,-0.959088,36.0,11.0,4.0,0.879213,1616854021.0,351249000.0,37.804912,-122.504843,10.551866,0.856071,0.516858,70.0,336.0,45.0,0.862438,1616854021.0,368124230.0,37.832871,-122.469745,2.500776,-0.09845,0.995142,36.0,14.0,3.0,0.816788,1616854021.0,369199000.0,37.830884,-122.458389,5.30368,0.725898,-0.687803,36.0,11.0,4.0,0.864226,47.66388888888889,3.0,10.0
1616854022.0,338193601.0,37.843794,-122.470305,5.547269,-0.913356,0.407161,36.0,0.0,0.0,0.883601,1616854022.0,338210142.0,37.822967,-122.465517,8.066324,-0.316035,-0.948747,37.0,14.0,0.0,0.867167,1616854022.0,338303852.0,37.83194,-122.443571,6.05968,-0.267876,-0.963454,37.0,10.0,4.0,0.893858,1616854022.0,338310102.0,37.834536,-122.455394,7.339516,-0.136881,0.990587,36.0,12.0,4.0,0.866002,1616854022.0,338348843.0,37.818707,-122.461907,6.844939,-0.284541,-0.958664,36.0,11.0,4.0,0.875132,1616854022.0,351249000.0,37.804937,-122.50479,10.536315,0.855563,0.517699,70.0,336.0,45.0,0.857983,1616854022.0,368124230.0,37.832883,-122.469746,2.48444,-0.095461,0.995433,36.0,14.0,3.0,0.811256,1616854022.0,369199000.0,37.830867,-122.458366,5.29776,0.724838,-0.688919,36.0,11.0,4.0,0.859836,47.66111111111111,3.0,10.0
1616854023.0,338193601.0,37.843804,-122.470335,5.548581,-0.911986,0.410221,36.0,0.0,0.0,0.879875,1616854023.0,338210142.0,37.822931,-122.465532,8.064691,-0.316805,-0.948491,37.0,14.0,0.0,0.862884,1616854023.0,338303852.0,37.831913,-122.44358,6.07193,-0.276962,-0.960881,37.0,10.0,4.0,0.89051,1616854023.0,338310102.0,37.83457,-122.4554,7.329264,-0.132764,0.991148,36.0,12.0,4.0,0.861839,1616854023.0,338348843.0,37.818677,-122.461919,6.849839,-0.286026,-0.958222,36.0,11.0,4.0,0.871046,1616854023.0,351249000.0,37.804962,-122.504737,10.521365,0.855046,0.518553,70.0,336.0,45.0,0.853535,1616854023.0,368124230.0,37.832894,-122.469748,2.468122,-0.092418,0.99572,36.0,14.0,3.0,0.805759,1616854023.0,369199000.0,37.83085,-122.458344,5.291916,0.72383,-0.689979,36.0,11.0,4.0,0.855454,47.65833333333333,3.0,10.0
1616854024.0,338193601.0,37.843815,-122.470364,5.549798,-0.910538,0.413424,36.0,0.0,0.0,0.87615,1616854024.0,338210142.0,37.822896,-122.465547,8.063049,-0.317575,-0.948233,37.0,14.0,0.0,0.858601,1616854024.0,338303852.0,37.831886,-122.44359,6.087294,-0.286155,-0.958183,37.0,10.0,4.0,0.887151,1616854024.0,338310102.0,37.834604,-122.455406,7.31938,-0.12878,0.991673,36.0,12.0,4.0,0.857687,1616854024.0,338348843.0,37.818647,-122.46193,6.854774,-0.287563,-0.957762,36.0,11.0,4.0,0.866956,1616854024.0,351249000.0,37.804988,-122.504684,10.507017,0.85452,0.519419,70.0,336.0,45.0,0.849094,1616854024.0,368124230.0,37.832906,-122.469749,2.451823,-0.089321,0.996003,36.0,14.0,3.0,0.800296,1616854024.0,369199000.0,37.830834,-122.458321,5.286145,0.722874,-0.69098,36.0,11.0,4.0,0.851079,47.65555555555556,3.0,10.0
1616854025.0,338193601.0,37.843825,-122.470394,5.55093,-0.909012,0.416771,36.0,0.0,0.0,0.872425,1616854025.0,338210142.0,37.82286,-122.465562,8.061398,-0.318344,-0.947975,37.0,14.0,0.0,0.854319,1616854025.0,338303852.0,37.831859,-122.4436,6.105797,-0.295436,-0.955362,37.0,10.0,4.0,0.883777,1616854025.0,338310102.0,37.834637,-122.455411,7.309912,-0.124972,0.99216,36.0,12.0,4.0,0.853546,1616854025.0,338348843.0,37.818616,-122.461942,6.859746,-0.289154,-0.957283,36.0,11.0,4.0,0.862861,1616854025.0,351249000.0,37.805013,-122.504632,10.49327,0.853985,0.520298,70.0,336.0,45.0,0.84466,1616854025.0,368124230.0,37.832917,-122.46975,2.435543,-0.086168,0.996281,36.0,14.0,3.0,0.794869,1616854025.0,369199000.0,37.830817,-122.458299,5.280446,0.72197,-0.691924,36.0,11.0,4.0,0.84671,47.65277777777778,3.0,10.0
1616854026.0,338193601.0,37.843836,-122.470424,5.551985,-0.907404,0.420259,36.0,0.0,0.0,0.868701,1616854026.0,338210142.0,37.822825,-122.465577,8.059738,-0.319113,-0.947717,37.0,14.0,0.0,0.850037,1616854026.0,338303852.0,37.831832,-122.443611,6.127466,-0.304791,-0.952419,37.0,10.0,4.0,0.880388,1616854026.0,338310102.0,37.834671,-122.455417,7.300845,-0.121341,0.992611,36.0,12.0,4.0,0.849417,1616854026.0,338348843.0,37.818586,-122.461953,6.864757,-0.290797,-0.956785,36.0,11.0,4.0,0.858761,1616854026.0,351249000.0,37.805038,-122.504579,10.480125,0.853441,0.52119,70.0,336.0,45.0,0.840232,1616854026.0,368124230.0,37.832928,-122.469751,2.419283,-0.082958,0.996553,36.0,14.0,3.0,0.789476,1616854026.0,369199000.0,37.8308,-122.458276,5.274818,0.721119,-0.692811,36.0,11.0,4.0,0.842348,47.65,3.0,10.0
1616854027.0,338193601.0,37.843847,-122.470453,5.552975,-0.905714,0.42389,36.0,0.0,0.0,0.864977,1616854027.0,338210142.0,37.82279,-122.465592,8.058069,-0.319881,-0.947458,37.0,14.0,0.0,0.845755,1616854027.0,338303852.0,37.831805,-122.443622,6.152324,-0.314202,-0.949356,37.0,10.0,4.0,0.876983,1616854027.0,338310102.0,37.834704,-122.455422,7.292164,-0.11789,0.993027,36.0,12.0,4.0,0.845298,1616854027.0,338348843.0,37.818556,-122.461965,6.86981,-0.292492,-0.956268,36.0,11.0,4.0,0.854656,1616854027.0,351249000.0,37.805063,-122.504527,10.467582,0.852888,0.522094,70.0,336.0,45.0,0.835811,1616854027.0,368124230.0,37.832939,-122.469753,2.403044,-0.079691,0.99682,36.0,14.0,3.0,0.784117,1616854027.0,369199000.0,37.830783,-122.458254,5.269258,0.720321,-0.69364,36.0,11.0,4.0,0.837993,47.64722222222223,3.0,10.0
1616854028.0,338193601.0,37.843858,-122.470483,5.553911,-0.903939,0.427661,36.0,0.0,0.0,0.861254,1616854028.0,338210142.0,37.822754,-122.465607,8.056391,-0.320648,-0.947198,37.0,14.0,0.0,0.841473,1616854028.0,338303852.0,37.831778,-122.443633,6.180394,-0.323653,-0.946176,37.0,10.0,4.0,0.873559,1616854028.0,338310102.0,37.834738,-122.455427,7.283854,-0.11462,0.993409,36.0,12.0,4.0,0.841189,1616854028.0,338348843.0,37.818525,-122.461977,6.874905,-0.294239,-0.955732,36.0,11.0,4.0,0.850546,1616854028.0,351249000.0,37.805089,-122.504475,10.455643,0.852327,0.52301,70.0,336.0,45.0,0.831395,1616854028.0,368124230.0,37.832951,-122.469754,2.386827,-0.076364,0.99708,36.0,14.0,3.0,0.778792,1616854028.0,369199000.0,37.830766,-122.458232,5.263765,0.719578,-0.694412,36.0,11.0,4.0,0.833644,47.644444444444446,3.0,10.0
1616854029.0,338193601.0,37.843869,-122.470512,5.554803,-0.902079,0.431571,36.0,0.0,0.0,0.85753,1616854029.0,338210142.0,37.822719,-122.465623,8.054705,-0.321415,-0.946938,37.0,14.0,0.0,0.837192,1616854029.0,338303852.0,37.831751,-122.443645,6.211696,-0.333128,-0.942882,37.0,10.0,4.0,0.870115,1616854029.0,338310102.0,37.834771,-122.455432,7.275902,-0.111531,0.993761,36.0,12.0,4.0,0.83709,1616854029.0,338348843.0,37.818495,-122.461989,6.880046,-0.296039,-0.955176,36.0,11.0,4.0,0.846431,1616854029.0,351249000.0,37.805114,-122.504422,10.444307,0.851757,0.523937,70.0,336.0,45.0,0.826986,1616854029.0,368124230.0,37.832962,-122.469755,2.370632,-0.072978,0.997334,36.0,14.0,3.0,0.773501,1616854029.0,369199000.0,37.830749,-122.45821,5.258339,0.718888,-0.695126,36.0,11.0,4.0,0.829302,47.641666666666666,3.0,10.0
1616854030.0,338193601.0,37.84388,-122.470541,5.555664,-0.90013,0.435621,36.0,0.0,0.0,0.853806,1616854030.0,338210142.0,37.822684,-122.465638,8.053009,-0.322182,-0.946678,37.0,14.0,0.0,0.83291,1616854030.0,338303852.0,37.831724,-122.443657,6.24625,-0.342611,-0.939477,37.0,10.0,4.0,0.86665,1616854030.0,338310102.0,37.834805,-122.455436,7.268296,-0.108626,0.994083,36.0,12.0,4.0,0.833001,1616854030.0,338348843.0,37.818464,-122.462001,6.885234,-0.29789,-0.9546,36.0,11.0,4.0,0.842311,1616854030.0,351249000.0,37.805139,-122.50437,10.433574,0.851178,0.524877,70.0,336.0,45.0,0.822581,1616854030.0,368124230.0,37.832972,-122.469756,2.354461,-0.069531,0.99758,36.0,14.0,3.0,0.768243,1616854030.0,369199000.0,37.830732,-122.458188,5.252977,0.718252,-0.695783,36.0,11.0,4.0,0.824965,47.638888888888886,3.0,10.0
1616854031.0,338193601.0,37.843891,-122.470571,5.556507,-0.898091,0.439809,36.0,0.0,0.0,0.850082,1616854031.0,338210142.0,37.822649,-122.465653,8.051304,-0.322948,-0.946417,37.0,14.0,0.0,0.828629,1616854031.0,338303852.0,37.831697,-122.44367,6.284072,-0.352085,-0.935968,37.0,10.0,4.0,0.863162,1616854031.0,338310102.0,37.834838,-122.455441,7.261022,-0.105905,0.994376,36.0,12.0,4.0,0.82892,1616854031.0,338348843.0,37.818434,-122.462013,6.890472,-0.299792,-0.954005,36.0,11.0,4.0,0.838186,1616854031.0,351249000.0,37.805165,-122.504318,10.423446,0.85059,0.525829,70.0,336.0,45.0,0.818182,1616854031.0,368124230.0,37.832983,-122.469757,2.338315,-0.066021,0.997818,36.0,14.0,3.0,0.763019,1616854031.0,369199000.0,37.830715,-122.458166,5.247678,0.717672,-0.696381,36.0,11.0,4.0,0.820635,47.63611111111111,3.0,10.0
1616854032.0,338193601.0,37.843902,-122.4706,5.557343,-0.895961,0.444133,36.0,0.0,0.0,0.846357,1616854032.0,338210142.0,37.822613,-122.465668,8.04959,-0.323713,-0.946155,37.0,14.0,0.0,0.824349,1616854032.0,338303852.0,37.831669,-122.443683,6.325179,-0.361536,-0.932358,37.0,10.0,4.0,0.85965,1616854032.0,338310102.0,37.834872,-122.455446,7.254071,-0.103369,0.994643,36.0,12.0,4.0,0.824849,1616854032.0,338348843.0,37.818404,-122.462025,6.895762,-0.301745,-0.953389,36.0,11.0,4.0,0.834055,1616854032.0,351249000.0,37.80519,-122.504266,10.413923,0.849994,0.526792,70.0,336.0,45.0,0.813788,1616854032.0,368124230.0,37.832994,-122.469758,2.322194,-0.062447,0.998048,36.0,14.0,3.0,0.757828,1616854032.0,369199000.0,37.830698,-122.458143,5.242442,0.717146,-0.696923,36.0,11.0,4.0,0.81631,47.63333333333333,3.0,10.0
1616854033.0,338193601.0,37.843914,-122.470629,5.558186,-0.893736,0.448594,36.0,0.0,0.0,0.842632,1616854033.0,338210142.0,37.822578,-122.465683,8.047867,-0.324478,-0.945893,37.0,14.0,0.0,0.820068,1616854033.0,338303852.0,37.831642,-122.443696,6.369584,-0.370949,-0.928653,37.0,10.0,4.0,0.856113,1616854033.0,338310102.0,37.834905,-122.45545,7.24743,-0.10102,0.994884,36.0,12.0,4.0,0.820786,1616854033.0,338348843.0,37.818373,-122.462037,6.901107,-0.303749,-0.952752,36.0,11.0,4.0,0.829918,1616854033.0,351249000.0,37.805215,-122.504215,10.405005,0.84939,0.527766,70.0,336.0,45.0,0.809399,1616854033.0,368124230.0,37.833005,-122.469759,2.306099,-0.058809,0.998269,36.0,14.0,3.0,0.75267,1616854033.0,369199000.0,37.830681,-122.458121,5.237267,0.716676,-0.697406,36.0,11.0,4.0,0.811991,47.63055555555555,3.0,10.0
1616854034.0,338193601.0,37.843925,-122.470658,5.55905,-0.891414,0.453189,36.0,0.0,0.0,0.838905,1616854034.0,338210142.0,37.822543,-122.465699,8.046135,-0.325242,-0.945631,37.0,14.0,0.0,0.815788,1616854034.0,338303852.0,37.831615,-122.44371,6.417298,-0.380308,-0.92486,37.0,10.0,4.0,0.852548,1616854034.0,338310102.0,37.834938,-122.455454,7.241091,-0.098859,0.995101,36.0,12.0,4.0,0.816731,1616854034.0,338348843.0,37.818343,-122.462049,6.906508,-0.305804,-0.952095,36.0,11.0,4.0,0.825776,1616854034.0,351249000.0,37.805241,-122.504163,10.396693,0.848776,0.528752,70.0,336.0,45.0,0.805014,1616854034.0,368124230.0,37.833016,-122.469759,2.290032,-0.055104,0.998481,36.0,14.0,3.0,0.747545,1616854034.0,369199000.0,37.830665,-122.458099,5.232153,0.716262,-0.697831,36.0,11.0,4.0,0.807678,47.62777777777778,3.0,10.0
1616854035.0,338193601.0,37.843937,-122.470687,5.559949,-0.888995,0.457918,36.0,0.0,0.0,0.835178,1616854035.0,338210142.0,37.822508,-122.465714,8.044394,-0.326006,-0.945368,37.0,14.0,0.0,0.811508,1616854035.0,338303852.0,37.831587,-122.443724,6.468333,-0.389601,-0.920984,37.0,10.0,4.0,0.848954,1616854035.0,338310102.0,37.834972,-122.455458,7.235045,-0.096885,0.995296,36.0,12.0,4.0,0.812684,1616854035.0,338348843.0,37.818312,-122.462062,6.911969,-0.307909,-0.951416,36.0,11.0,4.0,0.821628,1616854035.0,351249000.0,37.805266,-122.504111,10.388988,0.848155,0.529749,70.0,336.0,45.0,0.800633,1616854035.0,368124230.0,37.833026,-122.46976,2.273994,-0.051332,0.998682,36.0,14.0,3.0,0.742452,1616854035.0,369199000.0,37.830648,-122.458077,5.227099,0.715904,-0.698199,36.0,11.0,4.0,0.803369,47.625,3.0,10.0
1616854036.0,338193601.0,37.843949,-122.470716,5.560897,-0.886474,0.462778,36.0,0.0,0.0,0.831449,1616854036.0,338210142.0,37.822472,-122.465729,8.042644,-0.32677,-0.945104,37.0,14.0,0.0,0.807228,1616854036.0,338303852.0,37.83156,-122.443739,6.522696,-0.398814,-0.917032,37.0,10.0,4.0,0.84533,1616854036.0,338310102.0,37.835005,-122.455463,7.229283,-0.095101,0.995468,36.0,12.0,4.0,0.808644,1616854036.0,338348843.0,37.818282,-122.462074,6.917492,-0.310064,-0.950716,36.0,11.0,4.0,0.817474,1616854036.0,351249000.0,37.805292,-122.50406,10.381889,0.847524,0.530756,70.0,336.0,45.0,0.796257,1616854036.0,368124230.0,37.833037,-122.469761,2.257984,-0.047491,0.998872,36.0,14.0,3.0,0.737391,1616854036.0,369199000.0,37.830631,-122.458056,5.222104,0.715602,-0.698509,36.0,11.0,4.0,0.799066,47.62222222222222,3.0,10.0
1616854037.0,338193601.0,37.843961,-122.470745,5.56191,-0.88385,0.467769,36.0,0.0,0.0,0.827718,1616854037.0,338210142.0,37.822437,-122.465745,8.040885,-0.327533,-0.94484,37.0,14.0,0.0,0.802949,1616854037.0,338303852.0,37.831532,-122.443754,6.580394,-0.407934,-0.913011,37.0,10.0,4.0,0.841675,1616854037.0,338310102.0,37.835038,-122.455467,7.223798,-0.093507,0.995619,36.0,12.0,4.0,0.804611,1616854037.0,338348843.0,37.818251,-122.462087,6.923079,-0.312268,-0.949994,36.0,11.0,4.0,0.813314,1616854037.0,351249000.0,37.805317,-122.504008,10.375397,0.846886,0.531775,70.0,336.0,45.0,0.791884,1616854037.0,368124230.0,37.833047,-122.469761,2.242006,-0.043581,0.99905,36.0,14.0,3.0,0.732363,1616854037.0,369199000.0,37.830614,-122.458034,5.217167,0.715356,-0.69876,36.0,11.0,4.0,0.794768,47.61944444444445,3.0,10.0
1616854038.0,338193601.0,37.843973,-122.470774,5.563002,-0.881122,0.47289,36.0,0.0,0.0,0.823985,1616854038.0,338210142.0,37.822402,-122.46576,8.039117,-0.328295,-0.944575,37.0,14.0,0.0,0.79867,1616854038.0,338303852.0,37.831504,-122.44377,6.641431,-0.416951,-0.908929,37.0,10.0,4.0,0.837986,1616854038.0,338310102.0,37.835071,-122.455471,7.218582,-0.092103,0.995749,36.0,12.0,4.0,0.800584,1616854038.0,338348843.0,37.818221,-122.462099,6.928734,-0.314522,-0.94925,36.0,11.0,4.0,0.809148,1616854038.0,351249000.0,37.805343,-122.503957,10.369512,0.846239,0.532804,70.0,336.0,45.0,0.787515,1616854038.0,368124230.0,37.833057,-122.469762,2.226059,-0.039599,0.999216,36.0,14.0,3.0,0.727366,1616854038.0,369199000.0,37.830597,-122.458012,5.212289,0.715167,-0.698953,36.0,11.0,4.0,0.790475,47.61666666666667,3.0,10.0
1616854039.0,338193601.0,37.843985,-122.470803,5.564191,-0.878285,0.478137,36.0,0.0,0.0,0.820251,1616854039.0,338210142.0,37.822367,-122.465776,8.03734,-0.329057,-0.94431,37.0,14.0,0.0,0.794391,1616854039.0,338303852.0,37.831476,-122.443786,6.705811,-0.425853,-0.904792,37.0,10.0,4.0,0.834264,1616854039.0,338310102.0,37.835105,-122.455474,7.213631,-0.09089,0.995861,36.0,12.0,4.0,0.796564,1616854039.0,338348843.0,37.818191,-122.462112,6.934459,-0.316825,-0.948484,36.0,11.0,4.0,0.804976,1616854039.0,351249000.0,37.805368,-122.503905,10.364236,0.845584,0.533843,70.0,336.0,45.0,0.783149,1616854039.0,368124230.0,37.833068,-122.469762,2.210145,-0.035544,0.999368,36.0,14.0,3.0,0.7224,1616854039.0,369199000.0,37.83058,-122.45799,5.207469,0.715035,-0.699088,36.0,11.0,4.0,0.786186,47.61388888888889,3.0,10.0
1616854040.0,338193601.0,37.843997,-122.470831,5.565491,-0.875339,0.48351,36.0,0.0,0.0,0.816514,1616854040.0,338210142.0,37.822332,-122.465791,8.035554,-0.329819,-0.944044,37.0,14.0,0.0,0.790113,1616854040.0,338303852.0,37.831448,-122.443803,6.773535,-0.43463,-0.900609,37.0,10.0,4.0,0.830505,1616854040.0,338310102.0,37.835138,-122.455478,7.208939,-0.08987,0.995954,36.0,12.0,4.0,0.792549,1616854040.0,338348843.0,37.81816,-122.462125,6.940256,-0.319177,-0.947695,36.0,11.0,4.0,0.800797,1616854040.0,351249000.0,37.805394,-122.503854,10.359568,0.84492,0.534892,70.0,336.0,45.0,0.778786,1616854040.0,368124230.0,37.833078,-122.469763,2.194265,-0.031414,0.999506,36.0,14.0,3.0,0.717466,1616854040.0,369199000.0,37.830563,-122.457968,5.202706,0.714961,-0.699165,36.0,11.0,4.0,0.781902,47.61111111111112,3.0,10.0
1616854041.0,338193601.0,37.84401,-122.47086,5.56692,-0.87228,0.489007,36.0,0.0,0.0,0.812774,1616854041.0,338210142.0,37.822297,-122.465807,8.033759,-0.33058,-0.943778,37.0,14.0,0.0,0.785835,1616854041.0,338303852.0,37.83142,-122.44382,6.843941,-0.443218,-0.896414,37.0,10.0,4.0,0.826709,1616854041.0,338310102.0,37.835171,-122.455482,7.204502,-0.089041,0.996028,36.0,12.0,4.0,0.78854,1616854041.0,338348843.0,37.81813,-122.462138,6.94613,-0.321577,-0.946883,36.0,11.0,4.0,0.796612,1616854041.0,351249000.0,37.80542,-122.503803,10.35551,0.844249,0.535952,70.0,336.0,45.0,0.774425,1616854041.0,368124230.0,37.833088,-122.469763,2.17842,-0.027209,0.99963,36.0,14.0,3.0,0.712563,1616854041.0,369199000.0,37.830546,-122.457946,5.198001,0.714943,-0.699182,36.0,11.0,4.0,0.777622,47.60833333333333,3.0,10.0
1616854042.0,338193601.0,37.844022,-122.470888,5.568495,-0.869106,0.494625,36.0,0.0,0.0,0.809032,1616854042.0,338210142.0,37.822262,-122.465822,8.031954,-0.33134,-0.943511,37.0,14.0,0.0,0.781557,1616854042.0,338303852.0,37.831392,-122.443838,6.914354,-0.451399,-0.892322,37.0,10.0,4.0,0.822876,1616854042.0,338310102.0,37.835204,-122.455486,7.200316,-0.088406,0.996085,36.0,12.0,4.0,0.784536,1616854042.0,338348843.0,37.818099,-122.462151,6.952082,-0.324026,-0.946048,36.0,11.0,4.0,0.792421,1616854042.0,351249000.0,37.805445,-122.503751,10.352061,0.843569,0.537021,70.0,336.0,45.0,0.770068,1616854042.0,368124230.0,37.833098,-122.469764,2.162611,-0.022927,0.999737,36.0,14.0,3.0,0.70769,1616854042.0,369199000.0,37.83053,-122.457925,5.193353,0.714984,-0.699141,36.0,11.0,4.0,0.773347,47.605555555555554,3.0,10.0
1616854043.0,338193601.0,37.844035,-122.470917,5.570235,-0.865816,0.500363,36.0,0.0,0.0,0.805286,1616854043.0,338210142.0,37.822227,-122.465838,8.030141,-0.3321,-0.943244,37.0,14.0,0.0,0.77728,1616854043.0,338303852.0,37.831363,-122.443856,6.984044,-0.459138,-0.888365,37.0,10.0,4.0,0.819004,1616854043.0,338310102.0,37.835238,-122.45549,7.196379,-0.087964,0.996124,36.0,12.0,4.0,0.780537,1616854043.0,338348843.0,37.818069,-122.462164,6.958115,-0.326522,-0.94519,36.0,11.0,4.0,0.788222,1616854043.0,351249000.0,37.805471,-122.5037,10.349222,0.842881,0.538099,70.0,336.0,45.0,0.765712,1616854043.0,368124230.0,37.833108,-122.469764,2.146841,-0.018567,0.999828,36.0,14.0,3.0,0.702848,1616854043.0,369199000.0,37.830513,-122.457903,5.188763,0.715081,-0.699041,36.0,11.0,4.0,0.769075,47.602777777777774,3.0,10.0
1616854044.0,338193601.0,37.844048,-122.470945,5.572156,-0.862405,0.506219,36.0,0.0,0.0,0.801537,1616854044.0,338210142.0,37.822192,-122.465854,8.028318,-0.33286,-0.942976,37.0,14.0,0.0,0.773003,1616854044.0,338303852.0,37.831334,-122.443875,7.052948,-0.466452,-0.884546,37.0,10.0,4.0,0.815096,1616854044.0,338310102.0,37.835271,-122.455493,7.192688,-0.087715,0.996146,36.0,12.0,4.0,0.776542,1616854044.0,338348843.0,37.818038,-122.462178,6.964234,-0.329065,-0.944307,36.0,11.0,4.0,0.784017,1616854044.0,351249000.0,37.805497,-122.503649,10.346994,0.842186,0.539187,70.0,336.0,45.0,0.761359,1616854044.0,368124230.0,37.833118,-122.469764,2.13111,-0.014126,0.9999,36.0,14.0,3.0,0.698036,1616854044.0,369199000.0,37.830496,-122.457881,5.18423,0.715237,-0.698882,36.0,11.0,4.0,0.764808,47.6,3.0,10.0
1616854045.0,338193601.0,37.844061,-122.470973,5.574277,-0.858873,0.512189,36.0,0.0,0.0,0.797785,1616854045.0,338210142.0,37.822157,-122.465869,8.026487,-0.333619,-0.942708,37.0,14.0,0.0,0.768726,1616854045.0,338303852.0,37.831306,-122.443894,7.121004,-0.473363,-0.880868,37.0,10.0,4.0,0.811151,1616854045.0,338310102.0,37.835304,-122.455497,7.189244,-0.087661,0.99615,36.0,12.0,4.0,0.77255,1616854045.0,338348843.0,37.818008,-122.462191,6.970439,-0.331655,-0.943401,36.0,11.0,4.0,0.779806,1616854045.0,351249000.0,37.805523,-122.503598,10.345376,0.841482,0.540285,70.0,336.0,45.0,0.757007,1616854045.0,368124230.0,37.833128,-122.469764,2.115419,-0.009603,0.999954,36.0,14.0,3.0,0.693254,1616854045.0,369199000.0,37.830479,-122.457859,5.179755,0.71545,-0.698663,36.0,11.0,4.0,0.760544,47.59722222222222,3.0,10.0
1616854046.0,338193601.0,37.844074,-122.471001,5.576618,-0.855216,0.518271,36.0,0.0,0.0,0.794028,1616854046.0,338210142.0,37.822122,-122.465885,8.024646,-0.334378,-0.942439,37.0,14.0,0.0,0.76445,1616854046.0,338303852.0,37.831276,-122.443914,7.188155,-0.479886,-0.877331,37.0,10.0,4.0,0.807172,1616854046.0,338310102.0,37.835337,-122.455501,7.186044,-0.0878,0.996138,36.0,12.0,4.0,0.768563,1616854046.0,338348843.0,37.817978,-122.462204,6.976736,-0.334292,-0.942469,36.0,11.0,4.0,0.775587,1616854046.0,351249000.0,37.805548,-122.503547,10.34437,0.840771,0.541391,70.0,336.0,45.0,0.752657,1616854046.0,368124230.0,37.833138,-122.469764,2.09977,-0.004997,0.999988,36.0,14.0,3.0,0.688502,1616854046.0,369199000.0,37.830463,-122.457838,5.175339,0.715722,-0.698385,36.0,11.0,4.0,0.756284,47.59444444444444,3.0,10.0
1616854047.0,338193601.0,37.844087,-122.471029,5.579197,-0.851433,0.524463,36.0,0.0,0.0,0.790267,1616854047.0,338210142.0,37.822087,-122.465901,8.022796,-0.335136,-0.94217,37.0,14.0,0.0,0.760174,1616854047.0,338303852.0,37.831247,-122.443934,7.254349,-0.48604,-0.873937,37.0,10.0,4.0,0.803158,1616854047.0,338310102.0,37.83537,-122.455504,7.183091,-0.088135,0.996109,36.0,12.0,4.0,0.764578,1616854047.0,338348843.0,37.817947,-122.462218,6.983127,-0.336976,-0.941513,36.0,11.0,4.0,0.771361,1616854047.0,351249000.0,37.805574,-122.503496,10.343976,0.840052,0.542505,70.0,336.0,45.0,0.748308,1616854047.0,368124230.0,37.833147,-122.469765,2.084164,-0.000306,1.0,36.0,14.0,3.0,0.68378,1616854047.0,369199000.0,37.830446,-122.457816,5.170982,0.716051,-0.698048,36.0,11.0,4.0,0.752027,47.59166666666667,3.0,10.0
1616854048.0,338193601.0,37.844101,-122.471057,5.582035,-0.847521,0.530762,36.0,0.0,0.0,0.786502,1616854048.0,338210142.0,37.822052,-122.465916,8.020937,-0.335893,-0.9419,37.0,14.0,0.0,0.755899,1616854048.0,338303852.0,37.831218,-122.443955,7.319537,-0.491839,-0.870686,37.0,10.0,4.0,0.799111,1616854048.0,338310102.0,37.835403,-122.455508,7.180385,-0.088664,0.996062,36.0,12.0,4.0,0.760595,1616854048.0,338348843.0,37.817917,-122.462232,6.989615,-0.339705,-0.940532,36.0,11.0,4.0,0.767127,1616854048.0,351249000.0,37.8056,-122.503445,10.344194,0.839326,0.543628,70.0,336.0,45.0,0.74396,1616854048.0,368124230.0,37.833157,-122.469765,2.068603,0.004471,0.99999,36.0,14.0,3.0,0.679086,1616854048.0,369199000.0,37.830429,-122.457794,5.166684,0.716439,-0.69765,36.0,11.0,4.0,0.747773,47.58888888888889,3.0,10.0
1616854049.0,338193601.0,37.844115,-122.471084,5.585151,-0.843477,0.537165,36.0,0.0,0.0,0.782731,1616854049.0,338210142.0,37.822017,-122.465932,8.019068,-0.336651,-0.94163,37.0,14.0,0.0,0.751623,1616854049.0,338303852.0,37.831188,-122.443976,7.383673,-0.497299,-0.867579,37.0,10.0,4.0,0.795031,1616854049.0,338310102.0,37.835436,-122.455512,7.177929,-0.089387,0.995997,36.0,12.0,4.0,0.756615,1616854049.0,338348843.0,37.817886,-122.462246,6.996204,-0.34248,-0.939525,36.0,11.0,4.0,0.762887,1616854049.0,351249000.0,37.805626,-122.503395,10.345025,0.838592,0.54476,70.0,336.0,45.0,0.739613,1616854049.0,368124230.0,37.833167,-122.469764,2.053089,0.009337,0.999956,36.0,14.0,3.0,0.674422,1616854049.0,369199000.0,37.830412,-122.457773,5.162446,0.716884,-0.697192,36.0,11.0,4.0,0.743522,47.58611111111111,3.0,10.0
1616854050.0,338193601.0,37.844129,-122.471112,5.588566,-0.8393,0.543669,36.0,0.0,0.0,0.778956,1616854050.0,338210142.0,37.821982,-122.465948,8.017191,-0.337407,-0.941359,37.0,14.0,0.0,0.747349,1616854050.0,338303852.0,37.831159,-122.443997,7.446715,-0.502433,-0.864616,37.0,10.0,4.0,0.79092,1616854050.0,338310102.0,37.835469,-122.455516,7.175726,-0.090306,0.995914,36.0,12.0,4.0,0.752637,1616854050.0,338348843.0,37.817856,-122.46226,7.002896,-0.345299,-0.938493,36.0,11.0,4.0,0.758639,1616854050.0,351249000.0,37.805652,-122.503344,10.346469,0.837851,0.545899,70.0,336.0,45.0,0.735266,1616854050.0,368124230.0,37.833176,-122.469764,2.037622,0.014292,0.999898,36.0,14.0,3.0,0.669786,1616854050.0,369199000.0,37.830396,-122.457751,5.15827,0.717388,-0.696674,36.0,11.0,4.0,0.739274,47.583333333333336,3.0,10.0
1616854051.0,338193601.0,37.844143,-122.47114,5.592301,-0.834987,0.55027,36.0,0.0,0.0,0.775175,1616854051.0,338210142.0,37.821947,-122.465964,8.015304,-0.338164,-0.941087,37.0,14.0,0.0,0.743075,1616854051.0,338303852.0,37.831129,-122.444019,7.508623,-0.507255,-0.861796,37.0,10.0,4.0,0.786778,1616854051.0,338310102.0,37.835502,-122.455519,7.173779,-0.09142,0.995812,36.0,12.0,4.0,0.748659,1616854051.0,338348843.0,37.817826,-122.462274,7.009696,-0.348164,-0.937434,36.0,11.0,4.0,0.754383,1616854051.0,351249000.0,37.805678,-122.503293,10.348527,0.837102,0.547047,70.0,336.0,45.0,0.73092,1616854051.0,368124230.0,37.833186,-122.469764,2.022205,0.019339,0.999813,36.0,14.0,3.0,0.665179,1616854051.0,369199000.0,37.830379,-122.457729,5.154155,0.71795,-0.696095,36.0,11.0,4.0,0.735029,47.58055555555556,3.0,10.0
1616854052.0,338193601.0,37.844157,-122.471167,5.596377,-0.830536,0.556965,36.0,0.0,0.0,0.771388,1616854052.0,338210142.0,37.821912,-122.46598,8.013408,-0.33892,-0.940815,37.0,14.0,0.0,0.738801,1616854052.0,338303852.0,37.831099,-122.444042,7.569362,-0.511777,-0.859118,37.0,10.0,4.0,0.782605,1616854052.0,338310102.0,37.835536,-122.455523,7.172094,-0.092729,0.995691,36.0,12.0,4.0,0.744683,1616854052.0,338348843.0,37.817795,-122.462288,7.016607,-0.351072,-0.936348,36.0,11.0,4.0,0.75012,1616854052.0,351249000.0,37.805705,-122.503242,10.351199,0.836346,0.548202,70.0,336.0,45.0,0.726574,1616854052.0,368124230.0,37.833195,-122.469764,2.00684,0.02448,0.9997,36.0,14.0,3.0,0.6606,1616854052.0,369199000.0,37.830363,-122.457708,5.150104,0.71857,-0.695454,36.0,11.0,4.0,0.730787,47.577777777777776,3.0,10.0
1616854053.0,338193601.0,37.844171,-122.471194,5.600816,-0.825945,0.56375,36.0,0.0,0.0,0.767595,1616854053.0,338210142.0,37.821877,-122.465996,8.011503,-0.339675,-0.940543,37.0,14.0,0.0,0.734527,1616854053.0,338303852.0,37.831069,-122.444064,7.628898,-0.51601,-0.856583,37.0,10.0,4.0,0.778404,1616854053.0,338310102.0,37.835569,-122.455527,7.170676,-0.094232,0.99555,36.0,12.0,4.0,0.740707,1616854053.0,338348843.0,37.817765,-122.462303,7.023632,-0.354024,-0.935236,36.0,11.0,4.0,0.745849,1616854053.0,351249000.0,37.805731,-122.503192,10.354486,0.835583,0.549364,70.0,336.0,45.0,0.722227,1616854053.0,368124230.0,37.833204,-122.469764,1.991527,0.029715,0.999558,36.0,14.0,3.0,0.656049,1616854053.0,369199000.0,37.830346,-122.457686,5.146116,0.719248,-0.694753,36.0,11.0,4.0,0.726546,47.575,3.0,10.0
1616854054.0,338193601.0,37.844186,-122.471221,5.605639,-0.821213,0.570622,36.0,0.0,0.0,0.763795,1616854054.0,338210142.0,37.821842,-122.466011,8.009589,-0.34043,-0.94027,37.0,14.0,0.0,0.730254,1616854054.0,338303852.0,37.831039,-122.444087,7.687199,-0.519965,-0.854187,37.0,10.0,4.0,0.774175,1616854054.0,338310102.0,37.835602,-122.455531,7.169531,-0.095931,0.995388,36.0,12.0,4.0,0.736731,1616854054.0,338348843.0,37.817734,-122.462317,7.030775,-0.35702,-0.934097,36.0,11.0,4.0,0.74157,1616854054.0,351249000.0,37.805757,-122.503141,10.358388,0.834813,0.550533,70.0,336.0,45.0,0.717881,1616854054.0,368124230.0,37.833213,-122.469763,1.976269,0.035047,0.999386,36.0,14.0,3.0,0.651525,1616854054.0,369199000.0,37.830329,-122.457664,5.142194,0.719984,-0.69399,36.0,11.0,4.0,0.722308,47.57222222222222,3.0,10.0
1616854055.0,338193601.0,37.844201,-122.471248,5.610868,-0.816336,0.577577,36.0,0.0,0.0,0.759988,1616854055.0,338210142.0,37.821807,-122.466027,8.007666,-0.341184,-0.939996,37.0,14.0,0.0,0.725982,1616854055.0,338303852.0,37.831008,-122.444111,7.744237,-0.523653,-0.851932,37.0,10.0,4.0,0.769918,1616854055.0,338310102.0,37.835635,-122.455535,7.168666,-0.097823,0.995204,36.0,12.0,4.0,0.732754,1616854055.0,338348843.0,37.817704,-122.462332,7.038039,-0.360058,-0.93293,36.0,11.0,4.0,0.737283,1616854055.0,351249000.0,37.805784,-122.50309,10.362905,0.834037,0.551709,70.0,336.0,45.0,0.713533,1616854055.0,368124230.0,37.833223,-122.469763,1.961068,0.040477,0.99918,36.0,14.0,3.0,0.647029,1616854055.0,369199000.0,37.830313,-122.457643,5.138339,0.720778,-0.693166,36.0,11.0,4.0,0.718073,47.56944444444444,3.0,10.0
1616854056.0,338193601.0,37.844216,-122.471275,5.616527,-0.811314,0.584611,36.0,0.0,0.0,0.756175,1616854056.0,338210142.0,37.821773,-122.466043,8.005733,-0.341938,-0.939722,37.0,14.0,0.0,0.72171,1616854056.0,338303852.0,37.830978,-122.444134,7.799985,-0.527082,-0.849814,37.0,10.0,4.0,0.765635,1616854056.0,338310102.0,37.835668,-122.455539,7.16809,-0.099911,0.994996,36.0,12.0,4.0,0.728777,1616854056.0,338348843.0,37.817674,-122.462347,7.045428,-0.363139,-0.931735,36.0,11.0,4.0,0.732988,1616854056.0,351249000.0,37.80581,-122.50304,10.368039,0.833253,0.552892,70.0,336.0,45.0,0.709184,1616854056.0,368124230.0,37.833232,-122.469762,1.945925,0.046008,0.998941,36.0,14.0,3.0,0.64256,1616854056.0,369199000.0,37.830296,-122.457621,5.134552,0.72163,-0.692279,36.0,11.0,4.0,0.713838,47.56666666666666,3.0,10.0
1616854057.0,338193601.0,37.844231,-122.471302,5.622637,-0.806144,0.591719,36.0,0.0,0.0,0.752353,1616854057.0,338210142.0,37.821738,-122.466059,8.003791,-0.342692,-0.939448,37.0,14.0,0.0,0.717438,1616854057.0,338303852.0,37.830947,-122.444159,7.854419,-0.530262,-0.847834,37.0,10.0,4.0,0.761326,1616854057.0,338310102.0,37.835701,-122.455543,7.167811,-0.102192,0.994765,36.0,12.0,4.0,0.724798,1616854057.0,338348843.0,37.817643,-122.462362,7.052946,-0.366262,-0.930512,36.0,11.0,4.0,0.728684,1616854057.0,351249000.0,37.805837,-122.502989,10.373789,0.832463,0.554081,70.0,336.0,45.0,0.704835,1616854057.0,368124230.0,37.833241,-122.469762,1.930842,0.051641,0.998666,36.0,14.0,3.0,0.638118,1616854057.0,369199000.0,37.83028,-122.457599,5.130835,0.722539,-0.69133,36.0,11.0,4.0,0.709606,47.56388888888889,3.0,10.0
1616854058.0,338193601.0,37.844246,-122.471328,5.629222,-0.800826,0.598898,36.0,0.0,0.0,0.748524,1616854058.0,338210142.0,37.821703,-122.466076,8.00184,-0.343445,-0.939173,37.0,14.0,0.0,0.713167,1616854058.0,338303852.0,37.830916,-122.444183,7.907516,-0.533201,-0.845989,37.0,10.0,4.0,0.756993,1616854058.0,338310102.0,37.835734,-122.455548,7.167839,-0.104666,0.994507,36.0,12.0,4.0,0.720817,1616854058.0,338348843.0,37.817613,-122.462377,7.060597,-0.369426,-0.92926,36.0,11.0,4.0,0.724372,1616854058.0,351249000.0,37.805863,-122.502938,10.380155,0.831666,0.555276,70.0,336.0,45.0,0.700483,1616854058.0,368124230.0,37.83325,-122.469761,1.915822,0.057378,0.998353,36.0,14.0,3.0,0.633703,1616854058.0,369199000.0,37.830264,-122.457577,5.127189,0.723506,-0.690318,36.0,11.0,4.0,0.705375,47.56111111111111,3.0,10.0
1616854059.0,338193601.0,37.844262,-122.471355,5.636305,-0.795357,0.606141,36.0,0.0,0.0,0.744686,1616854059.0,338210142.0,37.821668,-122.466092,7.99988,-0.344198,-0.938897,37.0,14.0,0.0,0.708896,1616854059.0,338303852.0,37.830885,-122.444208,7.959257,-0.535906,-0.844277,37.0,10.0,4.0,0.752636,1616854059.0,338310102.0,37.835767,-122.455552,7.168184,-0.107334,0.994223,36.0,12.0,4.0,0.716834,1616854059.0,338348843.0,37.817583,-122.462392,7.068383,-0.372631,-0.92798,36.0,11.0,4.0,0.720052,1616854059.0,351249000.0,37.80589,-122.502888,10.387139,0.830863,0.556477,70.0,336.0,45.0,0.69613,1616854059.0,368124230.0,37.833258,-122.469761,1.900867,0.063221,0.998,36.0,14.0,3.0,0.629314,1616854059.0,369199000.0,37.830247,-122.457556,5.123617,0.72453,-0.689243,36.0,11.0,4.0,0.701145,47.55833333333333,3.0,10.0
1616854060.0,338193601.0,37.844278,-122.471381,5.64391,-0.789737,0.613446,36.0,0.0,0.0,0.74084,1616854060.0,338210142.0,37.821633,-122.466108,7.99791,-0.34495,-0.938621,37.0,14.0,0.0,0.704626,1616854060.0,338303852.0,37.830854,-122.444233,8.009622,-0.538385,-0.842699,37.0,10.0,4.0,0.748256,1616854060.0,338310102.0,37.8358,-122.455557,7.168858,-0.110194,0.99391,36.0,12.0,4.0,0.712848,1616854060.0,338348843.0,37.817552,-122.462408,7.07631,-0.375876,-0.92667,36.0,11.0,4.0,0.715723,1616854060.0,351249000.0,37.805917,-122.502837,10.394741,0.830054,0.557684,70.0,336.0,45.0,0.691775,1616854060.0,368124230.0,37.833267,-122.46976,1.885978,0.069171,0.997605,36.0,14.0,3.0,0.624951,1616854060.0,369199000.0,37.830231,-122.457534,5.12012,0.725611,-0.688105,36.0,11.0,4.0,0.696917,47.55555555555556,3.0,10.0
1616854061.0,338193601.0,37.844294,-122.471407,5.652059,-0.783964,0.620806,36.0,0.0,0.0,0.736984,1616854061.0,338210142.0,37.821599,-122.466124,7.995932,-0.345702,-0.938344,37.0,14.0,0.0,0.700357,1616854061.0,338303852.0,37.830823,-122.444258,8.058594,-0.540645,-0.841251,37.0,10.0,4.0,0.743854,1616854061.0,338310102.0,37.835833,-122.455561,7.169872,-0.113246,0.993567,36.0,12.0,4.0,0.708858,1616854061.0,338348843.0,37.817522,-122.462423,7.084381,-0.379161,-0.925331,36.0,11.0,4.0,0.711386,1616854061.0,351249000.0,37.805943,-122.502787,10.40296,0.829238,0.558896,70.0,336.0,45.0,0.687418,1616854061.0,368124230.0,37.833276,-122.469759,1.871158,0.075231,0.997166,36.0,14.0,3.0,0.620614,1616854061.0,369199000.0,37.830215,-122.457512,5.1167,0.72675,-0.686902,36.0,11.0,4.0,0.69269,47.55277777777778,3.0,10.0
1616854062.0,338193601.0,37.84431,-122.471433,5.660777,-0.778038,0.628217,36.0,0.0,0.0,0.733119,1616854062.0,338210142.0,37.821564,-122.46614,7.993943,-0.346454,-0.938067,37.0,14.0,0.0,0.696087,1616854062.0,338303852.0,37.830792,-122.444283,8.106158,-0.54269,-0.839933,37.0,10.0,4.0,0.73943,1616854062.0,338310102.0,37.835865,-122.455566,7.17124,-0.116489,0.993192,36.0,12.0,4.0,0.704865,1616854062.0,338348843.0,37.817491,-122.462439,7.0926,-0.382485,-0.923962,36.0,11.0,4.0,0.707039,1616854062.0,351249000.0,37.80597,-122.502736,10.411798,0.828416,0.560113,70.0,336.0,45.0,0.683059,1616854062.0,368124230.0,37.833285,-122.469758,1.856408,0.081402,0.996681,36.0,14.0,3.0,0.616303,1616854062.0,369199000.0,37.830198,-122.45749,5.11336,0.727945,-0.685636,36.0,11.0,4.0,0.688463,47.55,3.0,10.0
1616854063.0,338193601.0,37.844326,-122.471459,5.670088,-0.771957,0.635674,36.0,0.0,0.0,0.729244,1616854063.0,338210142.0,37.821529,-122.466156,7.991946,-0.347205,-0.937789,37.0,14.0,0.0,0.691819,1616854063.0,338303852.0,37.83076,-122.444309,8.152301,-0.544528,-0.838742,37.0,10.0,4.0,0.734987,1616854063.0,338310102.0,37.835898,-122.455571,7.172974,-0.119923,0.992783,36.0,12.0,4.0,0.700868,1616854063.0,338348843.0,37.817461,-122.462455,7.10097,-0.385848,-0.922562,36.0,11.0,4.0,0.702684,1616854063.0,351249000.0,37.805997,-122.502686,10.421255,0.827589,0.561335,70.0,336.0,45.0,0.678697,1616854063.0,368124230.0,37.833293,-122.469758,1.841732,0.087686,0.996148,36.0,14.0,3.0,0.612017,1616854063.0,369199000.0,37.830182,-122.457469,5.110102,0.729196,-0.684305,36.0,11.0,4.0,0.684237,47.547222222222224,3.0,10.0
1616854064.0,338193601.0,37.844343,-122.471485,5.680016,-0.765722,0.643172,36.0,0.0,0.0,0.725359,1616854064.0,338210142.0,37.821495,-122.466173,7.989939,-0.347955,-0.937511,37.0,14.0,0.0,0.687551,1616854064.0,338303852.0,37.830729,-122.444335,8.19701,-0.546164,-0.837678,37.0,10.0,4.0,0.730524,1616854064.0,338310102.0,37.835931,-122.455576,7.17509,-0.123546,0.992339,36.0,12.0,4.0,0.696865,1616854064.0,338348843.0,37.817431,-122.462471,7.109497,-0.389249,-0.921133,36.0,11.0,4.0,0.698319,1616854064.0,351249000.0,37.806024,-122.502635,10.431332,0.826755,0.562562,70.0,336.0,45.0,0.674331,1616854064.0,368124230.0,37.833302,-122.469757,1.827132,0.094085,0.995564,36.0,14.0,3.0,0.607756,1616854064.0,369199000.0,37.830166,-122.457447,5.106927,0.730503,-0.682909,36.0,11.0,4.0,0.680011,47.54444444444445,3.0,10.0
1616854065.0,338193601.0,37.84436,-122.47151,5.690546,-0.759357,0.650674,36.0,0.0,0.0,0.721463,1616854065.0,338210142.0,37.82146,-122.466189,7.987923,-0.348705,-0.937232,37.0,14.0,0.0,0.683283,1616854065.0,338303852.0,37.830697,-122.444361,8.240275,-0.547602,-0.836739,37.0,10.0,4.0,0.726042,1616854065.0,338310102.0,37.835964,-122.455581,7.177603,-0.127357,0.991857,36.0,12.0,4.0,0.692857,1616854065.0,338348843.0,37.817401,-122.462487,7.118183,-0.392687,-0.919672,36.0,11.0,4.0,0.693945,1616854065.0,351249000.0,37.806051,-122.502585,10.442027,0.825916,0.563793,70.0,336.0,45.0,0.669963,1616854065.0,368124230.0,37.83331,-122.469756,1.81261,0.100601,0.994927,36.0,14.0,3.0,0.60352,1616854065.0,369199000.0,37.83015,-122.457425,5.10384,0.731867,-0.681448,36.0,11.0,4.0,0.675786,47.54166666666666,3.0,10.0
1616854066.0,338193601.0,37.844377,-122.471535,5.701537,-0.752967,0.658058,36.0,0.0,0.0,0.717556,1616854066.0,338210142.0,37.821425,-122.466205,7.985898,-0.349455,-0.936953,37.0,14.0,0.0,0.679016,1616854066.0,338303852.0,37.830665,-122.444388,8.282085,-0.548846,-0.835923,37.0,10.0,4.0,0.721542,1616854066.0,338310102.0,37.835997,-122.455586,7.180528,-0.131356,0.991335,36.0,12.0,4.0,0.688844,1616854066.0,338348843.0,37.81737,-122.462503,7.127033,-0.396163,-0.91818,36.0,11.0,4.0,0.689562,1616854066.0,351249000.0,37.806079,-122.502534,10.453343,0.825072,0.565028,70.0,336.0,45.0,0.665591,1616854066.0,368124230.0,37.833318,-122.469755,1.798168,0.107236,0.994234,36.0,14.0,3.0,0.599308,1616854066.0,369199000.0,37.830134,-122.457403,5.100841,0.733285,-0.679921,36.0,11.0,4.0,0.671561,47.53888888888889,3.0,10.0
1616854067.0,338193601.0,37.844394,-122.47156,5.712936,-0.746582,0.665294,36.0,0.0,0.0,0.713638,1616854067.0,338210142.0,37.821391,-122.466222,7.983864,-0.350204,-0.936673,37.0,14.0,0.0,0.67475,1616854067.0,338303852.0,37.830633,-122.444414,8.322434,-0.549902,-0.835229,37.0,10.0,4.0,0.717026,1616854067.0,338310102.0,37.83603,-122.455592,7.183883,-0.13554,0.990772,36.0,12.0,4.0,0.684824,1616854067.0,338348843.0,37.81734,-122.46252,7.136076,-0.399643,-0.916671,36.0,11.0,4.0,0.68517,1616854067.0,351249000.0,37.806106,-122.502484,10.46528,0.824222,0.566267,70.0,336.0,45.0,0.661216,1616854067.0,368124230.0,37.833327,-122.469753,1.78381,0.113991,0.993482,36.0,14.0,3.0,0.595121,1616854067.0,369199000.0,37.830118,-122.457381,5.097935,0.734759,-0.678328,36.0,11.0,4.0,0.667335,47.53611111111111,3.0,10.0
1616854068.0,338193601.0,37.844412,-122.471585,5.724728,-0.740204,0.672382,36.0,0.0,0.0,0.709709,1616854068.0,338210142.0,37.821356,-122.466238,7.98182,-0.350953,-0.936393,37.0,14.0,0.0,0.670484,1616854068.0,338303852.0,37.830601,-122.444441,8.361313,-0.550772,-0.834656,37.0,10.0,4.0,0.712493,1616854068.0,338310102.0,37.836063,-122.455598,7.187683,-0.13991,0.990164,36.0,12.0,4.0,0.680797,1616854068.0,338348843.0,37.81731,-122.462537,7.145408,-0.403,-0.9152,36.0,11.0,4.0,0.680768,1616854068.0,351249000.0,37.806133,-122.502433,10.477837,0.823367,0.56751,70.0,336.0,45.0,0.656836,1616854068.0,368124230.0,37.833335,-122.469752,1.769537,0.120869,0.992669,36.0,14.0,3.0,0.590958,1616854068.0,369199000.0,37.830102,-122.457359,5.095123,0.736287,-0.676669,36.0,11.0,4.0,0.66311,47.53333333333333,3.0,10.0
1616854069.0,338193601.0,37.84443,-122.47161,5.736896,-0.733838,0.679325,36.0,0.0,0.0,0.705768,1616854069.0,338210142.0,37.821322,-122.466254,7.979767,-0.351702,-0.936112,37.0,14.0,0.0,0.666219,1616854069.0,338303852.0,37.830569,-122.444468,8.398719,-0.55146,-0.834201,37.0,10.0,4.0,0.707945,1616854069.0,338310102.0,37.836096,-122.455604,7.191949,-0.144462,0.98951,36.0,12.0,4.0,0.676762,1616854069.0,338348843.0,37.817279,-122.462554,7.155043,-0.406204,-0.913782,36.0,11.0,4.0,0.676357,1616854069.0,351249000.0,37.806161,-122.502383,10.491015,0.822507,0.568756,70.0,336.0,45.0,0.652453,1616854069.0,368124230.0,37.833343,-122.469751,1.755353,0.12787,0.991791,36.0,14.0,3.0,0.586819,1616854069.0,369199000.0,37.830086,-122.457337,5.092408,0.73787,-0.674943,36.0,11.0,4.0,0.658884,47.53055555555556,3.0,10.0
1616854070.0,338193601.0,37.844448,-122.471635,5.749427,-0.727485,0.686123,36.0,0.0,0.0,0.701816,1616854070.0,338210142.0,37.821287,-122.466271,7.977704,-0.35245,-0.935831,37.0,14.0,0.0,0.661954,1616854070.0,338303852.0,37.830536,-122.444495,8.434645,-0.551969,-0.833864,37.0,10.0,4.0,0.703382,1616854070.0,338310102.0,37.836129,-122.45561,7.196698,-0.149196,0.988808,36.0,12.0,4.0,0.67272,1616854070.0,338348843.0,37.817249,-122.462571,7.164969,-0.409255,-0.91242,36.0,11.0,4.0,0.671936,1616854070.0,351249000.0,37.806189,-122.502332,10.504815,0.821641,0.570005,70.0,336.0,45.0,0.648065,1616854070.0,368124230.0,37.833351,-122.46975,1.741261,0.134998,0.990846,36.0,14.0,3.0,0.582704,1616854070.0,369199000.0,37.83007,-122.457315,5.089795,0.739507,-0.673149,36.0,11.0,4.0,0.654657,47.52777777777778,3.0,10.0
1616854071.0,338193601.0,37.844466,-122.471659,5.762304,-0.72115,0.692779,36.0,0.0,0.0,0.697853,1616854071.0,338210142.0,37.821252,-122.466287,7.975632,-0.353197,-0.935549,37.0,14.0,0.0,0.65769,1616854071.0,338303852.0,37.830504,-122.444523,8.469089,-0.552303,-0.833644,37.0,10.0,4.0,0.698806,1616854071.0,338310102.0,37.836162,-122.455616,7.201951,-0.154111,0.988054,36.0,12.0,4.0,0.668669,1616854071.0,338348843.0,37.817219,-122.462588,7.175174,-0.412153,-0.911114,36.0,11.0,4.0,0.667506,1616854071.0,351249000.0,37.806216,-122.502282,10.519237,0.820772,0.571257,70.0,336.0,45.0,0.643672,1616854071.0,368124230.0,37.833359,-122.469748,1.727262,0.142252,0.98983,36.0,14.0,3.0,0.578612,1616854071.0,369199000.0,37.830054,-122.457293,5.087285,0.741197,-0.671288,36.0,11.0,4.0,0.650429,47.525,3.0,10.0
1616854072.0,338193601.0,37.844485,-122.471684,5.775512,-0.714835,0.699293,36.0,0.0,0.0,0.693879,1616854072.0,338210142.0,37.821218,-122.466304,7.973551,-0.353945,-0.935266,37.0,14.0,0.0,0.653427,1616854072.0,338303852.0,37.830471,-122.44455,8.502048,-0.552462,-0.833538,37.0,10.0,4.0,0.694217,1616854072.0,338310102.0,37.836195,-122.455622,7.207726,-0.159203,0.987246,36.0,12.0,4.0,0.664609,1616854072.0,338348843.0,37.817189,-122.462605,7.185648,-0.414901,-0.909866,36.0,11.0,4.0,0.663066,1616854072.0,351249000.0,37.806244,-122.502231,10.53428,0.819897,0.572511,70.0,336.0,45.0,0.639274,1616854072.0,368124230.0,37.833367,-122.469747,1.713361,0.149637,0.988741,36.0,14.0,3.0,0.574543,1616854072.0,369199000.0,37.830038,-122.457271,5.084882,0.742939,-0.669359,36.0,11.0,4.0,0.646201,47.52222222222223,3.0,10.0
1616854073.0,338193601.0,37.844503,-122.471708,5.789036,-0.708543,0.705668,36.0,0.0,0.0,0.689893,1616854073.0,338210142.0,37.821183,-122.46632,7.971461,-0.354692,-0.934983,37.0,14.0,0.0,0.649164,1616854073.0,338303852.0,37.830438,-122.444578,8.533523,-0.55245,-0.833546,37.0,10.0,4.0,0.689616,1616854073.0,338310102.0,37.836228,-122.455629,7.214046,-0.164471,0.986382,36.0,12.0,4.0,0.66054,1616854073.0,338348843.0,37.817158,-122.462623,7.196381,-0.417499,-0.908677,36.0,11.0,4.0,0.658617,1616854073.0,351249000.0,37.806272,-122.502181,10.549947,0.819018,0.573768,70.0,336.0,45.0,0.634871,1616854073.0,368124230.0,37.833375,-122.469745,1.699561,0.157152,0.987575,36.0,14.0,3.0,0.570497,1616854073.0,369199000.0,37.830022,-122.457249,5.082589,0.744735,-0.667361,36.0,11.0,4.0,0.641971,47.519444444444446,3.0,10.0
1616854074.0,338193601.0,37.844522,-122.471732,5.802862,-0.702276,0.711905,36.0,0.0,0.0,0.685896,1616854074.0,338210142.0,37.821149,-122.466337,7.969361,-0.355438,-0.9347,37.0,14.0,0.0,0.644902,1616854074.0,338303852.0,37.830405,-122.444605,8.563512,-0.552269,-0.833666,37.0,10.0,4.0,0.685003,1616854074.0,338310102.0,37.836261,-122.455636,7.220932,-0.169913,0.985459,36.0,12.0,4.0,0.65646,1616854074.0,338348843.0,37.817128,-122.46264,7.207362,-0.419948,-0.907548,36.0,11.0,4.0,0.654158,1616854074.0,351249000.0,37.8063,-122.50213,10.566025,0.818137,0.575023,70.0,336.0,45.0,0.630463,1616854074.0,368124230.0,37.833382,-122.469744,1.685864,0.164799,0.986327,36.0,14.0,3.0,0.566474,1616854074.0,369199000.0,37.830007,-122.457227,5.080411,0.746582,-0.665294,36.0,11.0,4.0,0.637739,47.516666666666666,3.0,10.0
1616854075.0,338193601.0,37.844541,-122.471756,5.816976,-0.696037,0.718005,36.0,0.0,0.0,0.681887,1616854075.0,338210142.0,37.821114,-122.466353,7.967251,-0.356184,-0.934416,37.0,14.0,0.0,0.64064,1616854075.0,338303852.0,37.830372,-122.444633,8.592017,-0.551919,-0.833898,37.0,10.0,4.0,0.68038,1616854075.0,338310102.0,37.836294,-122.455643,7.228406,-0.175526,0.984475,36.0,12.0,4.0,0.65237,1616854075.0,338348843.0,37.817098,-122.462658,7.218584,-0.422248,-0.90648,36.0,11.0,4.0,0.64969,1616854075.0,351249000.0,37.806328,-122.502079,10.581671,0.817268,0.576258,70.0,336.0,45.0,0.626049,1616854075.0,368124230.0,37.83339,-122.469742,1.672273,0.17258,0.984996,36.0,14.0,3.0,0.562474,1616854075.0,369199000.0,37.829991,-122.457205,5.078349,0.74848,-0.663158,36.0,11.0,4.0,0.633507,47.513888888888886,3.0,10.0
1616854076.0,338193601.0,37.844561,-122.47178,5.831361,-0.689829,0.723972,36.0,0.0,0.0,0.677867,1616854076.0,338210142.0,37.82108,-122.46637,7.965151,-0.356926,-0.934133,37.0,14.0,0.0,0.636379,1616854076.0,338303852.0,37.830339,-122.444661,8.619041,-0.551403,-0.834239,37.0,10.0,4.0,0.675747,1616854076.0,338310102.0,37.836327,-122.455651,7.236491,-0.181309,0.983426,36.0,12.0,4.0,0.648269,1616854076.0,338348843.0,37.817068,-122.462676,7.230037,-0.424402,-0.905474,36.0,11.0,4.0,0.645213,1616854076.0,351249000.0,37.806356,-122.502029,10.596673,0.816411,0.577471,70.0,336.0,45.0,0.62163,1616854076.0,368124230.0,37.833398,-122.46974,1.658793,0.180496,0.983576,36.0,14.0,3.0,0.558496,1616854076.0,369199000.0,37.829976,-122.457182,5.076409,0.750428,-0.660952,36.0,11.0,4.0,0.629272,47.51111111111111,3.0,10.0
1616854077.0,338193601.0,37.84458,-122.471803,5.846006,-0.683654,0.729807,36.0,0.0,0.0,0.673835,1616854077.0,338210142.0,37.821046,-122.466387,7.963132,-0.357648,-0.933856,37.0,14.0,0.0,0.632119,1616854077.0,338303852.0,37.830306,-122.444688,8.644585,-0.550721,-0.83469,37.0,10.0,4.0,0.671105,1616854077.0,338310102.0,37.836359,-122.455658,7.24521,-0.187258,0.982311,36.0,12.0,4.0,0.644156,1616854077.0,338348843.0,37.817037,-122.462694,7.241713,-0.426409,-0.904531,36.0,11.0,4.0,0.640727,1616854077.0,351249000.0,37.806385,-122.501978,10.61103,0.815569,0.57866,70.0,336.0,45.0,0.617205,1616854077.0,368124230.0,37.833405,-122.469739,1.645426,0.18855,0.982064,36.0,14.0,3.0,0.55454,1616854077.0,369199000.0,37.82996,-122.45716,5.074583,0.752414,-0.658691,36.0,11.0,4.0,0.625035,47.50833333333333,3.0,10.0
1616854078.0,338193601.0,37.8446,-122.471827,5.860895,-0.677513,0.735511,36.0,0.0,0.0,0.669792,1616854078.0,338210142.0,37.821011,-122.466403,7.961214,-0.358347,-0.933589,37.0,14.0,0.0,0.627859,1616854078.0,338303852.0,37.830272,-122.444716,8.668655,-0.549874,-0.835247,37.0,10.0,4.0,0.666454,1616854078.0,338310102.0,37.836392,-122.455666,7.254587,-0.193371,0.981126,36.0,12.0,4.0,0.64003,1616854078.0,338348843.0,37.817007,-122.462712,7.253605,-0.428271,-0.90365,36.0,11.0,4.0,0.636231,1616854078.0,351249000.0,37.806413,-122.501927,10.624741,0.814739,0.579828,70.0,336.0,45.0,0.612776,1616854078.0,368124230.0,37.833413,-122.469737,1.632175,0.196741,0.980456,36.0,14.0,3.0,0.550606,1616854078.0,369199000.0,37.829945,-122.457138,5.072827,0.754382,-0.656435,36.0,11.0,4.0,0.620797,47.50555555555555,3.0,10.0
1616854079.0,338193601.0,37.84462,-122.47185,5.876015,-0.67141,0.741086,36.0,0.0,0.0,0.665738,1616854079.0,338210142.0,37.820977,-122.46642,7.959394,-0.359022,-0.933329,37.0,14.0,0.0,0.6236,1616854079.0,338303852.0,37.830239,-122.444744,8.691256,-0.548863,-0.835912,37.0,10.0,4.0,0.661796,1616854079.0,338310102.0,37.836425,-122.455675,7.264646,-0.199644,0.979869,36.0,12.0,4.0,0.635892,1616854079.0,338348843.0,37.816977,-122.46273,7.265705,-0.429988,-0.902834,36.0,11.0,4.0,0.631726,1616854079.0,351249000.0,37.806442,-122.501877,10.637805,0.813923,0.580973,70.0,336.0,45.0,0.608342,1616854079.0,368124230.0,37.83342,-122.469735,1.619046,0.205071,0.978747,36.0,14.0,3.0,0.546693,1616854079.0,369199000.0,37.829929,-122.457115,5.07113,0.756321,-0.654201,36.0,11.0,4.0,0.616556,47.50277777777778,3.0,10.0
1616854080.0,338193601.0,37.84464,-122.471873,5.891353,-0.665345,0.746536,36.0,0.0,0.0,0.661672,1616854080.0,338210142.0,37.820942,-122.466437,7.957673,-0.359673,-0.933078,37.0,14.0,0.0,0.619342,1616854080.0,338303852.0,37.830205,-122.444772,8.712394,-0.547689,-0.836682,37.0,10.0,4.0,0.657131,1616854080.0,338310102.0,37.836458,-122.455683,7.275413,-0.206075,0.978536,36.0,12.0,4.0,0.63174,1616854080.0,338348843.0,37.816946,-122.462748,7.278009,-0.431563,-0.902083,36.0,11.0,4.0,0.627211,1616854080.0,351249000.0,37.80647,-122.501826,10.65022,0.81312,0.582097,70.0,336.0,45.0,0.603904,1616854080.0,368124230.0,37.833428,-122.469733,1.60604,0.213541,0.976934,36.0,14.0,3.0,0.542802,1616854080.0,369199000.0,37.829914,-122.457093,5.069488,0.75823,-0.651987,36.0,11.0,4.0,0.612313,47.5,3.0,10.0
1616854081.0,338193601.0,37.84466,-122.471896,5.906895,-0.659321,0.751861,36.0,0.0,0.0,0.657595,1616854081.0,338210142.0,37.820908,-122.466454,7.956051,-0.360301,-0.932836,37.0,14.0,0.0,0.615084,1616854081.0,338303852.0,37.830172,-122.4448,8.732076,-0.546351,-0.837556,37.0,10.0,4.0,0.652459,1616854081.0,338310102.0,37.836491,-122.455692,7.286914,-0.21266,0.977126,36.0,12.0,4.0,0.627574,1616854081.0,338348843.0,37.816916,-122.462767,7.290509,-0.432995,-0.901397,36.0,11.0,4.0,0.622688,1616854081.0,351249000.0,37.806499,-122.501775,10.661985,0.812329,0.583199,70.0,336.0,45.0,0.599461,1616854081.0,368124230.0,37.833435,-122.469731,1.593163,0.222152,0.975012,36.0,14.0,3.0,0.538933,1616854081.0,369199000.0,37.829898,-122.45707,5.067902,0.760109,-0.649795,36.0,11.0,4.0,0.608068,47.49722222222222,3.0,10.0
1616854082.0,338193601.0,37.844681,-122.471919,5.922629,-0.65334,0.757065,36.0,0.0,0.0,0.653506,1616854082.0,338210142.0,37.820874,-122.46647,7.954527,-0.360905,-0.932603,37.0,14.0,0.0,0.610827,1616854082.0,338303852.0,37.830138,-122.444828,8.750311,-0.544849,-0.838534,37.0,10.0,4.0,0.647782,1616854082.0,338310102.0,37.836524,-122.455701,7.299173,-0.219396,0.975636,36.0,12.0,4.0,0.623393,1616854082.0,338348843.0,37.816886,-122.462785,7.3032,-0.434285,-0.900776,36.0,11.0,4.0,0.618155,1616854082.0,351249000.0,37.806528,-122.501725,10.6731,0.811552,0.584281,70.0,336.0,45.0,0.595015,1616854082.0,368124230.0,37.833442,-122.469729,1.580417,0.230905,0.972976,36.0,14.0,3.0,0.535084,1616854082.0,369199000.0,37.829883,-122.457048,5.066368,0.761959,-0.647625,36.0,11.0,4.0,0.603821,47.49444444444445,3.0,10.0
1616854083.0,338193601.0,37.844702,-122.471941,5.938541,-0.647403,0.762148,36.0,0.0,0.0,0.649406,1616854083.0,338210142.0,37.820839,-122.466487,7.9531,-0.361485,-0.932378,37.0,14.0,0.0,0.60657,1616854083.0,338303852.0,37.830104,-122.444856,8.767108,-0.543183,-0.839614,37.0,10.0,4.0,0.6431,1616854083.0,338310102.0,37.836557,-122.45571,7.312217,-0.226278,0.974063,36.0,12.0,4.0,0.619198,1616854083.0,338348843.0,37.816855,-122.462804,7.316078,-0.435435,-0.90022,36.0,11.0,4.0,0.613613,1616854083.0,351249000.0,37.806556,-122.501674,10.683564,0.810787,0.585341,70.0,336.0,45.0,0.590565,1616854083.0,368124230.0,37.833449,-122.469727,1.567807,0.239801,0.970822,36.0,14.0,3.0,0.531257,1616854083.0,369199000.0,37.829868,-122.457025,5.064887,0.76378,-0.645477,36.0,11.0,4.0,0.599572,47.49166666666667,3.0,10.0
1616854084.0,338193601.0,37.844723,-122.471964,5.954618,-0.641511,0.767114,36.0,0.0,0.0,0.645295,1616854084.0,338210142.0,37.820805,-122.466504,7.95177,-0.362042,-0.932162,37.0,14.0,0.0,0.602314,1616854084.0,338303852.0,37.83007,-122.444884,8.782476,-0.541353,-0.840795,37.0,10.0,4.0,0.638413,1616854084.0,338310102.0,37.83659,-122.45572,7.325955,-0.233254,0.972416,36.0,12.0,4.0,0.614986,1616854084.0,338348843.0,37.816825,-122.462822,7.329138,-0.436445,-0.899731,36.0,11.0,4.0,0.609062,1616854084.0,351249000.0,37.806585,-122.501623,10.693375,0.810035,0.586382,70.0,336.0,45.0,0.586111,1616854084.0,368124230.0,37.833456,-122.469725,1.555337,0.248839,0.968545,36.0,14.0,3.0,0.527451,1616854084.0,369199000.0,37.829853,-122.457002,5.063455,0.765571,-0.643352,36.0,11.0,4.0,0.59532,47.48888888888889,3.0,10.0
1616854085.0,338193601.0,37.844744,-122.471986,5.97085,-0.635667,0.771963,36.0,0.0,0.0,0.641172,1616854085.0,338210142.0,37.820771,-122.466521,7.950538,-0.362575,-0.931955,37.0,14.0,0.0,0.598058,1616854085.0,338303852.0,37.830036,-122.444912,8.796428,-0.539358,-0.842077,37.0,10.0,4.0,0.633723,1616854085.0,338310102.0,37.836623,-122.45573,7.339916,-0.240115,0.970744,36.0,12.0,4.0,0.610759,1616854085.0,338348843.0,37.816794,-122.462841,7.342377,-0.437317,-0.899308,36.0,11.0,4.0,0.604502,1616854085.0,351249000.0,37.806614,-122.501572,10.702533,0.809295,0.587402,70.0,336.0,45.0,0.581655,1616854085.0,368124230.0,37.833463,-122.469722,1.54301,0.258021,0.966139,36.0,14.0,3.0,0.523665,1616854085.0,369199000.0,37.829838,-122.45698,5.062072,0.767333,-0.641249,36.0,11.0,4.0,0.591067,47.48611111111112,3.0,10.0
1616854086.0,338193601.0,37.844765,-122.472009,5.987222,-0.629871,0.7767,36.0,0.0,0.0,0.637037,1616854086.0,338210142.0,37.820737,-122.466538,7.949401,-0.363084,-0.931756,37.0,14.0,0.0,0.593802,1616854086.0,338303852.0,37.830001,-122.44494,8.808976,-0.537196,-0.843457,37.0,10.0,4.0,0.62903,1616854086.0,338310102.0,37.836656,-122.45574,7.353961,-0.246814,0.969063,36.0,12.0,4.0,0.606515,1616854086.0,338348843.0,37.816764,-122.46286,7.355791,-0.43805,-0.898951,36.0,11.0,4.0,0.599933,1616854086.0,351249000.0,37.806643,-122.501522,10.711037,0.808568,0.588402,70.0,336.0,45.0,0.577196,1616854086.0,368124230.0,37.83347,-122.46972,1.530877,0.267311,0.96361,36.0,14.0,3.0,0.5199,1616854086.0,369199000.0,37.829823,-122.456957,5.060735,0.769067,-0.639169,36.0,11.0,4.0,0.586812,47.48333333333333,3.0,10.0
1616854087.0,338193601.0,37.844787,-122.472031,6.003724,-0.624125,0.781325,36.0,0.0,0.0,0.632892,1616854087.0,338210142.0,37.820702,-122.466555,7.948361,-0.36357,-0.931567,37.0,14.0,0.0,0.589547,1616854087.0,338303852.0,37.829967,-122.444967,8.820132,-0.534867,-0.844936,37.0,10.0,4.0,0.624335,1616854087.0,338310102.0,37.836689,-122.455751,7.368069,-0.253351,0.967374,36.0,12.0,4.0,0.602255,1616854087.0,338348843.0,37.816733,-122.462879,7.369377,-0.438647,-0.89866,36.0,11.0,4.0,0.595355,1616854087.0,351249000.0,37.806673,-122.501471,10.718886,0.807853,0.589383,70.0,336.0,45.0,0.572734,1616854087.0,368124230.0,37.833477,-122.469718,1.519118,0.276564,0.960996,36.0,14.0,3.0,0.516155,1616854087.0,369199000.0,37.829808,-122.456934,5.059444,0.770771,-0.637112,36.0,11.0,4.0,0.582555,47.480555555555554,3.0,10.0
1616854088.0,338193601.0,37.844808,-122.472053,6.020344,-0.61843,0.78584,36.0,0.0,0.0,0.628735,1616854088.0,338210142.0,37.820668,-122.466572,7.947417,-0.364032,-0.931387,37.0,14.0,0.0,0.585292,1616854088.0,338303852.0,37.829932,-122.444995,8.829912,-0.53237,-0.846512,37.0,10.0,4.0,0.619637,1616854088.0,338310102.0,37.836722,-122.455762,7.382219,-0.259729,0.965682,36.0,12.0,4.0,0.59798,1616854088.0,338348843.0,37.816702,-122.462898,7.383134,-0.439107,-0.898435,36.0,11.0,4.0,0.590767,1616854088.0,351249000.0,37.806702,-122.50142,10.726079,0.807151,0.590345,70.0,336.0,45.0,0.56827,1616854088.0,368124230.0,37.833484,-122.469715,1.507772,0.285736,0.958308,36.0,14.0,3.0,0.51243,1616854088.0,369199000.0,37.829793,-122.456911,5.058197,0.772448,-0.635078,36.0,11.0,4.0,0.578296,47.477777777777774,3.0,10.0
1616854089.0,338193601.0,37.84483,-122.472074,6.037071,-0.612787,0.790248,36.0,0.0,0.0,0.624567,1616854089.0,338210142.0,37.820634,-122.466588,7.946569,-0.36447,-0.931215,37.0,14.0,0.0,0.581037,1616854089.0,338303852.0,37.829898,-122.445022,8.838331,-0.529702,-0.848184,37.0,10.0,4.0,0.614938,1616854089.0,338310102.0,37.836755,-122.455773,7.396391,-0.265947,0.963988,36.0,12.0,4.0,0.59369,1616854089.0,338348843.0,37.816672,-122.462917,7.397059,-0.439432,-0.898276,36.0,11.0,4.0,0.586171,1616854089.0,351249000.0,37.806731,-122.50137,10.732615,0.80646,0.591288,70.0,336.0,45.0,0.563804,1616854089.0,368124230.0,37.83349,-122.469713,1.496833,0.29482,0.955553,36.0,14.0,3.0,0.508724,1616854089.0,369199000.0,37.829778,-122.456888,5.056992,0.774096,-0.633069,36.0,11.0,4.0,0.574035,47.475,3.0,10.0
1616854090.0,338193601.0,37.844852,-122.472096,6.053892,-0.607196,0.794552,36.0,0.0,0.0,0.620387,1616854090.0,338210142.0,37.8206,-122.466605,7.945815,-0.364884,-0.931053,37.0,14.0,0.0,0.576783,1616854090.0,338303852.0,37.829863,-122.44505,8.845406,-0.526862,-0.849951,37.0,10.0,4.0,0.610238,1616854090.0,338310102.0,37.836788,-122.455785,7.410564,-0.272009,0.962295,36.0,12.0,4.0,0.589384,1616854090.0,338348843.0,37.816641,-122.462936,7.411152,-0.439623,-0.898182,36.0,11.0,4.0,0.581566,1616854090.0,351249000.0,37.806761,-122.501319,10.738493,0.805782,0.592212,70.0,336.0,45.0,0.559336,1616854090.0,368124230.0,37.833497,-122.46971,1.486296,0.303807,0.952733,36.0,14.0,3.0,0.505037,1616854090.0,369199000.0,37.829763,-122.456865,5.055829,0.775715,-0.631083,36.0,11.0,4.0,0.569772,47.47222222222222,3.0,10.0
1616854091.0,338193601.0,37.844874,-122.472118,6.070797,-0.60166,0.798752,36.0,0.0,0.0,0.616196,1616854091.0,338210142.0,37.820565,-122.466622,7.945157,-0.365274,-0.9309,37.0,14.0,0.0,0.572529,1616854091.0,338303852.0,37.829828,-122.445077,8.851154,-0.523849,-0.851811,37.0,10.0,4.0,0.605538,1616854091.0,338310102.0,37.836821,-122.455796,7.424718,-0.277915,0.960606,36.0,12.0,4.0,0.585064,1616854091.0,338348843.0,37.81661,-122.462955,7.425412,-0.43968,-0.898155,36.0,11.0,4.0,0.576952,1616854091.0,351249000.0,37.80679,-122.501268,10.743713,0.805116,0.593118,70.0,336.0,45.0,0.554866,1616854091.0,368124230.0,37.833503,-122.469707,1.476155,0.31269,0.949855,36.0,14.0,3.0,0.501368,1616854091.0,369199000.0,37.829749,-122.456843,5.054705,0.777307,-0.629122,36.0,11.0,4.0,0.565507,47.46944444444444,3.0,10.0
1616854092.0,338193601.0,37.844897,-122.472139,6.087776,-0.596178,0.802852,36.0,0.0,0.0,0.611995,1616854092.0,338210142.0,37.820531,-122.466639,7.944594,-0.365641,-0.930756,37.0,14.0,0.0,0.568275,1616854092.0,338303852.0,37.829793,-122.445104,8.855593,-0.52066,-0.853764,37.0,10.0,4.0,0.600838,1616854092.0,338310102.0,37.836854,-122.455809,7.438836,-0.283667,0.958923,36.0,12.0,4.0,0.580729,1616854092.0,338348843.0,37.816579,-122.462974,7.439838,-0.439604,-0.898192,36.0,11.0,4.0,0.572329,1616854092.0,351249000.0,37.806819,-122.501218,10.748274,0.804461,0.594005,70.0,336.0,45.0,0.550396,1616854092.0,368124230.0,37.83351,-122.469705,1.466403,0.321459,0.946924,36.0,14.0,3.0,0.497717,1616854092.0,369199000.0,37.829734,-122.456819,5.053619,0.778871,-0.627185,36.0,11.0,4.0,0.561241,47.46666666666667,3.0,10.0
1616854093.0,338193601.0,37.84492,-122.47216,6.104817,-0.590752,0.806853,36.0,0.0,0.0,0.607782,1616854093.0,338210142.0,37.820497,-122.466656,7.944125,-0.365984,-0.930621,37.0,14.0,0.0,0.564021,1616854093.0,338303852.0,37.829759,-122.445131,8.858745,-0.517292,-0.855809,37.0,10.0,4.0,0.596139,1616854093.0,338310102.0,37.836887,-122.455821,7.452899,-0.289268,0.957248,36.0,12.0,4.0,0.57638,1616854093.0,338348843.0,37.816548,-122.462993,7.454431,-0.439395,-0.898294,36.0,11.0,4.0,0.567697,1616854093.0,351249000.0,37.806849,-122.501167,10.752175,0.803819,0.594875,70.0,336.0,45.0,0.545924,1616854093.0,368124230.0,37.833516,-122.469702,1.457034,0.330107,0.943943,36.0,14.0,3.0,0.494083,1616854093.0,369199000.0,37.829719,-122.456796,5.052569,0.780407,-0.625272,36.0,11.0,4.0,0.556973,47.46388888888889,3.0,10.0
1616854094.0,338193601.0,37.844942,-122.472181,6.12191,-0.585382,0.810757,36.0,0.0,0.0,0.603558,1616854094.0,338210142.0,37.820463,-122.466673,7.94375,-0.366303,-0.930496,37.0,14.0,0.0,0.559768,1616854094.0,338303852.0,37.829723,-122.445158,8.860629,-0.513744,-0.857944,37.0,10.0,4.0,0.59144,1616854094.0,338310102.0,37.83692,-122.455834,7.466888,-0.294718,0.955584,36.0,12.0,4.0,0.572017,1616854094.0,338348843.0,37.816517,-122.463012,7.469192,-0.439056,-0.89846,36.0,11.0,4.0,0.563056,1616854094.0,351249000.0,37.806879,-122.501116,10.755415,0.803188,0.595726,70.0,336.0,45.0,0.541452,1616854094.0,368124230.0,37.833523,-122.469699,1.448042,0.338627,0.940921,36.0,14.0,3.0,0.490466,1616854094.0,369199000.0,37.829705,-122.456773,5.051555,0.781915,-0.623385,36.0,11.0,4.0,0.552703,47.46111111111111,3.0,10.0
1616854095.0,338193601.0,37.844965,-122.472202,6.139046,-0.580069,0.814567,36.0,0.0,0.0,0.599323,1616854095.0,338210142.0,37.820428,-122.466691,7.943469,-0.366598,-0.930379,37.0,14.0,0.0,0.555514,1616854095.0,338303852.0,37.829688,-122.445185,8.86127,-0.510012,-0.860167,37.0,10.0,4.0,0.586744,1616854095.0,338310102.0,37.836953,-122.455846,7.480787,-0.300019,0.953933,36.0,12.0,4.0,0.56764,1616854095.0,338348843.0,37.816486,-122.463031,7.484121,-0.438585,-0.89869,36.0,11.0,4.0,0.558406,1616854095.0,351249000.0,37.806908,-122.501066,10.757994,0.802568,0.59656,70.0,336.0,45.0,0.536979,1616854095.0,368124230.0,37.833529,-122.469696,1.43942,0.347011,0.937861,36.0,14.0,3.0,0.486865,1616854095.0,369199000.0,37.82969,-122.45675,5.050575,0.783396,-0.621523,36.0,11.0,4.0,0.548431,47.458333333333336,3.0,10.0
1616854096.0,338193601.0,37.844988,-122.472223,6.156214,-0.574813,0.818285,36.0,0.0,0.0,0.595077,1616854096.0,338210142.0,37.820394,-122.466708,7.943282,-0.36687,-0.930272,37.0,14.0,0.0,0.551261,1616854096.0,338303852.0,37.829653,-122.445211,8.860689,-0.506094,-0.862478,37.0,10.0,4.0,0.582049,1616854096.0,338310102.0,37.836986,-122.45586,7.494578,-0.305174,0.952297,36.0,12.0,4.0,0.563249,1616854096.0,338348843.0,37.816455,-122.463051,7.499221,-0.437985,-0.898982,36.0,11.0,4.0,0.553748,1616854096.0,351249000.0,37.806938,-122.501015,10.759911,0.801961,0.597377,70.0,336.0,45.0,0.532506,1616854096.0,368124230.0,37.833535,-122.469693,1.431161,0.355252,0.934771,36.0,14.0,3.0,0.48328,1616854096.0,369199000.0,37.829675,-122.456727,5.049628,0.78485,-0.619686,36.0,11.0,4.0,0.544157,47.45555555555556,3.0,10.0
1616854097.0,338193601.0,37.845012,-122.472244,6.173405,-0.569615,0.821911,36.0,0.0,0.0,0.59082,1616854097.0,338210142.0,37.82036,-122.466725,7.943189,-0.367118,-0.930175,37.0,14.0,0.0,0.547007,1616854097.0,338303852.0,37.829618,-122.445238,8.858912,-0.501986,-0.864875,37.0,10.0,4.0,0.577357,1616854097.0,338310102.0,37.837019,-122.455873,7.508246,-0.310183,0.950677,36.0,12.0,4.0,0.558846,1616854097.0,338348843.0,37.816424,-122.46307,7.514494,-0.437255,-0.899338,36.0,11.0,4.0,0.549081,1616854097.0,351249000.0,37.806968,-122.500965,10.761165,0.801365,0.598176,70.0,336.0,45.0,0.528032,1616854097.0,368124230.0,37.833541,-122.46969,1.423258,0.363343,0.931656,36.0,14.0,3.0,0.47971,1616854097.0,369199000.0,37.829661,-122.456704,5.048712,0.786277,-0.617874,36.0,11.0,4.0,0.539882,47.452777777777776,3.0,10.0
1616854098.0,338193601.0,37.845035,-122.472265,6.190608,-0.564476,0.82545,36.0,0.0,0.0,0.586552,1616854098.0,338210142.0,37.820326,-122.466742,7.94319,-0.367342,-0.930086,37.0,14.0,0.0,0.542754,1616854098.0,338303852.0,37.829582,-122.445264,8.855965,-0.497686,-0.867357,37.0,10.0,4.0,0.572667,1616854098.0,338310102.0,37.837052,-122.455887,7.521775,-0.315049,0.949075,36.0,12.0,4.0,0.554429,1616854098.0,338348843.0,37.816393,-122.463089,7.529941,-0.436396,-0.899754,36.0,11.0,4.0,0.544405,1616854098.0,351249000.0,37.806997,-122.500914,10.761755,0.80078,0.598959,70.0,336.0,45.0,0.52356,1616854098.0,368124230.0,37.833548,-122.469687,1.415705,0.371276,0.928523,36.0,14.0,3.0,0.476154,1616854098.0,369199000.0,37.829647,-122.456681,5.047826,0.787677,-0.616089,36.0,11.0,4.0,0.535605,47.45,3.0,10.0
1616854099.0,338193601.0,37.845059,-122.472285,6.207815,-0.559395,0.828901,36.0,0.0,0.0,0.582274,1616854099.0,338210142.0,37.820292,-122.466759,7.943284,-0.367542,-0.930007,37.0,14.0,0.0,0.5385,1616854099.0,338303852.0,37.829547,-122.445289,8.851875,-0.49319,-0.869922,37.0,10.0,4.0,0.567981,1616854099.0,338310102.0,37.837085,-122.455901,7.535149,-0.319773,0.947494,36.0,12.0,4.0,0.55,1616854099.0,338348843.0,37.816362,-122.463108,7.545568,-0.43541,-0.900232,36.0,11.0,4.0,0.53972,1616854099.0,351249000.0,37.807027,-122.500864,10.761682,0.800207,0.599724,70.0,336.0,45.0,0.519087,1616854099.0,368124230.0,37.833554,-122.469684,1.408495,0.379045,0.925378,36.0,14.0,3.0,0.472613,1616854099.0,369199000.0,37.829632,-122.456657,5.046968,0.78905,-0.614329,36.0,11.0,4.0,0.531327,47.44722222222222,3.0,10.0
1616854100.0,338193601.0,37.845083,-122.472305,6.225017,-0.554373,0.832268,36.0,0.0,0.0,0.577985,1616854100.0,338210142.0,37.820258,-122.466776,7.943471,-0.367718,-0.929937,37.0,14.0,0.0,0.534247,1616854100.0,338303852.0,37.829511,-122.445315,8.846672,-0.488494,-0.872567,37.0,10.0,4.0,0.563297,1616854100.0,338310102.0,37.837118,-122.455915,7.548354,-0.324356,0.945935,36.0,12.0,4.0,0.545559,1616854100.0,338348843.0,37.81633,-122.463128,7.561376,-0.434297,-0.90077,36.0,11.0,4.0,0.535026,1616854100.0,351249000.0,37.807057,-122.500813,10.760944,0.799645,0.600474,70.0,336.0,45.0,0.514616,1616854100.0,368124230.0,37.83356,-122.469681,1.401621,0.386645,0.922229,36.0,14.0,3.0,0.469086,1616854100.0,369199000.0,37.829618,-122.456634,5.046139,0.790397,-0.612595,36.0,11.0,4.0,0.527047,47.44444444444444,3.0,10.0
1616854101.0,338193601.0,37.845107,-122.472326,6.242204,-0.54941,0.835553,36.0,0.0,0.0,0.573685,1616854101.0,338210142.0,37.820223,-122.466793,7.943751,-0.36787,-0.929877,37.0,14.0,0.0,0.529993,1616854101.0,338303852.0,37.829475,-122.44534,8.840386,-0.483595,-0.875292,37.0,10.0,4.0,0.558618,1616854101.0,338310102.0,37.837151,-122.455929,7.561374,-0.328802,0.944399,36.0,12.0,4.0,0.541105,1616854101.0,338348843.0,37.816299,-122.463147,7.577371,-0.433056,-0.901367,36.0,11.0,4.0,0.530324,1616854101.0,351249000.0,37.807087,-122.500763,10.759541,0.799094,0.601206,70.0,336.0,45.0,0.510146,1616854101.0,368124230.0,37.833566,-122.469678,1.395075,0.394068,0.919081,36.0,14.0,3.0,0.465572,1616854101.0,369199000.0,37.829604,-122.456611,5.045335,0.791717,-0.610888,36.0,11.0,4.0,0.522765,47.44166666666666,3.0,10.0
1616854102.0,338193601.0,37.845131,-122.472346,6.259368,-0.544507,0.838756,36.0,0.0,0.0,0.569374,1616854102.0,338210142.0,37.820189,-122.46681,7.944124,-0.367999,-0.929826,37.0,14.0,0.0,0.52574,1616854102.0,338303852.0,37.82944,-122.445365,8.833048,-0.478488,-0.878094,37.0,10.0,4.0,0.553943,1616854102.0,338310102.0,37.837184,-122.455944,7.574198,-0.33311,0.942888,36.0,12.0,4.0,0.53664,1616854102.0,338348843.0,37.816267,-122.463166,7.593556,-0.43169,-0.902022,36.0,11.0,4.0,0.525613,1616854102.0,351249000.0,37.807117,-122.500713,10.757472,0.798555,0.601922,70.0,336.0,45.0,0.505677,1616854102.0,368124230.0,37.833572,-122.469675,1.388852,0.401309,0.915943,36.0,14.0,3.0,0.462072,1616854102.0,369199000.0,37.829589,-122.456587,5.044556,0.793011,-0.609208,36.0,11.0,4.0,0.518482,47.43888888888889,3.0,10.0
1616854103.0,338193601.0,37.845155,-122.472366,6.276501,-0.539664,0.841881,36.0,0.0,0.0,0.565054,1616854103.0,338210142.0,37.820155,-122.466827,7.944591,-0.368104,-0.929785,37.0,14.0,0.0,0.521486,1616854103.0,338303852.0,37.829404,-122.44539,8.824692,-0.47317,-0.880971,37.0,10.0,4.0,0.549271,1616854103.0,338310102.0,37.837217,-122.455958,7.58681,-0.337283,0.941403,36.0,12.0,4.0,0.532163,1616854103.0,338348843.0,37.816235,-122.463185,7.609936,-0.430198,-0.902734,36.0,11.0,4.0,0.520894,1616854103.0,351249000.0,37.807147,-122.500662,10.754736,0.798026,0.602623,70.0,336.0,45.0,0.50121,1616854103.0,368124230.0,37.833577,-122.469671,1.382944,0.408363,0.91282,36.0,14.0,3.0,0.458583,1616854103.0,369199000.0,37.829575,-122.456564,5.043801,0.794279,-0.607554,36.0,11.0,4.0,0.514197,47.43611111111111,3.0,10.0
1616854104.0,338193601.0,37.845179,-122.472386,6.293593,-0.534881,0.844928,36.0,0.0,0.0,0.560722,1616854104.0,338210142.0,37.820121,-122.466844,7.94515,-0.368185,-0.929753,37.0,14.0,0.0,0.517232,1616854104.0,338303852.0,37.829368,-122.445415,8.815353,-0.467636,-0.883921,37.0,10.0,4.0,0.544605,1616854104.0,338310102.0,37.83725,-122.455973,7.599198,-0.341322,0.939946,36.0,12.0,4.0,0.527676,1616854104.0,338348843.0,37.816204,-122.463204,7.626517,-0.428582,-0.903503,36.0,11.0,4.0,0.516166,1616854104.0,351249000.0,37.807177,-122.500612,10.751333,0.797509,0.603307,70.0,336.0,45.0,0.496744,1616854104.0,368124230.0,37.833583,-122.469668,1.377344,0.415224,0.909719,36.0,14.0,3.0,0.455107,1616854104.0,369199000.0,37.829561,-122.45654,5.043069,0.79552,-0.605927,36.0,11.0,4.0,0.509911,47.43333333333333,3.0,10.0
1616854105.0,338193601.0,37.845204,-122.472405,6.310638,-0.530157,0.847899,36.0,0.0,0.0,0.556381,1616854105.0,338210142.0,37.820087,-122.466862,7.945802,-0.368242,-0.92973,37.0,14.0,0.0,0.512977,1616854105.0,338303852.0,37.829332,-122.445439,8.805066,-0.461881,-0.886942,37.0,10.0,4.0,0.539943,1616854105.0,338310102.0,37.837283,-122.455988,7.611351,-0.34523,0.938518,36.0,12.0,4.0,0.523177,1616854105.0,338348843.0,37.816172,-122.463224,7.643304,-0.426841,-0.904327,36.0,11.0,4.0,0.511429,1616854105.0,351249000.0,37.807207,-122.500562,10.747263,0.797003,0.603975,70.0,336.0,45.0,0.492281,1616854105.0,368124230.0,37.833589,-122.469665,1.372046,0.421888,0.906648,36.0,14.0,3.0,0.451643,1616854105.0,369199000.0,37.829547,-122.456517,5.042358,0.796736,-0.604327,36.0,11.0,4.0,0.505624,47.43055555555556,3.0,10.0
1616854106.0,338193601.0,37.845229,-122.472425,6.327626,-0.525494,0.850797,36.0,0.0,0.0,0.552029,1616854106.0,338210142.0,37.820052,-122.466879,7.946547,-0.368275,-0.929717,37.0,14.0,0.0,0.508723,1616854106.0,338303852.0,37.829295,-122.445463,8.793871,-0.455902,-0.89003,37.0,10.0,4.0,0.535286,1616854106.0,338310102.0,37.837316,-122.456004,7.623254,-0.349007,0.93712,36.0,12.0,4.0,0.518669,1616854106.0,338348843.0,37.81614,-122.463243,7.660304,-0.424977,-0.905204,36.0,11.0,4.0,0.506683,1616854106.0,351249000.0,37.807237,-122.500512,10.742525,0.796508,0.604628,70.0,336.0,45.0,0.48782,1616854106.0,368124230.0,37.833595,-122.469661,1.367043,0.42835,0.903613,36.0,14.0,3.0,0.44819,1616854106.0,369199000.0,37.829533,-122.456493,5.041668,0.797927,-0.602754,36.0,11.0,4.0,0.501335,47.42777777777778,3.0,10.0
1616854107.0,338193601.0,37.845254,-122.472444,6.344551,-0.520891,0.853623,36.0,0.0,0.0,0.547667,1616854107.0,338210142.0,37.820018,-122.466896,7.947384,-0.368285,-0.929713,37.0,14.0,0.0,0.504468,1616854107.0,338303852.0,37.829259,-122.445486,8.781807,-0.449693,-0.893183,37.0,10.0,4.0,0.530634,1616854107.0,338310102.0,37.837349,-122.456019,7.634898,-0.352655,0.935754,36.0,12.0,4.0,0.51415,1616854107.0,338348843.0,37.816108,-122.463262,7.677523,-0.42299,-0.906134,36.0,11.0,4.0,0.501929,1616854107.0,351249000.0,37.807267,-122.500462,10.737119,0.796024,0.605265,70.0,336.0,45.0,0.483362,1616854107.0,368124230.0,37.833601,-122.469658,1.362327,0.434605,0.900621,36.0,14.0,3.0,0.444747,1616854107.0,369199000.0,37.829519,-122.45647,5.040997,0.799092,-0.601209,36.0,11.0,4.0,0.497044,47.425,3.0,10.0
1616854108.0,338193601.0,37.845279,-122.472464,6.361404,-0.516347,0.856379,36.0,0.0,0.0,0.543294,1616854108.0,338210142.0,37.819984,-122.466913,7.948315,-0.368271,-0.929719,37.0,14.0,0.0,0.500213,1616854108.0,338303852.0,37.829223,-122.445509,8.768915,-0.443249,-0.896398,37.0,10.0,4.0,0.525988,1616854108.0,338310102.0,37.837382,-122.456035,7.64627,-0.356175,0.934419,36.0,12.0,4.0,0.509621,1616854108.0,338348843.0,37.816075,-122.463281,7.694968,-0.420881,-0.907116,36.0,11.0,4.0,0.497167,1616854108.0,351249000.0,37.807297,-122.500411,10.731043,0.795551,0.605887,70.0,336.0,45.0,0.478907,1616854108.0,368124230.0,37.833606,-122.469654,1.357893,0.440651,0.897679,36.0,14.0,3.0,0.441316,1616854108.0,369199000.0,37.829505,-122.456446,5.040344,0.800231,-0.599691,36.0,11.0,4.0,0.492753,47.422222222222224,3.0,10.0
1616854109.0,338193601.0,37.845304,-122.472483,6.378179,-0.511864,0.859066,36.0,0.0,0.0,0.538912,1616854109.0,338210142.0,37.81995,-122.46693,7.949338,-0.368233,-0.929734,37.0,14.0,0.0,0.495957,1616854109.0,338303852.0,37.829187,-122.445532,8.755238,-0.436566,-0.899672,37.0,10.0,4.0,0.521347,1616854109.0,338310102.0,37.837415,-122.456051,7.657361,-0.35957,0.933118,36.0,12.0,4.0,0.505083,1616854109.0,338348843.0,37.816043,-122.4633,7.712646,-0.41865,-0.908148,36.0,11.0,4.0,0.492395,1616854109.0,351249000.0,37.807327,-122.500361,10.724298,0.795089,0.606493,70.0,336.0,45.0,0.474454,1616854109.0,368124230.0,37.833612,-122.469651,1.353734,0.446482,0.894793,36.0,14.0,3.0,0.437894,1616854109.0,369199000.0,37.829491,-122.456422,5.039707,0.801346,-0.598201,36.0,11.0,4.0,0.48846,47.41944444444445,3.0,10.0
1616854110.0,338193601.0,37.845329,-122.472502,6.394867,-0.507441,0.861686,36.0,0.0,0.0,0.53452,1616854110.0,338210142.0,37.819916,-122.466947,7.950454,-0.368171,-0.929758,37.0,14.0,0.0,0.491701,1616854110.0,338303852.0,37.82915,-122.445554,8.740823,-0.429638,-0.903001,37.0,10.0,4.0,0.516711,1616854110.0,338310102.0,37.837448,-122.456067,7.668159,-0.362839,0.931852,36.0,12.0,4.0,0.500535,1616854110.0,338348843.0,37.816011,-122.463319,7.730566,-0.416298,-0.909228,36.0,11.0,4.0,0.487616,1616854110.0,351249000.0,37.807357,-122.500312,10.716882,0.794638,0.607084,70.0,336.0,45.0,0.470006,1616854110.0,368124230.0,37.833618,-122.469647,1.349843,0.452095,0.89197,36.0,14.0,3.0,0.434482,1616854110.0,369199000.0,37.829477,-122.456399,5.039087,0.802435,-0.596739,36.0,11.0,4.0,0.484165,47.41666666666666,3.0,10.0
1616854111.0,338193601.0,37.845355,-122.472521,6.411462,-0.503078,0.864241,36.0,0.0,0.0,0.530118,1616854111.0,338210142.0,37.819882,-122.466964,7.951663,-0.368086,-0.929792,37.0,14.0,0.0,0.487445,1616854111.0,338303852.0,37.829114,-122.445576,8.725716,-0.42246,-0.906381,37.0,10.0,4.0,0.512081,1616854111.0,338310102.0,37.837481,-122.456084,7.678655,-0.365986,0.93062,36.0,12.0,4.0,0.495979,1616854111.0,338348843.0,37.815978,-122.463338,7.748734,-0.413826,-0.910356,36.0,11.0,4.0,0.482827,1616854111.0,351249000.0,37.807387,-122.500262,10.708797,0.794197,0.60766,70.0,336.0,45.0,0.465561,1616854111.0,368124230.0,37.833623,-122.469644,1.346215,0.457489,0.889216,36.0,14.0,3.0,0.431079,1616854111.0,369199000.0,37.829463,-122.456375,5.038482,0.8035,-0.595305,36.0,11.0,4.0,0.47987,47.41388888888889,3.0,10.0
1616854112.0,338193601.0,37.84538,-122.47254,6.427958,-0.498775,0.866732,36.0,0.0,0.0,0.525707,1616854112.0,338210142.0,37.819847,-122.466982,7.952964,-0.367977,-0.929835,37.0,14.0,0.0,0.483188,1616854112.0,338303852.0,37.829077,-122.445598,8.709965,-0.415027,-0.909809,37.0,10.0,4.0,0.507456,1616854112.0,338310102.0,37.837515,-122.4561,7.688839,-0.36901,0.929425,36.0,12.0,4.0,0.491414,1616854112.0,338348843.0,37.815946,-122.463356,7.767161,-0.411233,-0.91153,36.0,11.0,4.0,0.478031,1616854112.0,351249000.0,37.807417,-122.500212,10.70004,0.793768,0.608221,70.0,336.0,45.0,0.46112,1616854112.0,368124230.0,37.833629,-122.46964,1.342843,0.462658,0.886537,36.0,14.0,3.0,0.427685,1616854112.0,369199000.0,37.829449,-122.456351,5.037891,0.804539,-0.593899,36.0,11.0,4.0,0.475573,47.41111111111111,3.0,10.0
1616854113.0,338193601.0,37.845406,-122.472559,6.444346,-0.494531,0.86916,36.0,0.0,0.0,0.521285,1616854113.0,338210142.0,37.819813,-122.466999,7.954359,-0.367844,-0.929888,37.0,14.0,0.0,0.478931,1616854113.0,338303852.0,37.82904,-122.445619,8.693623,-0.407333,-0.91328,37.0,10.0,4.0,0.502838,1616854113.0,338310102.0,37.837548,-122.456117,7.698703,-0.371914,0.928267,36.0,12.0,4.0,0.486841,1616854113.0,338348843.0,37.815913,-122.463375,7.785855,-0.408522,-0.912749,36.0,11.0,4.0,0.473226,1616854113.0,351249000.0,37.807447,-122.500162,10.690612,0.793349,0.608767,70.0,336.0,45.0,0.456683,1616854113.0,368124230.0,37.833634,-122.469637,1.339722,0.467602,0.883939,36.0,14.0,3.0,0.4243,1616854113.0,369199000.0,37.829435,-122.456328,5.037312,0.805554,-0.592522,36.0,11.0,4.0,0.471276,47.40833333333333,3.0,10.0
1616854114.0,338193601.0,37.845432,-122.472577,6.460621,-0.490347,0.871527,36.0,0.0,0.0,0.516855,1616854114.0,338210142.0,37.819779,-122.467016,7.955847,-0.367687,-0.92995,37.0,14.0,0.0,0.474673,1616854114.0,338303852.0,37.829004,-122.44564,8.676742,-0.399373,-0.916789,37.0,10.0,4.0,0.498225,1616854114.0,338310102.0,37.837581,-122.456133,7.708237,-0.374698,0.927147,36.0,12.0,4.0,0.482261,1616854114.0,338348843.0,37.81588,-122.463394,7.804824,-0.405692,-0.91401,36.0,11.0,4.0,0.468412,1616854114.0,351249000.0,37.807478,-122.500112,10.680512,0.792941,0.609298,70.0,336.0,45.0,0.452251,1616854114.0,368124230.0,37.83364,-122.469633,1.336845,0.472317,0.881429,36.0,14.0,3.0,0.420922,1616854114.0,369199000.0,37.829421,-122.456304,5.036746,0.806545,-0.591173,36.0,11.0,4.0,0.466977,47.40555555555556,3.0,10.0
1616854115.0,338193601.0,37.845458,-122.472596,6.476776,-0.486222,0.873835,36.0,0.0,0.0,0.512414,1616854115.0,338210142.0,37.819745,-122.467033,7.957428,-0.367507,-0.930021,37.0,14.0,0.0,0.470415,1616854115.0,338303852.0,37.828967,-122.44566,8.659377,-0.391141,-0.920331,37.0,10.0,4.0,0.493618,1616854115.0,338310102.0,37.837614,-122.45615,7.717432,-0.377365,0.926065,36.0,12.0,4.0,0.477673,1616854115.0,338348843.0,37.815847,-122.463412,7.824079,-0.402744,-0.915313,36.0,11.0,4.0,0.46359,1616854115.0,351249000.0,37.807508,-122.500063,10.66974,0.792544,0.609814,70.0,336.0,45.0,0.447824,1616854115.0,368124230.0,37.833645,-122.469629,1.334208,0.476802,0.879011,36.0,14.0,3.0,0.417553,1616854115.0,369199000.0,37.829407,-122.45628,5.036191,0.807511,-0.589852,36.0,11.0,4.0,0.462677,47.40277777777778,3.0,10.0
1616854116.0,338193601.0,37.845484,-122.472614,6.492805,-0.482156,0.876085,36.0,0.0,0.0,0.507965,1616854116.0,338210142.0,37.81971,-122.46705,7.959102,-0.367303,-0.930101,37.0,14.0,0.0,0.466156,1616854116.0,338303852.0,37.82893,-122.44568,8.641805,-0.382685,-0.923879,37.0,10.0,4.0,0.489016,1616854116.0,338310102.0,37.837647,-122.456167,7.726282,-0.379914,0.925022,36.0,12.0,4.0,0.473077,1616854116.0,338348843.0,37.815814,-122.463431,7.84363,-0.399679,-0.916655,36.0,11.0,4.0,0.45876,1616854116.0,351249000.0,37.807538,-122.500013,10.658295,0.792158,0.610316,70.0,336.0,45.0,0.443401,1616854116.0,368124230.0,37.83365,-122.469626,1.331804,0.481054,0.876691,36.0,14.0,3.0,0.41419,1616854116.0,369199000.0,37.829394,-122.456256,5.035645,0.808453,-0.58856,36.0,11.0,4.0,0.458375,47.4,3.0,10.0
1616854117.0,338193601.0,37.845511,-122.472633,6.508701,-0.478149,0.878279,36.0,0.0,0.0,0.503506,1616854117.0,338210142.0,37.819676,-122.467067,7.96087,-0.367075,-0.930191,37.0,14.0,0.0,0.461897,1616854117.0,338303852.0,37.828893,-122.445699,8.624933,-0.374219,-0.92734,37.0,10.0,4.0,0.48442,1616854117.0,338310102.0,37.83768,-122.456185,7.734778,-0.382347,0.924019,36.0,12.0,4.0,0.468475,1616854117.0,338348843.0,37.81578,-122.463449,7.863486,-0.396498,-0.918036,36.0,11.0,4.0,0.453921,1616854117.0,351249000.0,37.807568,-122.499964,10.646178,0.791782,0.610803,70.0,336.0,45.0,0.438984,1616854117.0,368124230.0,37.833656,-122.469622,1.32963,0.485072,0.874474,36.0,14.0,3.0,0.410835,1616854117.0,369199000.0,37.82938,-122.456232,5.035109,0.809372,-0.587297,36.0,11.0,4.0,0.454073,47.39722222222223,3.0,10.0
1616854118.0,338193601.0,37.845537,-122.472651,6.52446,-0.474201,0.880417,36.0,0.0,0.0,0.499039,1616854118.0,338210142.0,37.819642,-122.467084,7.962731,-0.366824,-0.93029,37.0,14.0,0.0,0.457636,1616854118.0,338303852.0,37.828856,-122.445718,8.608961,-0.3658,-0.930694,37.0,10.0,4.0,0.47983,1616854118.0,338310102.0,37.837713,-122.456202,7.742914,-0.384666,0.923056,36.0,12.0,4.0,0.463867,1616854118.0,338348843.0,37.815747,-122.463467,7.883659,-0.393201,-0.919453,36.0,11.0,4.0,0.449074,1616854118.0,351249000.0,37.807598,-122.499915,10.633387,0.791418,0.611276,70.0,336.0,45.0,0.434573,1616854118.0,368124230.0,37.833661,-122.469618,1.32768,0.488855,0.872365,36.0,14.0,3.0,0.407486,1616854118.0,369199000.0,37.829366,-122.456209,5.034581,0.810266,-0.586063,36.0,11.0,4.0,0.44977,47.394444444444446,3.0,10.0
1616854119.0,338193601.0,37.845564,-122.472669,6.540074,-0.470311,0.882501,36.0,0.0,0.0,0.494562,1616854119.0,338210142.0,37.819608,-122.467101,7.964686,-0.366549,-0.930399,37.0,14.0,0.0,0.453376,1616854119.0,338303852.0,37.828819,-122.445737,8.593864,-0.357431,-0.93394,37.0,10.0,4.0,0.475244,1616854119.0,338310102.0,37.837746,-122.456219,7.750681,-0.38687,0.922134,36.0,12.0,4.0,0.459252,1616854119.0,338348843.0,37.815714,-122.463485,7.904159,-0.389789,-0.920904,36.0,11.0,4.0,0.444219,1616854119.0,351249000.0,37.807628,-122.499865,10.619922,0.791064,0.611734,70.0,336.0,45.0,0.430167,1616854119.0,368124230.0,37.833667,-122.469614,1.325949,0.492401,0.870369,36.0,14.0,3.0,0.404143,1616854119.0,369199000.0,37.829353,-122.456185,5.034061,0.811136,-0.584858,36.0,11.0,4.0,0.445466,47.391666666666666,3.0,10.0
1616854120.0,338193601.0,37.84559,-122.472687,6.555538,-0.466479,0.884532,36.0,0.0,0.0,0.490076,1616854120.0,338210142.0,37.819573,-122.467118,7.966735,-0.36625,-0.930516,37.0,14.0,0.0,0.449114,1616854120.0,338303852.0,37.828782,-122.445755,8.579619,-0.349117,-0.937079,37.0,10.0,4.0,0.470663,1616854120.0,338310102.0,37.837779,-122.456237,7.758074,-0.388962,0.921254,36.0,12.0,4.0,0.454632,1616854120.0,338348843.0,37.81568,-122.463503,7.924998,-0.386262,-0.922389,36.0,11.0,4.0,0.439355,1616854120.0,351249000.0,37.807658,-122.499816,10.605783,0.79072,0.612178,70.0,336.0,45.0,0.425767,1616854120.0,368124230.0,37.833672,-122.46961,1.324434,0.495709,0.868489,36.0,14.0,3.0,0.400806,1616854120.0,369199000.0,37.829339,-122.456161,5.033547,0.811983,-0.583682,36.0,11.0,4.0,0.441161,47.388888888888886,3.0,10.0
1616854121.0,338193601.0,37.845617,-122.472705,6.570847,-0.462705,0.886512,36.0,0.0,0.0,0.485582,1616854121.0,338210142.0,37.819539,-122.467136,7.968878,-0.365928,-0.930643,37.0,14.0,0.0,0.444852,1616854121.0,338303852.0,37.828745,-122.445772,8.566202,-0.34086,-0.940114,37.0,10.0,4.0,0.466087,1616854121.0,338310102.0,37.837812,-122.456255,7.765086,-0.390942,0.920415,36.0,12.0,4.0,0.450006,1616854121.0,338348843.0,37.815646,-122.463521,7.946188,-0.382623,-0.923905,36.0,11.0,4.0,0.434484,1616854121.0,351249000.0,37.807688,-122.499767,10.59097,0.790388,0.612607,70.0,336.0,45.0,0.421374,1616854121.0,368124230.0,37.833677,-122.469607,1.32313,0.498778,0.86673,36.0,14.0,3.0,0.397475,1616854121.0,369199000.0,37.829325,-122.456137,5.033039,0.812806,-0.582535,36.0,11.0,4.0,0.436855,47.38611111111111,3.0,10.0
1616854122.0,338193601.0,37.845644,-122.472723,6.585995,-0.458988,0.888442,36.0,0.0,0.0,0.481079,1616854122.0,338210142.0,37.819505,-122.467153,7.971115,-0.365582,-0.930779,37.0,14.0,0.0,0.440588,1616854122.0,338303852.0,37.828707,-122.445789,8.553589,-0.332666,-0.943045,37.0,10.0,4.0,0.461514,1616854122.0,338310102.0,37.837845,-122.456272,7.771712,-0.392811,0.919619,36.0,12.0,4.0,0.445375,1616854122.0,338348843.0,37.815612,-122.463539,7.967739,-0.37887,-0.92545,36.0,11.0,4.0,0.429604,1616854122.0,351249000.0,37.807718,-122.499718,10.575483,0.790066,0.613022,70.0,336.0,45.0,0.416987,1616854122.0,368124230.0,37.833683,-122.469603,1.322032,0.501608,0.865095,36.0,14.0,3.0,0.394148,1616854122.0,369199000.0,37.829312,-122.456113,5.032535,0.813605,-0.581418,36.0,11.0,4.0,0.432549,47.38333333333333,3.0,10.0
1616854123.0,338193601.0,37.845671,-122.472741,6.600977,-0.455329,0.890323,36.0,0.0,0.0,0.476567,1616854123.0,338210142.0,37.81947,-122.46717,7.973447,-0.365213,-0.930924,37.0,14.0,0.0,0.436324,1616854123.0,338303852.0,37.82867,-122.445806,8.541756,-0.324536,-0.945873,37.0,10.0,4.0,0.456945,1616854123.0,338310102.0,37.837878,-122.45629,7.777947,-0.39457,0.918866,36.0,12.0,4.0,0.440739,1616854123.0,338348843.0,37.815578,-122.463557,7.989665,-0.375006,-0.927022,36.0,11.0,4.0,0.424717,1616854123.0,351249000.0,37.807748,-122.499669,10.55932,0.789755,0.613422,70.0,336.0,45.0,0.412608,1616854123.0,368124230.0,37.833688,-122.469599,1.321139,0.504198,0.863588,36.0,14.0,3.0,0.390826,1616854123.0,369199000.0,37.829298,-122.456089,5.032036,0.814382,-0.58033,36.0,11.0,4.0,0.428241,47.38055555555555,3.0,10.0
1616854124.0,338193601.0,37.845698,-122.472758,6.615787,-0.451727,0.892156,36.0,0.0,0.0,0.472047,1616854124.0,338210142.0,37.819436,-122.467187,7.975874,-0.36482,-0.931078,37.0,14.0,0.0,0.432059,1616854124.0,338303852.0,37.828633,-122.445822,8.530679,-0.316475,-0.948601,37.0,10.0,4.0,0.452379,1616854124.0,338310102.0,37.837911,-122.456308,7.783783,-0.396219,0.918156,36.0,12.0,4.0,0.436099,1616854124.0,338348843.0,37.815544,-122.463574,8.011977,-0.371031,-0.92862,36.0,11.0,4.0,0.419821,1616854124.0,351249000.0,37.807778,-122.49962,10.542482,0.789455,0.613809,70.0,336.0,45.0,0.408235,1616854124.0,368124230.0,37.833693,-122.469595,1.320446,0.506548,0.862212,36.0,14.0,3.0,0.387508,1616854124.0,369199000.0,37.829285,-122.456065,5.031541,0.815135,-0.579272,36.0,11.0,4.0,0.423933,47.37777777777778,3.0,10.0
1616854125.0,338193601.0,37.845726,-122.472776,6.630422,-0.448181,0.893943,36.0,0.0,0.0,0.467519,1616854125.0,338210142.0,37.819402,-122.467204,7.978396,-0.364404,-0.931241,37.0,14.0,0.0,0.427794,1616854125.0,338303852.0,37.828595,-122.445838,8.520335,-0.308487,-0.951229,37.0,10.0,4.0,0.447816,1616854125.0,338310102.0,37.837944,-122.456326,7.789218,-0.39776,0.917489,36.0,12.0,4.0,0.431455,1616854125.0,338348843.0,37.815509,-122.463592,8.034689,-0.366946,-0.930242,36.0,11.0,4.0,0.414918,1616854125.0,351249000.0,37.807808,-122.499571,10.524969,0.789166,0.614181,70.0,336.0,45.0,0.40387,1616854125.0,368124230.0,37.833698,-122.469591,1.319951,0.508657,0.860969,36.0,14.0,3.0,0.384194,1616854125.0,369199000.0,37.829271,-122.456041,5.031048,0.815865,-0.578243,36.0,11.0,4.0,0.419624,47.375,3.0,10.0
1616854126.0,338193601.0,37.845753,-122.472793,6.644874,-0.444692,0.895684,36.0,0.0,0.0,0.462983,1616854126.0,338210142.0,37.819367,-122.467221,7.981013,-0.363964,-0.931413,37.0,14.0,0.0,0.423527,1616854126.0,338303852.0,37.828558,-122.445853,8.510698,-0.300573,-0.953759,37.0,10.0,4.0,0.443255,1616854126.0,338310102.0,37.837977,-122.456345,7.794247,-0.399193,0.916867,36.0,12.0,4.0,0.426808,1616854126.0,338348843.0,37.815475,-122.463609,8.057814,-0.362752,-0.931886,36.0,11.0,4.0,0.410006,1616854126.0,351249000.0,37.807838,-122.499523,10.506779,0.788887,0.614538,70.0,336.0,45.0,0.399512,1616854126.0,368124230.0,37.833704,-122.469587,1.31965,0.510525,0.859863,36.0,14.0,3.0,0.380883,1616854126.0,369199000.0,37.829258,-122.456017,5.030557,0.816572,-0.577244,36.0,11.0,4.0,0.415314,47.37222222222222,3.0,10.0
1616854127.0,338193601.0,37.845781,-122.47281,6.659141,-0.441258,0.89738,36.0,0.0,0.0,0.458439,1616854127.0,338210142.0,37.819333,-122.467238,7.983725,-0.3635,-0.931594,37.0,14.0,0.0,0.419259,1616854127.0,338303852.0,37.82852,-122.445868,8.501746,-0.292737,-0.956193,37.0,10.0,4.0,0.438697,1616854127.0,338310102.0,37.838011,-122.456363,7.798864,-0.400519,0.916288,36.0,12.0,4.0,0.422156,1616854127.0,338348843.0,37.81544,-122.463626,8.081364,-0.35845,-0.933549,36.0,11.0,4.0,0.405088,1616854127.0,351249000.0,37.807868,-122.499474,10.487914,0.788619,0.614882,70.0,336.0,45.0,0.395163,1616854127.0,368124230.0,37.833709,-122.469583,1.319542,0.512152,0.858895,36.0,14.0,3.0,0.377575,1616854127.0,369199000.0,37.829244,-122.455993,5.030067,0.817256,-0.576275,36.0,11.0,4.0,0.411004,47.36944444444445,3.0,10.0
1616854128.0,338193601.0,37.845808,-122.472828,6.673217,-0.437881,0.899033,36.0,0.0,0.0,0.453886,1616854128.0,338210142.0,37.819299,-122.467255,7.986534,-0.363014,-0.931784,37.0,14.0,0.0,0.41499,1616854128.0,338303852.0,37.828483,-122.445883,8.493455,-0.284982,-0.958533,37.0,10.0,4.0,0.434142,1616854128.0,338310102.0,37.838044,-122.456381,7.803067,-0.401738,0.915755,36.0,12.0,4.0,0.417502,1616854128.0,338348843.0,37.815405,-122.463643,8.105353,-0.354041,-0.93523,36.0,11.0,4.0,0.400161,1616854128.0,351249000.0,37.807898,-122.499426,10.468372,0.788362,0.615211,70.0,336.0,45.0,0.390821,1616854128.0,368124230.0,37.833714,-122.469579,1.319624,0.513538,0.858067,36.0,14.0,3.0,0.37427,1616854128.0,369199000.0,37.829231,-122.455969,5.029578,0.817917,-0.575336,36.0,11.0,4.0,0.406693,47.36666666666667,3.0,10.0
1616854129.0,338193601.0,37.845836,-122.472845,6.687098,-0.434558,0.900644,36.0,0.0,0.0,0.449326,1616854129.0,338210142.0,37.819264,-122.467272,7.989438,-0.362504,-0.931982,37.0,14.0,0.0,0.410721,1616854129.0,338303852.0,37.828445,-122.445897,8.485801,-0.277311,-0.96078,37.0,10.0,4.0,0.429588,1616854129.0,338310102.0,37.838077,-122.456399,7.806852,-0.402851,0.915266,36.0,12.0,4.0,0.412846,1616854129.0,338348843.0,37.81537,-122.46366,8.129463,-0.349578,-0.936907,36.0,11.0,4.0,0.395227,1616854129.0,351249000.0,37.807927,-122.499378,10.448153,0.788116,0.615526,70.0,336.0,45.0,0.386488,1616854129.0,368124230.0,37.833719,-122.469575,1.319894,0.514683,0.857381,36.0,14.0,3.0,0.370967,1616854129.0,369199000.0,37.829218,-122.455945,5.029088,0.818556,-0.574427,36.0,11.0,4.0,0.402382,47.36388888888889,3.0,10.0
1616854130.0,338193601.0,37.845864,-122.472862,6.700779,-0.43129,0.902213,36.0,0.0,0.0,0.444759,1616854130.0,338210142.0,37.81923,-122.467289,7.99244,-0.36197,-0.93219,37.0,14.0,0.0,0.40645,1616854130.0,338303852.0,37.828407,-122.445911,8.478761,-0.269726,-0.962937,37.0,10.0,4.0,0.425035,1616854130.0,338310102.0,37.83811,-122.456418,7.810216,-0.403858,0.914822,36.0,12.0,4.0,0.408187,1616854130.0,338348843.0,37.815335,-122.463677,8.15237,-0.345267,-0.938504,36.0,11.0,4.0,0.390286,1616854130.0,351249000.0,37.807957,-122.499329,10.427258,0.787881,0.615827,70.0,336.0,45.0,0.382164,1616854130.0,368124230.0,37.833725,-122.469571,1.320352,0.515588,0.856837,36.0,14.0,3.0,0.367665,1616854130.0,369199000.0,37.829204,-122.45592,5.028598,0.819172,-0.573548,36.0,11.0,4.0,0.39807,47.36111111111112,3.0,10.0
1616854131.0,338193601.0,37.845892,-122.472879,6.714256,-0.428077,0.903742,36.0,0.0,0.0,0.440184,1616854131.0,338210142.0,37.819195,-122.467306,7.995538,-0.361413,-0.932406,37.0,14.0,0.0,0.402178,1616854131.0,338303852.0,37.828369,-122.445924,8.472312,-0.262231,-0.965005,37.0,10.0,4.0,0.420485,1616854131.0,338310102.0,37.838143,-122.456436,7.813155,-0.40476,0.914423,36.0,12.0,4.0,0.403526,1616854131.0,338348843.0,37.815299,-122.463693,8.17372,-0.341158,-0.940006,36.0,11.0,4.0,0.385339,1616854131.0,351249000.0,37.807987,-122.499281,10.405685,0.787657,0.616114,70.0,336.0,45.0,0.377849,1616854131.0,368124230.0,37.83373,-122.469567,1.320995,0.516252,0.856437,36.0,14.0,3.0,0.364365,1616854131.0,369199000.0,37.829191,-122.455896,5.028107,0.819765,-0.5727,36.0,11.0,4.0,0.393757,47.35833333333333,3.0,10.0
1616854132.0,338193601.0,37.84592,-122.472896,6.727525,-0.424918,0.905232,36.0,0.0,0.0,0.435601,1616854132.0,338210142.0,37.819161,-122.467323,7.998733,-0.360833,-0.93263,37.0,14.0,0.0,0.397904,1616854132.0,338303852.0,37.828332,-122.445937,8.466431,-0.254827,-0.966987,37.0,10.0,4.0,0.415935,1616854132.0,338310102.0,37.838176,-122.456455,7.815666,-0.405558,0.914069,36.0,12.0,4.0,0.398863,1616854132.0,338348843.0,37.815264,-122.463709,8.193492,-0.337248,-0.941416,36.0,11.0,4.0,0.380386,1616854132.0,351249000.0,37.808017,-122.499233,10.383435,0.787444,0.616386,70.0,336.0,45.0,0.373543,1616854132.0,368124230.0,37.833735,-122.469563,1.321824,0.516676,0.856181,36.0,14.0,3.0,0.361066,1616854132.0,369199000.0,37.829178,-122.455872,5.027614,0.820337,-0.571881,36.0,11.0,4.0,0.389444,47.355555555555554,3.0,10.0
1616854133.0,338193601.0,37.845948,-122.472912,6.740581,-0.421813,0.906683,36.0,0.0,0.0,0.431011,1616854133.0,338210142.0,37.819126,-122.46734,8.002026,-0.36023,-0.932864,37.0,14.0,0.0,0.39363,1616854133.0,338303852.0,37.828294,-122.44595,8.461095,-0.247517,-0.968883,37.0,10.0,4.0,0.411386,1616854133.0,338310102.0,37.838209,-122.456473,7.817749,-0.406251,0.913762,36.0,12.0,4.0,0.394199,1616854133.0,338348843.0,37.815228,-122.463726,8.211663,-0.333533,-0.942738,36.0,11.0,4.0,0.375429,1616854133.0,351249000.0,37.808046,-122.499185,10.360508,0.787242,0.616644,70.0,336.0,45.0,0.369246,1616854133.0,368124230.0,37.83374,-122.469559,1.322837,0.516862,0.856069,36.0,14.0,3.0,0.357767,1616854133.0,369199000.0,37.829164,-122.455848,5.027118,0.820885,-0.571093,36.0,11.0,4.0,0.385131,47.352777777777774,3.0,10.0
1616854134.0,338193601.0,37.845977,-122.472929,6.75342,-0.418762,0.908096,36.0,0.0,0.0,0.426415,1616854134.0,338210142.0,37.819092,-122.467356,8.005417,-0.359603,-0.933105,37.0,14.0,0.0,0.389354,1616854134.0,338303852.0,37.828256,-122.445962,8.456281,-0.240304,-0.970698,37.0,10.0,4.0,0.406838,1616854134.0,338310102.0,37.838242,-122.456492,7.8194,-0.40684,0.913499,36.0,12.0,4.0,0.389534,1616854134.0,338348843.0,37.815192,-122.463742,8.228215,-0.330011,-0.943977,36.0,11.0,4.0,0.370468,1616854134.0,351249000.0,37.808076,-122.499138,10.336903,0.787051,0.616887,70.0,336.0,45.0,0.364959,1616854134.0,368124230.0,37.833746,-122.469555,1.324034,0.516808,0.856101,36.0,14.0,3.0,0.354467,1616854134.0,369199000.0,37.829151,-122.455824,5.026619,0.821412,-0.570335,36.0,11.0,4.0,0.380817,47.35,3.0,10.0
1616854135.0,338193601.0,37.846005,-122.472946,6.766039,-0.415763,0.909473,36.0,0.0,0.0,0.421811,1616854135.0,338210142.0,37.819057,-122.467373,8.008906,-0.358953,-0.933356,37.0,14.0,0.0,0.385077,1616854135.0,338303852.0,37.828218,-122.445974,8.451968,-0.233188,-0.972432,37.0,10.0,4.0,0.402291,1616854135.0,338310102.0,37.838275,-122.456511,7.820618,-0.407325,0.913283,36.0,12.0,4.0,0.384869,1616854135.0,338348843.0,37.815156,-122.463758,8.243128,-0.32668,-0.945135,36.0,11.0,4.0,0.365504,1616854135.0,351249000.0,37.808105,-122.49909,10.31262,0.786872,0.617117,70.0,336.0,45.0,0.360683,1616854135.0,368124230.0,37.833751,-122.469551,1.325416,0.516516,0.856277,36.0,14.0,3.0,0.351168,1616854135.0,369199000.0,37.829138,-122.4558,5.026117,0.821917,-0.569608,36.0,11.0,4.0,0.376503,47.34722222222222,3.0,10.0
1616854136.0,338193601.0,37.846033,-122.472962,6.778434,-0.412818,0.910814,36.0,0.0,0.0,0.4172,1616854136.0,338210142.0,37.819023,-122.46739,8.012495,-0.35828,-0.933614,37.0,14.0,0.0,0.380799,1616854136.0,338303852.0,37.82818,-122.445986,8.448133,-0.226173,-0.974087,37.0,10.0,4.0,0.397744,1616854136.0,338310102.0,37.838308,-122.456529,7.821402,-0.407706,0.913113,36.0,12.0,4.0,0.380203,1616854136.0,338348843.0,37.81512,-122.463773,8.256386,-0.323537,-0.946216,36.0,11.0,4.0,0.360538,1616854136.0,351249000.0,37.808135,-122.499042,10.287659,0.786703,0.617332,70.0,336.0,45.0,0.356416,1616854136.0,368124230.0,37.833756,-122.469547,1.326982,0.515987,0.856596,36.0,14.0,3.0,0.347867,1616854136.0,369199000.0,37.829124,-122.455775,5.02561,0.822399,-0.568911,36.0,11.0,4.0,0.372189,47.34444444444444,3.0,10.0
1616854137.0,338193601.0,37.846062,-122.472978,6.790601,-0.409925,0.912119,36.0,0.0,0.0,0.412583,1616854137.0,338210142.0,37.818988,-122.467407,8.016182,-0.357583,-0.933881,37.0,14.0,0.0,0.376519,1616854137.0,338303852.0,37.828142,-122.445997,8.444753,-0.21926,-0.975666,37.0,10.0,4.0,0.393198,1616854137.0,338310102.0,37.838341,-122.456548,7.82175,-0.407984,0.912989,36.0,12.0,4.0,0.375537,1616854137.0,338348843.0,37.815084,-122.463789,8.267973,-0.320579,-0.947222,36.0,11.0,4.0,0.355571,1616854137.0,351249000.0,37.808164,-122.498995,10.26202,0.786546,0.617532,70.0,336.0,45.0,0.352161,1616854137.0,368124230.0,37.833761,-122.469543,1.328734,0.515221,0.857057,36.0,14.0,3.0,0.344565,1616854137.0,369199000.0,37.829111,-122.455751,5.025099,0.822859,-0.568245,36.0,11.0,4.0,0.367874,47.34166666666667,3.0,10.0
1616854138.0,338193601.0,37.846091,-122.472995,6.802536,-0.407084,0.913391,36.0,0.0,0.0,0.40796,1616854138.0,338210142.0,37.818953,-122.467424,8.019969,-0.356864,-0.934156,37.0,14.0,0.0,0.372238,1616854138.0,338303852.0,37.828104,-122.446008,8.441809,-0.212451,-0.977172,37.0,10.0,4.0,0.388651,1616854138.0,338310102.0,37.838374,-122.456567,7.821661,-0.408159,0.912911,36.0,12.0,4.0,0.370872,1616854138.0,338348843.0,37.815048,-122.463805,8.277873,-0.317806,-0.948156,36.0,11.0,4.0,0.350604,1616854138.0,351249000.0,37.808193,-122.498948,10.235702,0.7864,0.617718,70.0,336.0,45.0,0.347916,1616854138.0,368124230.0,37.833767,-122.469539,1.330672,0.51422,0.857659,36.0,14.0,3.0,0.341261,1616854138.0,369199000.0,37.829098,-122.455727,5.024583,0.823298,-0.56761,36.0,11.0,4.0,0.363559,47.33888888888889,3.0,10.0
1616854139.0,338193601.0,37.846119,-122.473011,6.814237,-0.404294,0.914629,36.0,0.0,0.0,0.403329,1616854139.0,338210142.0,37.818919,-122.467441,8.023857,-0.356122,-0.93444,37.0,14.0,0.0,0.367956,1616854139.0,338303852.0,37.828065,-122.446018,8.439277,-0.205748,-0.978605,37.0,10.0,4.0,0.384104,1616854139.0,338310102.0,37.838407,-122.456585,7.821136,-0.40823,0.912879,36.0,12.0,4.0,0.366208,1616854139.0,338348843.0,37.815012,-122.46382,8.286072,-0.315215,-0.94902,36.0,11.0,4.0,0.345638,1616854139.0,351249000.0,37.808223,-122.498901,10.208706,0.786265,0.617889,70.0,336.0,45.0,0.343682,1616854139.0,368124230.0,37.833772,-122.469535,1.332798,0.512983,0.858399,36.0,14.0,3.0,0.337954,1616854139.0,369199000.0,37.829085,-122.455703,5.024062,0.823714,-0.567005,36.0,11.0,4.0,0.359244,47.33611111111111,3.0,10.0
1616854140.0,338193601.0,37.846148,-122.473027,6.825698,-0.401556,0.915834,36.0,0.0,0.0,0.398693,1616854140.0,338210142.0,37.818884,-122.467457,8.027845,-0.355356,-0.934731,37.0,14.0,0.0,0.363672,1616854140.0,338303852.0,37.828027,-122.446028,8.437138,-0.199152,-0.979969,37.0,10.0,4.0,0.379557,1616854140.0,338310102.0,37.83844,-122.456604,7.820173,-0.408198,0.912893,36.0,12.0,4.0,0.361544,1616854140.0,338348843.0,37.814975,-122.463835,8.292558,-0.312804,-0.949818,36.0,11.0,4.0,0.340673,1616854140.0,351249000.0,37.808252,-122.498854,10.181032,0.786142,0.618045,70.0,336.0,45.0,0.339459,1616854140.0,368124230.0,37.833777,-122.469531,1.335113,0.511513,0.859275,36.0,14.0,3.0,0.334645,1616854140.0,369199000.0,37.829072,-122.455679,5.023535,0.824109,-0.566431,36.0,11.0,4.0,0.354929,47.333333333333336,3.0,10.0
1616854141.0,338193601.0,37.846177,-122.473043,6.836918,-0.398869,0.917008,36.0,0.0,0.0,0.394051,1616854141.0,338210142.0,37.818849,-122.467474,8.031934,-0.354568,-0.93503,37.0,14.0,0.0,0.359386,1616854141.0,338303852.0,37.827989,-122.446038,8.435371,-0.192664,-0.981265,37.0,10.0,4.0,0.37501,1616854141.0,338310102.0,37.838473,-122.456623,7.818774,-0.408063,0.912954,36.0,12.0,4.0,0.356882,1616854141.0,338348843.0,37.814939,-122.46385,8.297318,-0.310573,-0.95055,36.0,11.0,4.0,0.335711,1616854141.0,351249000.0,37.808281,-122.498807,10.152679,0.786031,0.618187,70.0,336.0,45.0,0.335248,1616854141.0,368124230.0,37.833783,-122.469527,1.337619,0.50981,0.860287,36.0,14.0,3.0,0.331332,1616854141.0,369199000.0,37.829059,-122.455654,5.023001,0.824482,-0.565888,36.0,11.0,4.0,0.350614,47.33055555555556,3.0,10.0
1616854142.0,338193601.0,37.846206,-122.473059,6.847892,-0.396233,0.91815,36.0,0.0,0.0,0.389403,1616854142.0,338210142.0,37.818814,-122.467491,8.036125,-0.353756,-0.935338,37.0,14.0,0.0,0.355099,1616854142.0,338303852.0,37.827951,-122.446048,8.433955,-0.186287,-0.982495,37.0,10.0,4.0,0.370463,1616854142.0,338310102.0,37.838506,-122.456642,7.816938,-0.407824,0.913061,36.0,12.0,4.0,0.352222,1616854142.0,338348843.0,37.814902,-122.463866,8.300342,-0.308519,-0.951218,36.0,11.0,4.0,0.330753,1616854142.0,351249000.0,37.80831,-122.49876,10.123912,0.785927,0.618319,70.0,336.0,45.0,0.33105,1616854142.0,368124230.0,37.833788,-122.469523,1.340318,0.507876,0.86143,36.0,14.0,3.0,0.328016,1616854142.0,369199000.0,37.829045,-122.45563,5.022461,0.824834,-0.565375,36.0,11.0,4.0,0.346298,47.327777777777776,3.0,10.0
1616854143.0,338193601.0,37.846235,-122.473075,6.858618,-0.393647,0.919262,36.0,0.0,0.0,0.384749,1616854143.0,338210142.0,37.81878,-122.467507,8.040418,-0.352922,-0.935653,37.0,14.0,0.0,0.350811,1616854143.0,338303852.0,37.827912,-122.446057,8.43287,-0.180021,-0.983663,37.0,10.0,4.0,0.365914,1616854143.0,338310102.0,37.838539,-122.45666,7.814665,-0.407481,0.913214,36.0,12.0,4.0,0.347564,1616854143.0,338348843.0,37.814866,-122.463881,8.301619,-0.306642,-0.951825,36.0,11.0,4.0,0.325799,1616854143.0,351249000.0,37.808339,-122.498713,10.095792,0.785815,0.618461,70.0,336.0,45.0,0.326863,1616854143.0,368124230.0,37.833793,-122.469519,1.343213,0.505712,0.862703,36.0,14.0,3.0,0.324694,1616854143.0,369199000.0,37.829032,-122.455606,5.021914,0.825164,-0.564894,36.0,11.0,4.0,0.341983,47.325,3.0,10.0
1616854144.0,338193601.0,37.846264,-122.473091,6.869093,-0.391111,0.920343,36.0,0.0,0.0,0.380089,1616854144.0,338210142.0,37.818745,-122.467524,8.044813,-0.352065,-0.935976,37.0,14.0,0.0,0.34652,1616854144.0,338303852.0,37.827874,-122.446066,8.432097,-0.173867,-0.984769,37.0,10.0,4.0,0.361365,1616854144.0,338310102.0,37.838572,-122.456679,7.811958,-0.407035,0.913413,36.0,12.0,4.0,0.342908,1616854144.0,338348843.0,37.814829,-122.463895,8.301141,-0.30494,-0.952372,36.0,11.0,4.0,0.32085,1616854144.0,351249000.0,37.808368,-122.498667,10.068585,0.785691,0.618619,70.0,336.0,45.0,0.322688,1616854144.0,368124230.0,37.833799,-122.469515,1.346306,0.503319,0.864101,36.0,14.0,3.0,0.321368,1616854144.0,369199000.0,37.829019,-122.455582,5.021359,0.825472,-0.564444,36.0,11.0,4.0,0.337667,47.32222222222222,3.0,10.0
1616854145.0,338193601.0,37.846294,-122.473107,6.879313,-0.388625,0.921396,36.0,0.0,0.0,0.375424,1616854145.0,338210142.0,37.81871,-122.46754,8.049312,-0.351185,-0.936306,37.0,14.0,0.0,0.342228,1616854145.0,338303852.0,37.827836,-122.446075,8.431615,-0.167828,-0.985816,37.0,10.0,4.0,0.356816,1616854145.0,338310102.0,37.838605,-122.456697,7.808817,-0.406485,0.913658,36.0,12.0,4.0,0.338255,1616854145.0,338348843.0,37.814793,-122.46391,8.298898,-0.303414,-0.952859,36.0,11.0,4.0,0.315908,1616854145.0,351249000.0,37.808397,-122.498621,10.042291,0.785555,0.618792,70.0,336.0,45.0,0.318524,1616854145.0,368124230.0,37.833804,-122.469511,1.349601,0.500699,0.865622,36.0,14.0,3.0,0.318037,1616854145.0,369199000.0,37.829006,-122.455557,5.020797,0.825758,-0.564024,36.0,11.0,4.0,0.333352,47.31944444444444,3.0,10.0
1616854146.0,338193601.0,37.846323,-122.473122,6.889275,-0.386188,0.92242,36.0,0.0,0.0,0.370754,1616854146.0,338210142.0,37.818675,-122.467557,8.053915,-0.350283,-0.936644,37.0,14.0,0.0,0.337934,1616854146.0,338303852.0,37.827797,-122.446083,8.431407,-0.161903,-0.986807,37.0,10.0,4.0,0.352265,1616854146.0,338310102.0,37.838638,-122.456716,7.805245,-0.40583,0.913949,36.0,12.0,4.0,0.333605,1616854146.0,338348843.0,37.814756,-122.463925,8.294885,-0.302062,-0.953288,36.0,11.0,4.0,0.310973,1616854146.0,351249000.0,37.808425,-122.498574,10.016911,0.785406,0.61898,70.0,336.0,45.0,0.314371,1616854146.0,368124230.0,37.833809,-122.469507,1.3531,0.497853,0.867262,36.0,14.0,3.0,0.314699,1616854146.0,369199000.0,37.828993,-122.455533,5.020227,0.826023,-0.563636,36.0,11.0,4.0,0.329037,47.31666666666666,3.0,10.0
1616854147.0,338193601.0,37.846352,-122.473138,6.898978,-0.3838,0.923416,36.0,0.0,0.0,0.366078,1616854147.0,338210142.0,37.81864,-122.467574,8.058622,-0.349357,-0.93699,37.0,14.0,0.0,0.333639,1616854147.0,338303852.0,37.827759,-122.446091,8.431453,-0.156093,-0.987742,37.0,10.0,4.0,0.347714,1616854147.0,338310102.0,37.838671,-122.456735,7.801242,-0.40507,0.914286,36.0,12.0,4.0,0.328958,1616854147.0,338348843.0,37.81472,-122.46394,8.289093,-0.300884,-0.953661,36.0,11.0,4.0,0.306046,1616854147.0,351249000.0,37.808454,-122.498528,9.992443,0.785246,0.619184,70.0,336.0,45.0,0.31023,1616854147.0,368124230.0,37.833815,-122.469503,1.356807,0.494783,0.869016,36.0,14.0,3.0,0.311355,1616854147.0,369199000.0,37.82898,-122.455509,5.019649,0.826267,-0.563278,36.0,11.0,4.0,0.324722,47.31388888888889,3.0,10.0
1616854148.0,338193601.0,37.846382,-122.473153,6.908417,-0.381461,0.924385,36.0,0.0,0.0,0.361398,1616854148.0,338210142.0,37.818605,-122.46759,8.063434,-0.348409,-0.937343,37.0,14.0,0.0,0.329342,1616854148.0,338303852.0,37.82772,-122.446099,8.431735,-0.1504,-0.988625,37.0,10.0,4.0,0.343161,1616854148.0,338310102.0,37.838704,-122.456753,7.796811,-0.404206,0.914668,36.0,12.0,4.0,0.324315,1616854148.0,338348843.0,37.814683,-122.463954,8.281518,-0.299879,-0.953977,36.0,11.0,4.0,0.301128,1616854148.0,351249000.0,37.808483,-122.498482,9.968889,0.785072,0.619404,70.0,336.0,45.0,0.306098,1616854148.0,368124230.0,37.83382,-122.469499,1.360726,0.491492,0.870882,36.0,14.0,3.0,0.308003,1616854148.0,369199000.0,37.828967,-122.455484,5.019062,0.826489,-0.562952,36.0,11.0,4.0,0.320407,47.31111111111111,3.0,10.0
1616854149.0,338193601.0,37.846411,-122.473169,6.91759,-0.37917,0.925327,36.0,0.0,0.0,0.356712,1616854149.0,338210142.0,37.81857,-122.467607,8.068351,-0.347438,-0.937703,37.0,14.0,0.0,0.325042,1616854149.0,338303852.0,37.827682,-122.446106,8.432236,-0.144824,-0.989457,37.0,10.0,4.0,0.338608,1616854149.0,338310102.0,37.838737,-122.456772,7.791954,-0.403235,0.915096,36.0,12.0,4.0,0.319676,1616854149.0,338348843.0,37.814646,-122.463969,8.272154,-0.299049,-0.954238,36.0,11.0,4.0,0.29622,1616854149.0,351249000.0,37.808511,-122.498437,9.946248,0.784887,0.619639,70.0,336.0,45.0,0.301977,1616854149.0,368124230.0,37.833826,-122.469495,1.364861,0.487981,0.872854,36.0,14.0,3.0,0.304644,1616854149.0,369199000.0,37.828954,-122.45546,5.018467,0.82669,-0.562657,36.0,11.0,4.0,0.316092,47.30833333333333,3.0,10.0
1616854150.0,338193601.0,37.846441,-122.473184,6.926495,-0.376927,0.926243,36.0,0.0,0.0,0.352022,1616854150.0,338210142.0,37.818535,-122.467623,8.073375,-0.346445,-0.93807,37.0,14.0,0.0,0.320741,1616854150.0,338303852.0,37.827643,-122.446113,8.432936,-0.139366,-0.990241,37.0,10.0,4.0,0.334053,1616854150.0,338310102.0,37.83877,-122.45679,7.786675,-0.402159,0.91557,36.0,12.0,4.0,0.315041,1616854150.0,338348843.0,37.81461,-122.463983,8.260999,-0.298393,-0.954443,36.0,11.0,4.0,0.291323,1616854150.0,351249000.0,37.80854,-122.498391,9.92452,0.784688,0.61989,70.0,336.0,45.0,0.297865,1616854150.0,368124230.0,37.833831,-122.469492,1.369216,0.484252,0.874929,36.0,14.0,3.0,0.301276,1616854150.0,369199000.0,37.828941,-122.455436,5.017863,0.82687,-0.562393,36.0,11.0,4.0,0.311778,47.30555555555556,3.0,10.0
1616854151.0,338193601.0,37.846471,-122.4732,6.935129,-0.374732,0.927133,36.0,0.0,0.0,0.347328,1616854151.0,338210142.0,37.8185,-122.467639,8.078505,-0.34543,-0.938445,37.0,14.0,0.0,0.316438,1616854151.0,338303852.0,37.827604,-122.44612,8.433821,-0.134027,-0.990978,37.0,10.0,4.0,0.329497,1616854151.0,338310102.0,37.838803,-122.456808,7.780977,-0.400976,0.916089,36.0,12.0,4.0,0.310411,1616854151.0,338348843.0,37.814573,-122.463998,8.248048,-0.297911,-0.954594,36.0,11.0,4.0,0.286438,1616854151.0,351249000.0,37.808568,-122.498345,9.903707,0.784478,0.620157,70.0,336.0,45.0,0.293762,1616854151.0,368124230.0,37.833837,-122.469488,1.373795,0.480308,0.8771,36.0,14.0,3.0,0.2979,1616854151.0,369199000.0,37.828928,-122.455411,5.017249,0.827028,-0.562161,36.0,11.0,4.0,0.307464,47.30277777777778,3.0,10.0
1616854152.0,338193601.0,37.8465,-122.473215,6.943489,-0.372585,0.927998,36.0,0.0,0.0,0.342629,1616854152.0,338210142.0,37.818465,-122.467656,8.083743,-0.344391,-0.938826,37.0,14.0,0.0,0.312133,1616854152.0,338303852.0,37.827566,-122.446127,8.434871,-0.128806,-0.99167,37.0,10.0,4.0,0.32494,1616854152.0,338310102.0,37.838836,-122.456827,7.774863,-0.399686,0.916652,36.0,12.0,4.0,0.305785,1616854152.0,338348843.0,37.814537,-122.464012,8.233299,-0.297604,-0.954689,36.0,11.0,4.0,0.281565,1616854152.0,351249000.0,37.808597,-122.4983,9.883807,0.784254,0.620439,70.0,336.0,45.0,0.289669,1616854152.0,368124230.0,37.833842,-122.469484,1.378603,0.476151,0.879364,36.0,14.0,3.0,0.294514,1616854152.0,369199000.0,37.828914,-122.455387,5.016627,0.827165,-0.56196,36.0,11.0,4.0,0.30315,47.3,3.0,10.0
1616854153.0,338193601.0,37.84653,-122.47323,6.951573,-0.370484,0.928839,36.0,0.0,0.0,0.337926,1616854153.0,338210142.0,37.81843,-122.467672,8.089088,-0.343331,-0.939215,37.0,14.0,0.0,0.307826,1616854153.0,338303852.0,37.827527,-122.446133,8.436072,-0.123705,-0.992319,37.0,10.0,4.0,0.320381,1616854153.0,338310102.0,37.838869,-122.456845,7.768337,-0.398288,0.917261,36.0,12.0,4.0,0.301165,1616854153.0,338348843.0,37.814501,-122.464026,8.216751,-0.297473,-0.95473,36.0,11.0,4.0,0.276706,1616854153.0,351249000.0,37.808625,-122.498254,9.864822,0.784019,0.620737,70.0,336.0,45.0,0.285583,1616854153.0,368124230.0,37.833848,-122.46948,1.383645,0.471783,0.881714,36.0,14.0,3.0,0.291117,1616854153.0,369199000.0,37.828901,-122.455363,5.015995,0.82728,-0.561789,36.0,11.0,4.0,0.298836,47.297222222222224,3.0,10.0
1616854154.0,338193601.0,37.84656,-122.473245,6.959379,-0.36843,0.929655,36.0,0.0,0.0,0.333219,1616854154.0,338210142.0,37.818395,-122.467688,8.094543,-0.342248,-0.93961,37.0,14.0,0.0,0.303517,1616854154.0,338303852.0,37.827488,-122.446139,8.437407,-0.118725,-0.992927,37.0,10.0,4.0,0.315821,1616854154.0,338310102.0,37.838902,-122.456863,7.761402,-0.396781,0.917913,36.0,12.0,4.0,0.29655,1616854154.0,338348843.0,37.814464,-122.464041,8.198403,-0.297518,-0.954716,36.0,11.0,4.0,0.271861,1616854154.0,351249000.0,37.808653,-122.498209,9.846751,0.78377,0.621051,70.0,336.0,45.0,0.281507,1616854154.0,368124230.0,37.833854,-122.469476,1.388925,0.467209,0.884147,36.0,14.0,3.0,0.28771,1616854154.0,369199000.0,37.828888,-122.455339,5.015354,0.827374,-0.561651,36.0,11.0,4.0,0.294523,47.29444444444445,3.0,10.0
1616854155.0,338193601.0,37.84659,-122.47326,6.96695,-0.366417,0.930451,36.0,0.0,0.0,0.328508,1616854155.0,338210142.0,37.81836,-122.467704,8.100107,-0.341143,-0.940011,37.0,14.0,0.0,0.299205,1616854155.0,338303852.0,37.827449,-122.446145,8.43886,-0.113865,-0.993496,37.0,10.0,4.0,0.31126,1616854155.0,338310102.0,37.838935,-122.456881,7.754065,-0.395165,0.91861,36.0,12.0,4.0,0.29194,1616854155.0,338348843.0,37.814428,-122.464055,8.178256,-0.297742,-0.954646,36.0,11.0,4.0,0.267032,1616854155.0,351249000.0,37.808682,-122.498164,9.829595,0.783509,0.621381,70.0,336.0,45.0,0.277437,1616854155.0,368124230.0,37.833859,-122.469472,1.39445,0.46243,0.886656,36.0,14.0,3.0,0.284292,1616854155.0,369199000.0,37.828875,-122.455314,5.014703,0.827447,-0.561543,36.0,11.0,4.0,0.290211,47.29166666666666,3.0,10.0
1616854156.0,338193601.0,37.84662,-122.473275,6.974463,-0.364421,0.931234,36.0,0.0,0.0,0.323794,1616854156.0,338210142.0,37.818325,-122.467721,8.105781,-0.340016,-0.94042,37.0,14.0,0.0,0.294892,1616854156.0,338303852.0,37.827411,-122.446151,8.440416,-0.109125,-0.994028,37.0,10.0,4.0,0.306698,1616854156.0,338310102.0,37.838968,-122.456899,7.746328,-0.393439,0.919351,36.0,12.0,4.0,0.287337,1616854156.0,338348843.0,37.814392,-122.464069,8.15631,-0.298145,-0.95452,36.0,11.0,4.0,0.262219,1616854156.0,351249000.0,37.80871,-122.498119,9.813354,0.783235,0.621726,70.0,336.0,45.0,0.273376,1616854156.0,368124230.0,37.833865,-122.469469,1.400223,0.457449,0.889236,36.0,14.0,3.0,0.280861,1616854156.0,369199000.0,37.828862,-122.45529,5.014043,0.827499,-0.561467,36.0,11.0,4.0,0.285899,47.28888888888889,3.0,10.0
1616854157.0,338193601.0,37.84665,-122.47329,6.981964,-0.362434,0.932009,36.0,0.0,0.0,0.319075,1616854157.0,338210142.0,37.818289,-122.467737,8.111565,-0.338866,-0.940835,37.0,14.0,0.0,0.290576,1616854157.0,338303852.0,37.827372,-122.446156,8.442061,-0.104507,-0.994524,37.0,10.0,4.0,0.302134,1616854157.0,338310102.0,37.839001,-122.456917,7.738197,-0.391601,0.920135,36.0,12.0,4.0,0.28274,1616854157.0,338348843.0,37.814356,-122.464084,8.132568,-0.29873,-0.954338,36.0,11.0,4.0,0.257422,1616854157.0,351249000.0,37.808738,-122.498074,9.798028,0.782948,0.622087,70.0,336.0,45.0,0.269321,1616854157.0,368124230.0,37.833871,-122.469465,1.406251,0.452271,0.89188,36.0,14.0,3.0,0.277418,1616854157.0,369199000.0,37.828849,-122.455266,5.013373,0.827529,-0.561422,36.0,11.0,4.0,0.281587,47.28611111111111,3.0,10.0
1616854158.0,338193601.0,37.84668,-122.473305,6.989452,-0.360458,0.932775,36.0,0.0,0.0,0.314354,1616854158.0,338210142.0,37.818254,-122.467753,8.117461,-0.337695,-0.941256,37.0,14.0,0.0,0.286258,1616854158.0,338303852.0,37.827333,-122.446161,8.443779,-0.10001,-0.994986,37.0,10.0,4.0,0.297569,1616854158.0,338310102.0,37.839034,-122.456935,7.729679,-0.389652,0.920962,36.0,12.0,4.0,0.27815,1616854158.0,338348843.0,37.81432,-122.464098,8.107032,-0.299497,-0.954097,36.0,11.0,4.0,0.252644,1616854158.0,351249000.0,37.808766,-122.498029,9.783617,0.782649,0.622463,70.0,336.0,45.0,0.265273,1616854158.0,368124230.0,37.833877,-122.469461,1.412539,0.446899,0.894584,36.0,14.0,3.0,0.273961,1616854158.0,369199000.0,37.828836,-122.455241,5.012693,0.827539,-0.561409,36.0,11.0,4.0,0.277276,47.28333333333333,3.0,10.0
1616854159.0,338193601.0,37.84671,-122.473319,6.996926,-0.358493,0.933532,36.0,0.0,0.0,0.309628,1616854159.0,338210142.0,37.818219,-122.467769,8.12347,-0.336501,-0.941683,37.0,14.0,0.0,0.281938,1616854159.0,338303852.0,37.827294,-122.446166,8.445556,-0.095635,-0.995417,37.0,10.0,4.0,0.293002,1616854159.0,338310102.0,37.839067,-122.456952,7.720778,-0.38759,0.921832,36.0,12.0,4.0,0.273566,1616854159.0,338348843.0,37.814284,-122.464112,8.079706,-0.300449,-0.953798,36.0,11.0,4.0,0.247885,1616854159.0,351249000.0,37.808795,-122.497984,9.770122,0.782337,0.622855,70.0,336.0,45.0,0.261232,1616854159.0,368124230.0,37.833882,-122.469457,1.419093,0.441336,0.897342,36.0,14.0,3.0,0.27049,1616854159.0,369199000.0,37.828823,-122.455217,5.012003,0.827526,-0.561427,36.0,11.0,4.0,0.272966,47.28055555555556,3.0,10.0
1616854160.0,338193601.0,37.846741,-122.473334,7.004386,-0.356538,0.934281,36.0,0.0,0.0,0.304899,1616854160.0,338210142.0,37.818183,-122.467785,8.129591,-0.335286,-0.942117,37.0,14.0,0.0,0.277615,1616854160.0,338303852.0,37.827255,-122.446171,8.447379,-0.091381,-0.995816,37.0,10.0,4.0,0.288434,1616854160.0,338310102.0,37.8391,-122.45697,7.7115,-0.385414,0.922744,36.0,12.0,4.0,0.268989,1616854160.0,338348843.0,37.814249,-122.464126,8.050595,-0.301589,-0.953438,36.0,11.0,4.0,0.243145,1616854160.0,351249000.0,37.808823,-122.497939,9.757543,0.782013,0.623262,70.0,336.0,45.0,0.257196,1616854160.0,368124230.0,37.833888,-122.469454,1.425919,0.435587,0.900147,36.0,14.0,3.0,0.267004,1616854160.0,369199000.0,37.82881,-122.455193,5.011304,0.827493,-0.561476,36.0,11.0,4.0,0.268656,47.27777777777778,3.0,10.0
1616854161.0,338193601.0,37.846771,-122.473349,7.011832,-0.354593,0.935021,36.0,0.0,0.0,0.300166,1616854161.0,338210142.0,37.818148,-122.467801,8.135826,-0.334048,-0.942556,37.0,14.0,0.0,0.27329,1616854161.0,338303852.0,37.827216,-122.446175,8.449235,-0.087249,-0.996187,37.0,10.0,4.0,0.283865,1616854161.0,338310102.0,37.839133,-122.456987,7.701853,-0.383123,0.923697,36.0,12.0,4.0,0.26442,1616854161.0,338348843.0,37.814213,-122.46414,8.019704,-0.302919,-0.953016,36.0,11.0,4.0,0.238425,1616854161.0,351249000.0,37.808851,-122.497895,9.74588,0.781676,0.623685,70.0,336.0,45.0,0.253166,1616854161.0,368124230.0,37.833894,-122.46945,1.433022,0.429655,0.902993,36.0,14.0,3.0,0.263503,1616854161.0,369199000.0,37.828797,-122.455168,5.010595,0.827438,-0.561557,36.0,11.0,4.0,0.264347,47.275,3.0,10.0
1616854162.0,338193601.0,37.846801,-122.473363,7.019262,-0.352658,0.935752,36.0,0.0,0.0,0.29543,1616854162.0,338210142.0,37.818112,-122.467817,8.142175,-0.332789,-0.943001,37.0,14.0,0.0,0.268962,1616854162.0,338303852.0,37.827177,-122.44618,8.45111,-0.083239,-0.99653,37.0,10.0,4.0,0.279295,1616854162.0,338310102.0,37.839166,-122.457004,7.691843,-0.380716,0.924692,36.0,12.0,4.0,0.259858,1616854162.0,338348843.0,37.814178,-122.464155,7.98704,-0.304442,-0.952531,36.0,11.0,4.0,0.233727,1616854162.0,351249000.0,37.808879,-122.49785,9.735134,0.781326,0.624123,70.0,336.0,45.0,0.249142,1616854162.0,368124230.0,37.8339,-122.469446,1.440408,0.423545,0.905875,36.0,14.0,3.0,0.259986,1616854162.0,369199000.0,37.828784,-122.455144,5.009877,0.827362,-0.561669,36.0,11.0,4.0,0.260039,47.27222222222223,3.0,10.0
1616854163.0,338193601.0,37.846832,-122.473378,7.026678,-0.350733,0.936475,36.0,0.0,0.0,0.29069,1616854163.0,338210142.0,37.818077,-122.467833,8.14864,-0.331508,-0.943452,37.0,14.0,0.0,0.264632,1616854163.0,338303852.0,37.827138,-122.446184,8.452992,-0.079351,-0.996847,37.0,10.0,4.0,0.274723,1616854163.0,338310102.0,37.839199,-122.457022,7.681477,-0.378192,0.925727,36.0,12.0,4.0,0.255304,1616854163.0,338348843.0,37.814143,-122.464169,7.952611,-0.30616,-0.95198,36.0,11.0,4.0,0.229051,1616854163.0,351249000.0,37.808907,-122.497805,9.725305,0.780964,0.624576,70.0,336.0,45.0,0.245122,1616854163.0,368124230.0,37.833906,-122.469443,1.448085,0.417262,0.908786,36.0,14.0,3.0,0.256451,1616854163.0,369199000.0,37.828771,-122.45512,5.009149,0.827264,-0.561813,36.0,11.0,4.0,0.255731,47.269444444444446,3.0,10.0
1616854164.0,338193601.0,37.846862,-122.473392,7.034078,-0.348819,0.93719,36.0,0.0,0.0,0.285946,1616854164.0,338210142.0,37.818041,-122.467849,8.15522,-0.330206,-0.943909,37.0,14.0,0.0,0.260299,1616854164.0,338303852.0,37.827099,-122.446188,8.45487,-0.075585,-0.997139,37.0,10.0,4.0,0.27015,1616854164.0,338310102.0,37.839231,-122.457039,7.670763,-0.37555,0.926802,36.0,12.0,4.0,0.250757,1616854164.0,338348843.0,37.814108,-122.464183,7.916424,-0.308078,-0.951361,36.0,11.0,4.0,0.224397,1616854164.0,351249000.0,37.808935,-122.497761,9.716393,0.780589,0.625045,70.0,336.0,45.0,0.241107,1616854164.0,368124230.0,37.833912,-122.469439,1.456056,0.41081,0.911721,36.0,14.0,3.0,0.252899,1616854164.0,369199000.0,37.828758,-122.455096,5.008411,0.827145,-0.561988,36.0,11.0,4.0,0.251425,47.266666666666666,3.0,10.0
1616854165.0,338193601.0,37.846892,-122.473407,7.041461,-0.346915,0.937896,36.0,0.0,0.0,0.281199,1616854165.0,338210142.0,37.818006,-122.467864,8.161917,-0.328882,-0.944371,37.0,14.0,0.0,0.255964,1616854165.0,338303852.0,37.82706,-122.446191,8.45673,-0.071941,-0.997409,37.0,10.0,4.0,0.265575,1616854165.0,338310102.0,37.839264,-122.457055,7.659709,-0.372788,0.927917,36.0,12.0,4.0,0.24622,1616854165.0,338348843.0,37.814073,-122.464197,7.878491,-0.310199,-0.950672,36.0,11.0,4.0,0.219767,1616854165.0,351249000.0,37.808963,-122.497717,9.708398,0.780202,0.625528,70.0,336.0,45.0,0.237096,1616854165.0,368124230.0,37.833918,-122.469436,1.46433,0.404194,0.914673,36.0,14.0,3.0,0.249328,1616854165.0,369199000.0,37.828745,-122.455071,5.007664,0.827005,-0.562194,36.0,11.0,4.0,0.247119,47.263888888888886,3.0,10.0
1616854166.0,338193601.0,37.846923,-122.473421,7.048828,-0.345021,0.938595,36.0,0.0,0.0,0.276448,1616854166.0,338210142.0,37.81797,-122.46788,8.168712,-0.327538,-0.944838,37.0,14.0,0.0,0.251626,1616854166.0,338303852.0,37.827021,-122.446195,8.458562,-0.06842,-0.997657,37.0,10.0,4.0,0.261,1616854166.0,338310102.0,37.839297,-122.457072,7.648323,-0.369905,0.92907,36.0,12.0,4.0,0.24169,1616854166.0,338348843.0,37.814038,-122.464212,7.838822,-0.312527,-0.949909,36.0,11.0,4.0,0.215162,1616854166.0,351249000.0,37.808991,-122.497672,9.701322,0.779802,0.626026,70.0,336.0,45.0,0.233089,1616854166.0,368124230.0,37.833925,-122.469432,1.472912,0.39742,0.917637,36.0,14.0,3.0,0.245739,1616854166.0,369199000.0,37.828732,-122.455047,5.006908,0.826843,-0.562432,36.0,11.0,4.0,0.242814,47.26111111111111,3.0,10.0
1616854167.0,338193601.0,37.846954,-122.473435,7.056177,-0.343138,0.939285,36.0,0.0,0.0,0.271693,1616854167.0,338210142.0,37.817934,-122.467896,8.175523,-0.326184,-0.945306,37.0,14.0,0.0,0.247286,1616854167.0,338303852.0,37.826982,-122.446198,8.460354,-0.06502,-0.997884,37.0,10.0,4.0,0.256423,1616854167.0,338310102.0,37.83933,-122.457089,7.636613,-0.366899,0.930261,36.0,12.0,4.0,0.237169,1616854167.0,338348843.0,37.814004,-122.464226,7.797428,-0.315066,-0.94907,36.0,11.0,4.0,0.210581,1616854167.0,351249000.0,37.809019,-122.497628,9.695163,0.77939,0.626539,70.0,336.0,45.0,0.229085,1616854167.0,368124230.0,37.833931,-122.469429,1.481807,0.390493,0.920606,36.0,14.0,3.0,0.242129,1616854167.0,369199000.0,37.828719,-122.455023,5.006143,0.82666,-0.562702,36.0,11.0,4.0,0.23851,47.25833333333333,3.0,10.0
1616854168.0,338193601.0,37.846984,-122.473449,7.063509,-0.341264,0.939967,36.0,0.0,0.0,0.266935,1616854168.0,338210142.0,37.817899,-122.467911,8.182332,-0.32482,-0.945776,37.0,14.0,0.0,0.242942,1616854168.0,338303852.0,37.826943,-122.446202,8.462097,-0.061742,-0.998092,37.0,10.0,4.0,0.251845,1616854168.0,338310102.0,37.839363,-122.457105,7.62459,-0.36377,0.931489,36.0,12.0,4.0,0.232658,1616854168.0,338348843.0,37.813969,-122.464241,7.754324,-0.317821,-0.948151,36.0,11.0,4.0,0.206027,1616854168.0,351249000.0,37.809048,-122.497584,9.689923,0.778965,0.627067,70.0,336.0,45.0,0.225084,1616854168.0,368124230.0,37.833937,-122.469426,1.491023,0.383418,0.923575,36.0,14.0,3.0,0.238498,1616854168.0,369199000.0,37.828706,-122.454999,5.005369,0.826455,-0.563002,36.0,11.0,4.0,0.234207,47.25555555555555,3.0,10.0
1616854169.0,338193601.0,37.847015,-122.473464,7.070823,-0.339401,0.940642,36.0,0.0,0.0,0.262173,1616854169.0,338210142.0,37.817863,-122.467927,8.189139,-0.323447,-0.946246,37.0,14.0,0.0,0.238596,1616854169.0,338303852.0,37.826904,-122.446205,8.46378,-0.058586,-0.998282,37.0,10.0,4.0,0.247267,1616854169.0,338310102.0,37.839396,-122.457121,7.612262,-0.360516,0.932753,36.0,12.0,4.0,0.228155,1616854169.0,338348843.0,37.813935,-122.464255,7.709524,-0.320796,-0.947148,36.0,11.0,4.0,0.201498,1616854169.0,351249000.0,37.809076,-122.497539,9.685602,0.778529,0.627609,70.0,336.0,45.0,0.221087,1616854169.0,368124230.0,37.833944,-122.469422,1.500566,0.376201,0.926538,36.0,14.0,3.0,0.234846,1616854169.0,369199000.0,37.828693,-122.454974,5.004587,0.826229,-0.563335,36.0,11.0,4.0,0.229904,47.25277777777778,3.0,10.0
1616854170.0,338193601.0,37.847046,-122.473478,7.078119,-0.337547,0.941308,36.0,0.0,0.0,0.257408,1616854170.0,338210142.0,37.817827,-122.467942,8.195944,-0.322066,-0.946717,37.0,14.0,0.0,0.234247,1616854170.0,338303852.0,37.826865,-122.446208,8.465393,-0.055552,-0.998456,37.0,10.0,4.0,0.242687,1616854170.0,338310102.0,37.839429,-122.457138,7.59964,-0.357136,0.934052,36.0,12.0,4.0,0.223661,1616854170.0,338348843.0,37.813902,-122.464269,7.663043,-0.323997,-0.946058,36.0,11.0,4.0,0.196997,1616854170.0,351249000.0,37.809104,-122.497495,9.682201,0.77808,0.628165,70.0,336.0,45.0,0.217091,1616854170.0,368124230.0,37.83395,-122.469419,1.510441,0.368848,0.92949,36.0,14.0,3.0,0.231172,1616854170.0,369199000.0,37.82868,-122.45495,5.003796,0.825981,-0.563698,36.0,11.0,4.0,0.225603,47.25,3.0,10.0
1616854171.0,338193601.0,37.847077,-122.473492,7.085395,-0.335704,0.941967,36.0,0.0,0.0,0.252639,1616854171.0,338210142.0,37.817791,-122.467958,8.202748,-0.320675,-0.947189,37.0,14.0,0.0,0.229896,1616854171.0,338303852.0,37.826826,-122.44621,8.466927,-0.052639,-0.998614,37.0,10.0,4.0,0.238106,1616854171.0,338310102.0,37.839462,-122.457153,7.586734,-0.353627,0.935386,36.0,12.0,4.0,0.219178,1616854171.0,338348843.0,37.813868,-122.464284,7.614901,-0.327429,-0.944876,36.0,11.0,4.0,0.192524,1616854171.0,351249000.0,37.809132,-122.497451,9.679719,0.777619,0.628736,70.0,336.0,45.0,0.213097,1616854171.0,368124230.0,37.833957,-122.469416,1.520655,0.361365,0.932424,36.0,14.0,3.0,0.227474,1616854171.0,369199000.0,37.828667,-122.454926,5.002997,0.825711,-0.564093,36.0,11.0,4.0,0.221303,47.24722222222222,3.0,10.0
1616854172.0,338193601.0,37.847107,-122.473506,7.092653,-0.333871,0.942619,36.0,0.0,0.0,0.247867,1616854172.0,338210142.0,37.817755,-122.467973,8.20955,-0.319276,-0.947662,37.0,14.0,0.0,0.225542,1616854172.0,338303852.0,37.826787,-122.446213,8.468373,-0.049849,-0.998757,37.0,10.0,4.0,0.233524,1616854172.0,338310102.0,37.839494,-122.457169,7.573554,-0.349989,0.936754,36.0,12.0,4.0,0.214703,1616854172.0,338348843.0,37.813835,-122.464299,7.565115,-0.331097,-0.943597,36.0,11.0,4.0,0.188079,1616854172.0,351249000.0,37.80916,-122.497407,9.678157,0.777146,0.62932,70.0,336.0,45.0,0.209106,1616854172.0,368124230.0,37.833963,-122.469412,1.531213,0.353759,0.935337,36.0,14.0,3.0,0.223753,1616854172.0,369199000.0,37.828654,-122.454902,5.00219,0.82542,-0.564519,36.0,11.0,4.0,0.217004,47.24444444444445,3.0,10.0
1616854173.0,338193601.0,37.847138,-122.473519,7.09989,-0.332048,0.943263,36.0,0.0,0.0,0.243091,1616854173.0,338210142.0,37.817719,-122.467989,8.216352,-0.317867,-0.948135,37.0,14.0,0.0,0.221185,1616854173.0,338303852.0,37.826748,-122.446215,8.469722,-0.047179,-0.998886,37.0,10.0,4.0,0.228942,1616854173.0,338310102.0,37.839527,-122.457185,7.560112,-0.34622,0.938153,36.0,12.0,4.0,0.210239,1616854173.0,338348843.0,37.813802,-122.464313,7.513706,-0.33501,-0.942215,36.0,11.0,4.0,0.183663,1616854173.0,351249000.0,37.809188,-122.497363,9.677516,0.776661,0.629919,70.0,336.0,45.0,0.205115,1616854173.0,368124230.0,37.83397,-122.469409,1.542122,0.346034,0.938222,36.0,14.0,3.0,0.220006,1616854173.0,369199000.0,37.828641,-122.454878,5.001375,0.825107,-0.564977,36.0,11.0,4.0,0.212707,47.24166666666667,3.0,10.0
1616854174.0,338193601.0,37.847169,-122.473533,7.107108,-0.330235,0.943899,36.0,0.0,0.0,0.238311,1616854174.0,338210142.0,37.817683,-122.468004,8.223153,-0.31645,-0.948609,37.0,14.0,0.0,0.216825,1616854174.0,338303852.0,37.826709,-122.446218,8.470965,-0.044631,-0.999004,37.0,10.0,4.0,0.224359,1616854174.0,338310102.0,37.83956,-122.4572,7.54646,-0.342344,0.939575,36.0,12.0,4.0,0.205784,1616854174.0,338348843.0,37.813769,-122.464328,7.460698,-0.339172,-0.940725,36.0,11.0,4.0,0.179277,1616854174.0,351249000.0,37.809216,-122.497319,9.677796,0.776165,0.63053,70.0,336.0,45.0,0.201125,1616854174.0,368124230.0,37.833976,-122.469406,1.553388,0.338199,0.941075,36.0,14.0,3.0,0.216234,1616854174.0,369199000.0,37.828628,-122.454853,5.000554,0.824771,-0.565466,36.0,11.0,4.0,0.20841,47.23888888888889,3.0,10.0
1616854175.0,338193601.0,37.8472,-122.473547,7.114305,-0.328431,0.944528,36.0,0.0,0.0,0.233528,1616854175.0,338210142.0,37.817647,-122.468019,8.229954,-0.315024,-0.949084,37.0,14.0,0.0,0.212463,1616854175.0,338303852.0,37.826669,-122.44622,8.472096,-0.042205,-0.999109,37.0,10.0,4.0,0.219775,1616854175.0,338310102.0,37.839593,-122.457215,7.532765,-0.338466,0.940979,36.0,12.0,4.0,0.20134,1616854175.0,338348843.0,37.813736,-122.464343,7.406113,-0.34359,-0.93912,36.0,11.0,4.0,0.174921,1616854175.0,351249000.0,37.809245,-122.497275,9.678996,0.775656,0.631155,70.0,336.0,45.0,0.197136,1616854175.0,368124230.0,37.833983,-122.469403,1.565016,0.330259,0.94389,36.0,14.0,3.0,0.212436,1616854175.0,369199000.0,37.828615,-122.454829,4.999725,0.824415,-0.565987,36.0,11.0,4.0,0.204115,47.23611111111112,3.0,10.0
1616854176.0,338193601.0,37.847232,-122.473561,7.121481,-0.326638,0.94515,36.0,0.0,0.0,0.228741,1616854176.0,338210142.0,37.817611,-122.468034,8.236755,-0.313588,-0.949559,37.0,14.0,0.0,0.208098,1616854176.0,338303852.0,37.82663,-122.446222,8.473106,-0.0399,-0.999204,37.0,10.0,4.0,0.21519,1616854176.0,338310102.0,37.839626,-122.45723,7.519065,-0.334612,0.942356,36.0,12.0,4.0,0.196906,1616854176.0,338348843.0,37.813704,-122.464358,7.349979,-0.348273,-0.937393,36.0,11.0,4.0,0.170596,1616854176.0,351249000.0,37.809273,-122.497231,9.681119,0.775136,0.631794,70.0,336.0,45.0,0.193147,1616854176.0,368124230.0,37.83399,-122.4694,1.576948,0.322268,0.946648,36.0,14.0,3.0,0.20861,1616854176.0,369199000.0,37.828602,-122.454805,4.99889,0.824036,-0.566538,36.0,11.0,4.0,0.199821,47.23333333333333,3.0,10.0
1616854177.0,338193601.0,37.847263,-122.473574,7.128636,-0.324854,0.945764,36.0,0.0,0.0,0.223951,1616854177.0,338210142.0,37.817575,-122.468049,8.243557,-0.312144,-0.950035,37.0,14.0,0.0,0.203731,1616854177.0,338303852.0,37.826591,-122.446224,8.473989,-0.037715,-0.999289,37.0,10.0,4.0,0.210605,1616854177.0,338310102.0,37.839658,-122.457245,7.505356,-0.330783,0.943707,36.0,12.0,4.0,0.192482,1616854177.0,338348843.0,37.813672,-122.464373,7.292323,-0.353227,-0.935538,36.0,11.0,4.0,0.166301,1616854177.0,351249000.0,37.809301,-122.497187,9.684164,0.774605,0.632445,70.0,336.0,45.0,0.189158,1616854177.0,368124230.0,37.833997,-122.469397,1.58893,0.314419,0.949284,36.0,14.0,3.0,0.204756,1616854177.0,369199000.0,37.828588,-122.454781,4.998049,0.823634,-0.567121,36.0,11.0,4.0,0.195528,47.230555555555554,3.0,10.0
1616854178.0,338193601.0,37.847294,-122.473588,7.13577,-0.323081,0.946371,36.0,0.0,0.0,0.219158,1616854178.0,338210142.0,37.817538,-122.468064,8.25036,-0.310691,-0.950511,37.0,14.0,0.0,0.199361,1616854178.0,338303852.0,37.826552,-122.446226,8.474737,-0.035652,-0.999364,37.0,10.0,4.0,0.206019,1616854178.0,338310102.0,37.839691,-122.457259,7.491635,-0.326978,0.945032,36.0,12.0,4.0,0.188069,1616854178.0,338348843.0,37.813641,-122.464388,7.233177,-0.358461,-0.933545,36.0,11.0,4.0,0.162039,1616854178.0,351249000.0,37.80933,-122.497143,9.688131,0.774063,0.633109,70.0,336.0,45.0,0.185168,1616854178.0,368124230.0,37.834004,-122.469394,1.600894,0.306756,0.951788,36.0,14.0,3.0,0.200874,1616854178.0,369199000.0,37.828575,-122.454757,4.997201,0.823211,-0.567735,36.0,11.0,4.0,0.191236,47.227777777777774,3.0,10.0
1616854179.0,338193601.0,37.847325,-122.473601,7.142881,-0.321317,0.946972,36.0,0.0,0.0,0.214361,1616854179.0,338210142.0,37.817502,-122.46808,8.257164,-0.309229,-0.950988,37.0,14.0,0.0,0.194988,1616854179.0,338303852.0,37.826513,-122.446228,8.475345,-0.03371,-0.999432,37.0,10.0,4.0,0.201434,1616854179.0,338310102.0,37.839724,-122.457274,7.477897,-0.323199,0.946331,36.0,12.0,4.0,0.183665,1616854179.0,338348843.0,37.81361,-122.464403,7.172573,-0.363984,-0.931405,36.0,11.0,4.0,0.157808,1616854179.0,351249000.0,37.809358,-122.497099,9.693022,0.773509,0.633786,70.0,336.0,45.0,0.181177,1616854179.0,368124230.0,37.834011,-122.469391,1.612833,0.299275,0.954167,36.0,14.0,3.0,0.196964,1616854179.0,369199000.0,37.828562,-122.454733,4.996349,0.822766,-0.568381,36.0,11.0,4.0,0.186946,47.225,3.0,10.0
1616854180.0,338193601.0,37.847356,-122.473615,7.14997,-0.319563,0.947565,36.0,0.0,0.0,0.20956,1616854180.0,338210142.0,37.817466,-122.468094,8.26397,-0.307758,-0.951465,37.0,14.0,0.0,0.190613,1616854180.0,338303852.0,37.826474,-122.446229,8.475806,-0.031888,-0.999491,37.0,10.0,4.0,0.196847,1616854180.0,338310102.0,37.839757,-122.457288,7.464141,-0.319444,0.947605,36.0,12.0,4.0,0.179271,1616854180.0,338348843.0,37.813579,-122.464418,7.110548,-0.369804,-0.92911,36.0,11.0,4.0,0.153609,1616854180.0,351249000.0,37.809386,-122.497055,9.698835,0.772944,0.634474,70.0,336.0,45.0,0.177185,1616854180.0,368124230.0,37.834018,-122.469388,1.624741,0.291974,0.956426,36.0,14.0,3.0,0.193026,1616854180.0,369199000.0,37.828549,-122.454709,4.995491,0.822298,-0.569057,36.0,11.0,4.0,0.182657,47.22222222222222,3.0,10.0
1616854181.0,338193601.0,37.847388,-122.473628,7.157035,-0.317819,0.948151,36.0,0.0,0.0,0.204756,1616854181.0,338210142.0,37.817429,-122.468109,8.270778,-0.306279,-0.951942,37.0,14.0,0.0,0.186235,1616854181.0,338303852.0,37.826434,-122.446231,8.476115,-0.030188,-0.999544,37.0,10.0,4.0,0.192261,1616854181.0,338310102.0,37.839789,-122.457302,7.450361,-0.315716,0.948854,36.0,12.0,4.0,0.174888,1616854181.0,338348843.0,37.813548,-122.464434,7.047138,-0.37593,-0.926648,36.0,11.0,4.0,0.149444,1616854181.0,351249000.0,37.809415,-122.497011,9.705573,0.772368,0.635175,70.0,336.0,45.0,0.173192,1616854181.0,368124230.0,37.834025,-122.469386,1.636613,0.284848,0.958573,36.0,14.0,3.0,0.18906,1616854181.0,369199000.0,37.828536,-122.454685,4.99463,0.821808,-0.569765,36.0,11.0,4.0,0.17837,47.21944444444444,3.0,10.0
1616854182.0,338193601.0,37.847419,-122.473642,7.164078,-0.316085,0.948731,36.0,0.0,0.0,0.199948,1616854182.0,338210142.0,37.817393,-122.468124,8.277589,-0.30479,-0.95242,37.0,14.0,0.0,0.181854,1616854182.0,338303852.0,37.826395,-122.446232,8.476266,-0.028607,-0.999591,37.0,10.0,4.0,0.187675,1616854182.0,338310102.0,37.839822,-122.457316,7.436555,-0.312013,0.950078,36.0,12.0,4.0,0.170515,1616854182.0,338348843.0,37.813518,-122.464449,6.982386,-0.382373,-0.924008,36.0,11.0,4.0,0.145311,1616854182.0,351249000.0,37.809443,-122.496968,9.713235,0.771782,0.635887,70.0,336.0,45.0,0.169196,1616854182.0,368124230.0,37.834033,-122.469383,1.648444,0.277895,0.960611,36.0,14.0,3.0,0.185066,1616854182.0,369199000.0,37.828523,-122.454661,4.993764,0.821295,-0.570504,36.0,11.0,4.0,0.174084,47.21666666666667,3.0,10.0
1616854183.0,338193601.0,37.847451,-122.473655,7.171097,-0.31436,0.949304,36.0,0.0,0.0,0.195137,1616854183.0,338210142.0,37.817356,-122.468139,8.284403,-0.303292,-0.952898,37.0,14.0,0.0,0.177471,1616854183.0,338303852.0,37.826356,-122.446234,8.476255,-0.027148,-0.999631,37.0,10.0,4.0,0.183088,1616854183.0,338310102.0,37.839855,-122.457329,7.422719,-0.308337,0.951277,36.0,12.0,4.0,0.166151,1616854183.0,338348843.0,37.813488,-122.464465,6.916335,-0.389142,-0.921178,36.0,11.0,4.0,0.141212,1616854183.0,351249000.0,37.809472,-122.496924,9.721822,0.771185,0.636611,70.0,336.0,45.0,0.165198,1616854183.0,368124230.0,37.83404,-122.46938,1.660228,0.271112,0.962548,36.0,14.0,3.0,0.181045,1616854183.0,369199000.0,37.82851,-122.454637,4.992895,0.82076,-0.571273,36.0,11.0,4.0,0.1698,47.21388888888889,3.0,10.0
1616854184.0,338193601.0,37.847482,-122.473668,7.178092,-0.312645,0.94987,36.0,0.0,0.0,0.190323,1616854184.0,338210142.0,37.81732,-122.468154,8.29122,-0.301786,-0.953376,37.0,14.0,0.0,0.173085,1616854184.0,338303852.0,37.826317,-122.446235,8.476077,-0.025808,-0.999667,37.0,10.0,4.0,0.178502,1616854184.0,338310102.0,37.839887,-122.457343,7.40885,-0.304686,0.952453,36.0,12.0,4.0,0.161798,1616854184.0,338348843.0,37.813459,-122.464481,6.849035,-0.396248,-0.918144,36.0,11.0,4.0,0.137146,1616854184.0,351249000.0,37.809501,-122.49688,9.731333,0.770577,0.637347,70.0,336.0,45.0,0.161197,1616854184.0,368124230.0,37.834047,-122.469378,1.671961,0.264494,0.964387,36.0,14.0,3.0,0.176997,1616854184.0,369199000.0,37.828496,-122.454613,4.992023,0.820202,-0.572074,36.0,11.0,4.0,0.165517,47.21111111111111,3.0,10.0
1616854185.0,338193601.0,37.847514,-122.473681,7.185063,-0.31094,0.95043,36.0,0.0,0.0,0.185505,1616854185.0,338210142.0,37.817283,-122.468168,8.298041,-0.300271,-0.953854,37.0,14.0,0.0,0.168696,1616854185.0,338303852.0,37.826278,-122.446236,8.475729,-0.02459,-0.999698,37.0,10.0,4.0,0.173915,1616854185.0,338310102.0,37.83992,-122.457356,7.394943,-0.301063,0.953604,36.0,12.0,4.0,0.157455,1616854185.0,338348843.0,37.813429,-122.464496,6.780535,-0.403702,-0.914891,36.0,11.0,4.0,0.133114,1616854185.0,351249000.0,37.809529,-122.496836,9.741771,0.76996,0.638093,70.0,336.0,45.0,0.157193,1616854185.0,368124230.0,37.834055,-122.469375,1.683638,0.258039,0.966135,36.0,14.0,3.0,0.172921,1616854185.0,369199000.0,37.828483,-122.454589,4.991148,0.819621,-0.572906,36.0,11.0,4.0,0.161236,47.208333333333336,3.0,10.0
1616854186.0,338193601.0,37.847545,-122.473694,7.192009,-0.309244,0.950983,36.0,0.0,0.0,0.180683,1616854186.0,338210142.0,37.817247,-122.468183,8.304865,-0.298747,-0.954332,37.0,14.0,0.0,0.164305,1616854186.0,338303852.0,37.826238,-122.446238,8.475206,-0.023491,-0.999724,37.0,10.0,4.0,0.169329,1616854186.0,338310102.0,37.839953,-122.457369,7.380997,-0.297466,0.954733,36.0,12.0,4.0,0.153122,1616854186.0,338348843.0,37.813401,-122.464512,6.710892,-0.411515,-0.911403,36.0,11.0,4.0,0.129116,1616854186.0,351249000.0,37.809558,-122.496792,9.753134,0.769332,0.638849,70.0,336.0,45.0,0.153186,1616854186.0,368124230.0,37.834062,-122.469372,1.695255,0.251743,0.967794,36.0,14.0,3.0,0.168819,1616854186.0,369199000.0,37.82847,-122.454565,4.990272,0.819017,-0.573769,36.0,11.0,4.0,0.156956,47.20555555555556,3.0,10.0
1616854187.0,338193601.0,37.847577,-122.473707,7.19893,-0.307558,0.951529,36.0,0.0,0.0,0.175858,1616854187.0,338210142.0,37.81721,-122.468197,8.311695,-0.297214,-0.954811,37.0,14.0,0.0,0.159911,1616854187.0,338303852.0,37.826199,-122.446239,8.474504,-0.022513,-0.999747,37.0,10.0,4.0,0.164744,1616854187.0,338310102.0,37.839985,-122.457382,7.367007,-0.293896,0.955838,36.0,12.0,4.0,0.148799,1616854187.0,338348843.0,37.813372,-122.464529,6.640164,-0.419699,-0.907663,36.0,11.0,4.0,0.125152,1616854187.0,351249000.0,37.809587,-122.496748,9.765424,0.768694,0.639617,70.0,336.0,45.0,0.149175,1616854187.0,368124230.0,37.83407,-122.46937,1.706807,0.245602,0.969371,36.0,14.0,3.0,0.164689,1616854187.0,369199000.0,37.828457,-122.454541,4.989395,0.81839,-0.574663,36.0,11.0,4.0,0.152678,47.202777777777776,3.0,10.0
1616854188.0,338193601.0,37.847609,-122.47372,7.205825,-0.305881,0.95207,36.0,0.0,0.0,0.17103,1616854188.0,338210142.0,37.817173,-122.468212,8.318529,-0.295672,-0.955289,37.0,14.0,0.0,0.155515,1616854188.0,338303852.0,37.82616,-122.44624,8.473652,-0.021647,-0.999766,37.0,10.0,4.0,0.160158,1616854188.0,338310102.0,37.840018,-122.457394,7.352971,-0.290353,0.95692,36.0,12.0,4.0,0.144486,1616854188.0,338348843.0,37.813345,-122.464545,6.568417,-0.428265,-0.903653,36.0,11.0,4.0,0.121221,1616854188.0,351249000.0,37.809616,-122.496704,9.778641,0.768047,0.640394,70.0,336.0,45.0,0.145159,1616854188.0,368124230.0,37.834077,-122.469367,1.718291,0.239614,0.970868,36.0,14.0,3.0,0.160533,1616854188.0,369199000.0,37.828443,-122.454517,4.988517,0.817741,-0.575587,36.0,11.0,4.0,0.148402,47.2,3.0,10.0
1616854189.0,338193601.0,37.84764,-122.473733,7.212695,-0.304215,0.952604,36.0,0.0,0.0,0.166199,1616854189.0,338210142.0,37.817137,-122.468226,8.325368,-0.294122,-0.955768,37.0,14.0,0.0,0.151116,1616854189.0,338303852.0,37.826121,-122.446241,8.472769,-0.02086,-0.999782,37.0,10.0,4.0,0.155573,1616854189.0,338310102.0,37.84005,-122.457407,7.338885,-0.286838,0.957979,36.0,12.0,4.0,0.140183,1616854189.0,338348843.0,37.813317,-122.464561,6.495719,-0.437226,-0.899352,36.0,11.0,4.0,0.117324,1616854189.0,351249000.0,37.809645,-122.49666,9.792786,0.76739,0.641181,70.0,336.0,45.0,0.141139,1616854189.0,368124230.0,37.834085,-122.469365,1.729701,0.233776,0.97229,36.0,14.0,3.0,0.15635,1616854189.0,369199000.0,37.82843,-122.454493,4.98764,0.817067,-0.576542,36.0,11.0,4.0,0.144127,47.19722222222222,3.0,10.0
1616854190.0,338193601.0,37.847672,-122.473746,7.219539,-0.302557,0.953131,36.0,0.0,0.0,0.161364,1616854190.0,338210142.0,37.8171,-122.468241,8.332213,-0.292562,-0.956246,37.0,14.0,0.0,0.146714,1616854190.0,338303852.0,37.826082,-122.446242,8.471884,-0.020145,-0.999797,37.0,10.0,4.0,0.150989,1616854190.0,338310102.0,37.840083,-122.457419,7.324745,-0.28335,0.959016,36.0,12.0,4.0,0.13589,1616854190.0,338348843.0,37.81329,-122.464578,6.422145,-0.446594,-0.894737,36.0,11.0,4.0,0.113462,1616854190.0,351249000.0,37.809674,-122.496616,9.807858,0.766724,0.641977,70.0,336.0,45.0,0.137114,1616854190.0,368124230.0,37.834093,-122.469363,1.741036,0.228084,0.973642,36.0,14.0,3.0,0.152141,1616854190.0,369199000.0,37.828417,-122.454469,4.986763,0.816371,-0.577528,36.0,11.0,4.0,0.139854,47.19444444444444,3.0,10.0
1616854191.0,338193601.0,37.847704,-122.473759,7.226356,-0.300909,0.953653,36.0,0.0,0.0,0.156525,1616854191.0,338210142.0,37.817063,-122.468255,8.339064,-0.290994,-0.956725,37.0,14.0,0.0,0.14231,1616854191.0,338303852.0,37.826042,-122.446243,8.470994,-0.019501,-0.99981,37.0,10.0,4.0,0.146405,1616854191.0,338310102.0,37.840115,-122.457431,7.310549,-0.279891,0.960032,36.0,12.0,4.0,0.131607,1616854191.0,338348843.0,37.813264,-122.464595,6.347774,-0.456381,-0.889784,36.0,11.0,4.0,0.109632,1616854191.0,351249000.0,37.809703,-122.496572,9.823859,0.766048,0.642783,70.0,336.0,45.0,0.133084,1616854191.0,368124230.0,37.834101,-122.46936,1.75229,0.222534,0.974925,36.0,14.0,3.0,0.147906,1616854191.0,369199000.0,37.828404,-122.454445,4.985888,0.815651,-0.578545,36.0,11.0,4.0,0.135583,47.19166666666666,3.0,10.0
1616854192.0,338193601.0,37.847736,-122.473772,7.233146,-0.299271,0.954168,36.0,0.0,0.0,0.151684,1616854192.0,338210142.0,37.817026,-122.468269,8.345921,-0.289417,-0.957203,37.0,14.0,0.0,0.137903,1616854192.0,338303852.0,37.826003,-122.446244,8.4701,-0.018928,-0.999821,37.0,10.0,4.0,0.141822,1616854192.0,338310102.0,37.840148,-122.457443,7.296294,-0.276459,0.961026,36.0,12.0,4.0,0.127335,1616854192.0,338348843.0,37.813237,-122.464612,6.272692,-0.4666,-0.884469,36.0,11.0,4.0,0.105836,1616854192.0,351249000.0,37.809732,-122.496528,9.840788,0.765364,0.643598,70.0,336.0,45.0,0.129048,1616854192.0,368124230.0,37.834109,-122.469358,1.763461,0.217125,0.976144,36.0,14.0,3.0,0.143645,1616854192.0,369199000.0,37.82839,-122.454421,4.985015,0.814907,-0.579592,36.0,11.0,4.0,0.131314,47.18888888888889,3.0,10.0
1616854193.0,338193601.0,37.847768,-122.473784,7.239909,-0.297642,0.954678,36.0,0.0,0.0,0.146838,1616854193.0,338210142.0,37.816989,-122.468283,8.352785,-0.287832,-0.957681,37.0,14.0,0.0,0.133494,1616854193.0,338303852.0,37.825964,-122.446245,8.4692,-0.018426,-0.99983,37.0,10.0,4.0,0.13724,1616854193.0,338310102.0,37.84018,-122.457455,7.281975,-0.273056,0.961998,36.0,12.0,4.0,0.123072,1616854193.0,338348843.0,37.813212,-122.464629,6.196993,-0.477261,-0.878761,36.0,11.0,4.0,0.102073,1616854193.0,351249000.0,37.809761,-122.496484,9.858647,0.764671,0.644421,70.0,336.0,45.0,0.125006,1616854193.0,368124230.0,37.834117,-122.469356,1.774545,0.211853,0.977302,36.0,14.0,3.0,0.139358,1616854193.0,369199000.0,37.828377,-122.454398,4.984145,0.814139,-0.580669,36.0,11.0,4.0,0.127046,47.18611111111111,3.0,10.0
1616854194.0,338193601.0,37.8478,-122.473797,7.246644,-0.296022,0.955181,36.0,0.0,0.0,0.14199,1616854194.0,338210142.0,37.816952,-122.468297,8.359657,-0.286237,-0.958159,37.0,14.0,0.0,0.129082,1616854194.0,338303852.0,37.825925,-122.446246,8.468293,-0.017996,-0.999838,37.0,10.0,4.0,0.132657,1616854194.0,338310102.0,37.840213,-122.457467,7.267591,-0.269681,0.96295,36.0,12.0,4.0,0.11882,1616854194.0,338348843.0,37.813187,-122.464646,6.120777,-0.488378,-0.872632,36.0,11.0,4.0,0.098343,1616854194.0,351249000.0,37.809791,-122.49644,9.877435,0.763969,0.645253,70.0,336.0,45.0,0.120958,1616854194.0,368124230.0,37.834125,-122.469354,1.78554,0.206715,0.978401,36.0,14.0,3.0,0.135046,1616854194.0,369199000.0,37.828363,-122.454374,4.983278,0.813348,-0.581777,36.0,11.0,4.0,0.12278,47.18333333333333,3.0,10.0
1616854195.0,338193601.0,37.847832,-122.473809,7.253352,-0.294412,0.955679,36.0,0.0,0.0,0.137138,1616854195.0,338210142.0,37.816915,-122.468311,8.366536,-0.284634,-0.958636,37.0,14.0,0.0,0.124667,1616854195.0,338303852.0,37.825886,-122.446247,8.467379,-0.017638,-0.999844,37.0,10.0,4.0,0.128076,1616854195.0,338310102.0,37.840245,-122.457478,7.253138,-0.266335,0.963881,36.0,12.0,4.0,0.114577,1616854195.0,338348843.0,37.813162,-122.464664,6.044149,-0.499961,-0.866048,36.0,11.0,4.0,0.094645,1616854195.0,351249000.0,37.80982,-122.496396,9.897154,0.763259,0.646092,70.0,336.0,45.0,0.116902,1616854195.0,368124230.0,37.834133,-122.469351,1.796441,0.201707,0.979446,36.0,14.0,3.0,0.130708,1616854195.0,369199000.0,37.82835,-122.45435,4.982417,0.812533,-0.582916,36.0,11.0,4.0,0.118516,47.18055555555556,3.0,10.0
1616854196.0,338193601.0,37.847864,-122.473822,7.260031,-0.292811,0.95617,36.0,0.0,0.0,0.132283,1616854196.0,338210142.0,37.816878,-122.468325,8.373423,-0.283022,-0.959113,37.0,14.0,0.0,0.12025,1616854196.0,338303852.0,37.825847,-122.446248,8.466456,-0.01735,-0.999849,37.0,10.0,4.0,0.123495,1616854196.0,338310102.0,37.840278,-122.45749,7.238614,-0.263017,0.964791,36.0,12.0,4.0,0.110345,1616854196.0,338348843.0,37.813138,-122.464682,5.967227,-0.512021,-0.858973,36.0,11.0,4.0,0.09098,1616854196.0,351249000.0,37.80985,-122.496351,9.917803,0.762541,0.64694,70.0,336.0,45.0,0.11284,1616854196.0,368124230.0,37.834141,-122.469349,1.807246,0.196828,0.980438,36.0,14.0,3.0,0.126346,1616854196.0,369199000.0,37.828337,-122.454326,4.98156,0.811693,-0.584084,36.0,11.0,4.0,0.114254,47.17777777777778,3.0,10.0
1616854197.0,338193601.0,37.847896,-122.473834,7.266682,-0.291219,0.956656,36.0,0.0,0.0,0.127425,1616854197.0,338210142.0,37.816841,-122.468339,8.380319,-0.281402,-0.95959,37.0,14.0,0.0,0.11583,1616854197.0,338303852.0,37.825807,-122.446249,8.465525,-0.017134,-0.999853,37.0,10.0,4.0,0.118914,1616854197.0,338310102.0,37.84031,-122.457501,7.224014,-0.259729,0.965681,36.0,12.0,4.0,0.106123,1616854197.0,338348843.0,37.813114,-122.464699,5.890135,-0.524567,-0.851369,36.0,11.0,4.0,0.087345,1616854197.0,351249000.0,37.80988,-122.496307,9.939383,0.761815,0.647794,70.0,336.0,45.0,0.10877,1616854197.0,368124230.0,37.834149,-122.469347,1.817952,0.192075,0.98138,36.0,14.0,3.0,0.121958,1616854197.0,369199000.0,37.828323,-122.454303,4.98071,0.810829,-0.585283,36.0,11.0,4.0,0.109995,47.175,3.0,10.0
1616854198.0,338193601.0,37.847928,-122.473847,7.273304,-0.289637,0.957137,36.0,0.0,0.0,0.122563,1616854198.0,338210142.0,37.816804,-122.468353,8.387223,-0.279772,-0.960066,37.0,14.0,0.0,0.111408,1616854198.0,338303852.0,37.825768,-122.446249,8.464584,-0.01699,-0.999856,37.0,10.0,4.0,0.114334,1616854198.0,338310102.0,37.840342,-122.457512,7.209336,-0.25647,0.966552,36.0,12.0,4.0,0.101911,1616854198.0,338348843.0,37.813091,-122.464717,5.813007,-0.537607,-0.843195,36.0,11.0,4.0,0.083741,1616854198.0,351249000.0,37.809909,-122.496263,9.961894,0.761082,0.648656,70.0,336.0,45.0,0.104692,1616854198.0,368124230.0,37.834157,-122.469345,1.828557,0.187445,0.982275,36.0,14.0,3.0,0.117546,1616854198.0,369199000.0,37.82831,-122.454279,4.979866,0.80994,-0.586512,36.0,11.0,4.0,0.105737,47.172222222222224,3.0,10.0
1616854199.0,338193601.0,37.84796,-122.473859,7.279897,-0.288064,0.957611,36.0,0.0,0.0,0.117699,1616854199.0,338210142.0,37.816766,-122.468367,8.394137,-0.278134,-0.960542,37.0,14.0,0.0,0.106983,1616854199.0,338303852.0,37.825729,-122.44625,8.463634,-0.016917,-0.999857,37.0,10.0,4.0,0.109755,1616854199.0,338310102.0,37.840374,-122.457523,7.194578,-0.25324,0.967403,36.0,12.0,4.0,0.097709,1616854199.0,338348843.0,37.813068,-122.464736,5.735987,-0.551148,-0.834408,36.0,11.0,4.0,0.080167,1616854199.0,351249000.0,37.809939,-122.496218,9.985337,0.760341,0.649524,70.0,336.0,45.0,0.100606,1616854199.0,368124230.0,37.834166,-122.469343,1.839058,0.182934,0.983125,36.0,14.0,3.0,0.113109,1616854199.0,369199000.0,37.828296,-122.454255,4.979031,0.809027,-0.587771,36.0,11.0,4.0,0.101481,47.16944444444445,3.0,10.0
1616854200.0,338193601.0,37.847993,-122.473871,7.286461,-0.2865,0.95808,36.0,0.0,0.0,0.11283,1616854200.0,338210142.0,37.816729,-122.46838,8.40106,-0.276488,-0.961017,37.0,14.0,0.0,0.102555,1616854200.0,338303852.0,37.82569,-122.446251,8.462674,-0.016915,-0.999857,37.0,10.0,4.0,0.105176,1616854200.0,338310102.0,37.840407,-122.457533,7.179736,-0.25004,0.968235,36.0,12.0,4.0,0.093517,1616854200.0,338348843.0,37.813046,-122.464754,5.659229,-0.565193,-0.824959,36.0,11.0,4.0,0.076622,1616854200.0,351249000.0,37.809969,-122.496174,10.009712,0.759593,0.650399,70.0,336.0,45.0,0.096512,1616854200.0,368124230.0,37.834174,-122.469341,1.849452,0.178542,0.983932,36.0,14.0,3.0,0.108648,1616854200.0,369199000.0,37.828283,-122.454232,4.978204,0.80809,-0.58906,36.0,11.0,4.0,0.097227,47.16666666666666,3.0,10.0
1616854201.0,338193601.0,37.848025,-122.473884,7.292994,-0.284945,0.958544,36.0,0.0,0.0,0.107959,1616854201.0,338210142.0,37.816692,-122.468394,8.407994,-0.274832,-0.961492,37.0,14.0,0.0,0.098125,1616854201.0,338303852.0,37.825651,-122.446252,8.461705,-0.016985,-0.999856,37.0,10.0,4.0,0.100597,1616854201.0,338310102.0,37.840439,-122.457544,7.164807,-0.24687,0.969049,36.0,12.0,4.0,0.089336,1616854201.0,338348843.0,37.813024,-122.464773,5.5829,-0.579745,-0.814798,36.0,11.0,4.0,0.073105,1616854201.0,351249000.0,37.809999,-122.496129,10.03502,0.758837,0.65128,70.0,336.0,45.0,0.092408,1616854201.0,368124230.0,37.834182,-122.469339,1.859737,0.174264,0.984699,36.0,14.0,3.0,0.104164,1616854201.0,369199000.0,37.828269,-122.454208,4.977387,0.807127,-0.590378,36.0,11.0,4.0,0.092975,47.16388888888889,3.0,10.0
1616854202.0,338193601.0,37.848057,-122.473896,7.299498,-0.2834,0.959002,36.0,0.0,0.0,0.103084,1616854202.0,338210142.0,37.816654,-122.468408,8.414938,-0.273169,-0.961966,37.0,14.0,0.0,0.093692,1616854202.0,338303852.0,37.825612,-122.446253,8.460727,-0.017127,-0.999853,37.0,10.0,4.0,0.096019,1616854202.0,338310102.0,37.840471,-122.457554,7.149789,-0.24373,0.969843,36.0,12.0,4.0,0.085165,1616854202.0,338348843.0,37.813003,-122.464792,5.507179,-0.594801,-0.803873,36.0,11.0,4.0,0.069616,1616854202.0,351249000.0,37.81003,-122.496085,10.061262,0.758076,0.652167,70.0,336.0,45.0,0.088295,1616854202.0,368124230.0,37.834191,-122.469337,1.869911,0.170099,0.985427,36.0,14.0,3.0,0.099655,1616854202.0,369199000.0,37.828255,-122.454185,4.97658,0.806139,-0.591726,36.0,11.0,4.0,0.088725,47.16111111111111,3.0,10.0
1616854203.0,338193601.0,37.84809,-122.473908,7.305971,-0.281863,0.959455,36.0,0.0,0.0,0.098207,1616854203.0,338210142.0,37.816617,-122.468421,8.421892,-0.271496,-0.96244,37.0,14.0,0.0,0.089257,1616854203.0,338303852.0,37.825572,-122.446254,8.459739,-0.01734,-0.99985,37.0,10.0,4.0,0.091442,1616854203.0,338310102.0,37.840503,-122.457564,7.134679,-0.240619,0.97062,36.0,12.0,4.0,0.081004,1616854203.0,338348843.0,37.812983,-122.464811,5.432257,-0.610357,-0.792127,36.0,11.0,4.0,0.066152,1616854203.0,351249000.0,37.81006,-122.49604,10.088147,0.757313,0.653052,70.0,336.0,45.0,0.084173,1616854203.0,368124230.0,37.834199,-122.469336,1.879971,0.166045,0.986118,36.0,14.0,3.0,0.095124,1616854203.0,369199000.0,37.828242,-122.454161,4.975785,0.805126,-0.593104,36.0,11.0,4.0,0.084477,47.15833333333333,3.0,10.0
1616854204.0,338193601.0,37.848122,-122.47392,7.312413,-0.280336,0.959902,36.0,0.0,0.0,0.093326,1616854204.0,338210142.0,37.816579,-122.468434,8.428859,-0.269815,-0.962912,37.0,14.0,0.0,0.084819,1616854204.0,338303852.0,37.825533,-122.446254,8.458742,-0.017625,-0.999845,37.0,10.0,4.0,0.086865,1616854204.0,338310102.0,37.840535,-122.457574,7.119474,-0.237539,0.971378,36.0,12.0,4.0,0.076853,1616854204.0,338348843.0,37.812963,-122.464831,5.358338,-0.626401,-0.779501,36.0,11.0,4.0,0.062714,1616854204.0,351249000.0,37.81009,-122.495995,10.114517,0.756574,0.653908,70.0,336.0,45.0,0.08004,1616854204.0,368124230.0,37.834208,-122.469334,1.889916,0.162098,0.986775,36.0,14.0,3.0,0.090569,1616854204.0,369199000.0,37.828228,-122.454138,4.975003,0.804087,-0.594512,36.0,11.0,4.0,0.080231,47.15555555555556,3.0,10.0
1616854205.0,338193601.0,37.848154,-122.473932,7.318824,-0.278817,0.960344,36.0,0.0,0.0,0.088441,1616854205.0,338210142.0,37.816542,-122.468448,8.435837,-0.268125,-0.963384,37.0,14.0,0.0,0.080378,1616854205.0,338303852.0,37.825494,-122.446255,8.457737,-0.017981,-0.999838,37.0,10.0,4.0,0.082289,1616854205.0,338310102.0,37.840567,-122.457584,7.104171,-0.234489,0.972119,36.0,12.0,4.0,0.072713,1616854205.0,338348843.0,37.812944,-122.46485,5.285642,-0.64292,-0.765933,36.0,11.0,4.0,0.0593,1616854205.0,351249000.0,37.810121,-122.49595,10.140081,0.755864,0.654729,70.0,336.0,45.0,0.075898,1616854205.0,368124230.0,37.834217,-122.469332,1.899743,0.158257,0.987398,36.0,14.0,3.0,0.085991,1616854205.0,369199000.0,37.828214,-122.454114,4.974234,0.803023,-0.595948,36.0,11.0,4.0,0.075988,47.15277777777778,3.0,10.0
1616854206.0,338193601.0,37.848187,-122.473944,7.325204,-0.277308,0.960781,36.0,0.0,0.0,0.083554,1616854206.0,338210142.0,37.816504,-122.468461,8.442827,-0.266426,-0.963855,37.0,14.0,0.0,0.075935,1616854206.0,338303852.0,37.825455,-122.446256,8.456725,-0.018409,-0.999831,37.0,10.0,4.0,0.077713,1616854206.0,338310102.0,37.840599,-122.457594,7.088767,-0.23147,0.972842,36.0,12.0,4.0,0.068583,1616854206.0,338348843.0,37.812925,-122.46487,5.214403,-0.659891,-0.751361,36.0,11.0,4.0,0.055909,1616854206.0,351249000.0,37.810152,-122.495906,10.164838,0.755182,0.655515,70.0,336.0,45.0,0.071746,1616854206.0,368124230.0,37.834225,-122.46933,1.909451,0.15452,0.98799,36.0,14.0,3.0,0.081391,1616854206.0,369199000.0,37.828201,-122.454091,4.97348,0.801933,-0.597414,36.0,11.0,4.0,0.071747,47.15,3.0,10.0
1616854207.0,338193601.0,37.84822,-122.473956,7.331552,-0.275808,0.961213,36.0,0.0,0.0,0.078664,1616854207.0,338210142.0,37.816466,-122.468474,8.44983,-0.264719,-0.964325,37.0,14.0,0.0,0.071489,1616854207.0,338303852.0,37.825416,-122.446257,8.455706,-0.018909,-0.999821,37.0,10.0,4.0,0.073138,1616854207.0,338310102.0,37.840631,-122.457604,7.07326,-0.228481,0.973548,36.0,12.0,4.0,0.064464,1616854207.0,338348843.0,37.812907,-122.46489,5.144868,-0.677287,-0.735719,36.0,11.0,4.0,0.052538,1616854207.0,351249000.0,37.810183,-122.495861,10.188786,0.754529,0.656266,70.0,336.0,45.0,0.067585,1616854207.0,368124230.0,37.834234,-122.469328,1.919037,0.150884,0.988551,36.0,14.0,3.0,0.076768,1616854207.0,369199000.0,37.828187,-122.454067,4.972741,0.800817,-0.598909,36.0,11.0,4.0,0.067508,47.14722222222223,3.0,10.0
1616854208.0,338193601.0,37.848252,-122.473968,7.337868,-0.274316,0.96164,36.0,0.0,0.0,0.07377,1616854208.0,338210142.0,37.816429,-122.468487,8.456845,-0.263004,-0.964795,37.0,14.0,0.0,0.067041,1616854208.0,338303852.0,37.825377,-122.446258,8.45468,-0.019481,-0.99981,37.0,10.0,4.0,0.068563,1616854208.0,338310102.0,37.840663,-122.457613,7.057648,-0.225524,0.974238,36.0,12.0,4.0,0.060355,1616854208.0,338348843.0,37.812889,-122.464911,5.077303,-0.695071,-0.718942,36.0,11.0,4.0,0.049187,1616854208.0,351249000.0,37.810214,-122.495816,10.211924,0.753904,0.656984,70.0,336.0,45.0,0.063415,1616854208.0,368124230.0,37.834243,-122.469327,1.9285,0.147348,0.989085,36.0,14.0,3.0,0.072123,1616854208.0,369199000.0,37.828173,-122.454044,4.972019,0.799675,-0.600433,36.0,11.0,4.0,0.063271,47.144444444444446,3.0,10.0
1616854209.0,338193601.0,37.848285,-122.47398,7.344152,-0.272834,0.962061,36.0,0.0,0.0,0.068873,1616854209.0,338210142.0,37.816391,-122.4685,8.463875,-0.26128,-0.965263,37.0,14.0,0.0,0.06259,1616854209.0,338303852.0,37.825338,-122.446259,8.45365,-0.020124,-0.999797,37.0,10.0,4.0,0.063989,1616854209.0,338310102.0,37.840694,-122.457623,7.041927,-0.222597,0.974911,36.0,12.0,4.0,0.056256,1616854209.0,338348843.0,37.812872,-122.464931,5.011986,-0.713197,-0.700963,36.0,11.0,4.0,0.045855,1616854209.0,351249000.0,37.810245,-122.495771,10.23425,0.753307,0.657669,70.0,336.0,45.0,0.059236,1616854209.0,368124230.0,37.834252,-122.469325,1.937838,0.143909,0.989591,36.0,14.0,3.0,0.067457,1616854209.0,369199000.0,37.828159,-122.454021,4.971315,0.798507,-0.601986,36.0,11.0,4.0,0.059036,47.141666666666666,3.0,10.0
1616854210.0,338193601.0,37.848317,-122.473991,7.350403,-0.27136,0.962478,36.0,0.0,0.0,0.063973,1616854210.0,338210142.0,37.816353,-122.468513,8.470918,-0.259547,-0.96573,37.0,14.0,0.0,0.058136,1616854210.0,338303852.0,37.825299,-122.44626,8.452616,-0.020839,-0.999783,37.0,10.0,4.0,0.059415,1616854210.0,338310102.0,37.840726,-122.457632,7.026095,-0.219702,0.975567,36.0,12.0,4.0,0.052168,1616854210.0,338348843.0,37.812856,-122.464952,4.949212,-0.731612,-0.681721,36.0,11.0,4.0,0.042539,1616854210.0,351249000.0,37.810276,-122.495725,10.255765,0.752738,0.65832,70.0,336.0,45.0,0.055049,1616854210.0,368124230.0,37.834261,-122.469323,1.947049,0.140566,0.990071,36.0,14.0,3.0,0.062769,1616854210.0,369199000.0,37.828146,-122.453998,4.97063,0.797312,-0.603567,36.0,11.0,4.0,0.054804,47.138888888888886,3.0,10.0
1616854211.0,338193601.0,37.84835,-122.474003,7.356621,-0.269896,0.96289,36.0,0.0,0.0,0.05907,1616854211.0,338210142.0,37.816315,-122.468526,8.477975,-0.257806,-0.966197,37.0,14.0,0.0,0.05368,1616854211.0,338303852.0,37.82526,-122.446261,8.45158,-0.021625,-0.999766,37.0,10.0,4.0,0.054842,1616854211.0,338310102.0,37.840758,-122.457641,7.01015,-0.216838,0.976208,36.0,12.0,4.0,0.048091,1616854211.0,338348843.0,37.81284,-122.464974,4.889291,-0.75025,-0.661154,36.0,11.0,4.0,0.039237,1616854211.0,351249000.0,37.810307,-122.49568,10.276466,0.752196,0.658939,70.0,336.0,45.0,0.050854,1616854211.0,368124230.0,37.834269,-122.469322,1.956132,0.137316,0.990527,36.0,14.0,3.0,0.058059,1616854211.0,369199000.0,37.828132,-122.453974,4.969964,0.796091,-0.605177,36.0,11.0,4.0,0.050574,47.13611111111111,3.0,10.0
1616854212.0,338193601.0,37.848383,-122.474015,7.362807,-0.26844,0.963296,36.0,0.0,0.0,0.054164,1616854212.0,338210142.0,37.816277,-122.468539,8.485048,-0.256056,-0.966662,37.0,14.0,0.0,0.049221,1616854212.0,338303852.0,37.82522,-122.446262,8.450543,-0.022484,-0.999747,37.0,10.0,4.0,0.050269,1616854212.0,338310102.0,37.84079,-122.45765,6.994088,-0.214005,0.976833,36.0,12.0,4.0,0.044024,1616854212.0,338348843.0,37.812825,-122.464995,4.832546,-0.769035,-0.639207,36.0,11.0,4.0,0.035948,1616854212.0,351249000.0,37.810338,-122.495635,10.296353,0.751682,0.659526,70.0,336.0,45.0,0.046652,1616854212.0,368124230.0,37.834278,-122.46932,1.965085,0.134157,0.99096,36.0,14.0,3.0,0.053329,1616854212.0,369199000.0,37.828118,-122.453951,4.969321,0.794843,-0.606816,36.0,11.0,4.0,0.046346,47.13333333333333,3.0,10.0
1616854213.0,338193601.0,37.848416,-122.474026,7.368959,-0.266993,0.963699,36.0,0.0,0.0,0.049255,1616854213.0,338210142.0,37.81624,-122.468552,8.492135,-0.254298,-0.967126,37.0,14.0,0.0,0.044759,1616854213.0,338303852.0,37.825181,-122.446263,8.449506,-0.023414,-0.999726,37.0,10.0,4.0,0.045697,1616854213.0,338310102.0,37.840821,-122.457658,6.977908,-0.211204,0.977442,36.0,12.0,4.0,0.039968,1616854213.0,338348843.0,37.812811,-122.465017,4.779315,-0.787879,-0.61583,36.0,11.0,4.0,0.03267,1616854213.0,351249000.0,37.81037,-122.49559,10.315424,0.751194,0.660082,70.0,336.0,45.0,0.042442,1616854213.0,368124230.0,37.834287,-122.469319,1.973907,0.131089,0.991371,36.0,14.0,3.0,0.048578,1616854213.0,369199000.0,37.828104,-122.453928,4.968699,0.793567,-0.608482,36.0,11.0,4.0,0.042121,47.13055555555555,3.0,10.0
1616854214.0,338193601.0,37.848449,-122.474038,7.375077,-0.265554,0.964096,36.0,0.0,0.0,0.044343,1616854214.0,338210142.0,37.816202,-122.468564,8.499238,-0.252532,-0.967589,37.0,14.0,0.0,0.040295,1616854214.0,338303852.0,37.825142,-122.446264,8.448471,-0.024416,-0.999702,37.0,10.0,4.0,0.041125,1616854214.0,338310102.0,37.840853,-122.457667,6.961607,-0.208435,0.978036,36.0,12.0,4.0,0.035922,1616854214.0,338348843.0,37.812798,-122.465039,4.729945,-0.806683,-0.590984,36.0,11.0,4.0,0.029401,1616854214.0,351249000.0,37.810401,-122.495544,10.333679,0.750733,0.660606,70.0,336.0,45.0,0.038225,1616854214.0,368124230.0,37.834296,-122.469317,1.982596,0.128109,0.99176,36.0,14.0,3.0,0.043807,1616854214.0,369199000.0,37.82809,-122.453905,4.968101,0.792265,-0.610177,36.0,11.0,4.0,0.037898,47.12777777777778,3.0,10.0
1616854215.0,338193601.0,37.848482,-122.474049,7.381161,-0.264125,0.964488,36.0,0.0,0.0,0.039428,1616854215.0,338210142.0,37.816163,-122.468577,8.506357,-0.250757,-0.96805,37.0,14.0,0.0,0.035829,1616854215.0,338303852.0,37.825103,-122.446266,8.447441,-0.02549,-0.999675,37.0,10.0,4.0,0.036554,1616854215.0,338310102.0,37.840884,-122.457676,6.945182,-0.205697,0.978616,36.0,12.0,4.0,0.031887,1616854215.0,338348843.0,37.812785,-122.465061,4.684794,-0.825336,-0.564642,36.0,11.0,4.0,0.026139,1616854215.0,351249000.0,37.810433,-122.495499,10.351116,0.750299,0.661099,70.0,336.0,45.0,0.034001,1616854215.0,368124230.0,37.834306,-122.469316,1.991151,0.125216,0.99213,36.0,14.0,3.0,0.039016,1616854215.0,369199000.0,37.828076,-122.453882,4.967528,0.790935,-0.6119,36.0,11.0,4.0,0.033677,47.125,3.0,10.0
1616854216.0,338193601.0,37.848514,-122.474061,7.387211,-0.262704,0.964876,36.0,0.0,0.0,0.03451,1616854216.0,338210142.0,37.816125,-122.468589,8.513493,-0.248973,-0.96851,37.0,14.0,0.0,0.031359,1616854216.0,338303852.0,37.825064,-122.446267,8.446416,-0.026636,-0.999645,37.0,10.0,4.0,0.031983,1616854216.0,338310102.0,37.840916,-122.457684,6.928632,-0.202992,0.97918,36.0,12.0,4.0,0.027863,1616854216.0,338348843.0,37.812772,-122.465084,4.644225,-0.843717,-0.536788,36.0,11.0,4.0,0.022881,1616854216.0,351249000.0,37.810464,-122.495453,10.367736,0.749891,0.661561,70.0,336.0,45.0,0.02977,1616854216.0,368124230.0,37.834315,-122.469314,1.999571,0.122407,0.99248,36.0,14.0,3.0,0.034204,1616854216.0,369199000.0,37.828062,-122.453859,4.966981,0.789578,-0.61365,36.0,11.0,4.0,0.029459,47.12222222222222,3.0,10.0
1616854217.0,338193601.0,37.848547,-122.474072,7.393227,-0.261292,0.96526,36.0,0.0,0.0,0.029589,1616854217.0,338210142.0,37.816087,-122.468602,8.520646,-0.247181,-0.968969,37.0,14.0,0.0,0.026887,1616854217.0,338303852.0,37.825025,-122.446268,8.4454,-0.027854,-0.999612,37.0,10.0,4.0,0.027413,1616854217.0,338310102.0,37.840947,-122.457692,6.911953,-0.200319,0.979731,36.0,12.0,4.0,0.02385,1616854217.0,338348843.0,37.812761,-122.465107,4.608605,-0.861695,-0.507426,36.0,11.0,4.0,0.019625,1616854217.0,351249000.0,37.810496,-122.495408,10.383537,0.74951,0.661993,70.0,336.0,45.0,0.025534,1616854217.0,368124230.0,37.834324,-122.469313,2.007854,0.119682,0.992812,36.0,14.0,3.0,0.029374,1616854217.0,369199000.0,37.828048,-122.453836,4.966461,0.788193,-0.615428,36.0,11.0,4.0,0.025243,47.11944444444445,3.0,10.0
1616854218.0,338193601.0,37.84858,-122.474083,7.399207,-0.259888,0.965639,36.0,0.0,0.0,0.024665,1616854218.0,338210142.0,37.816049,-122.468614,8.527816,-0.245381,-0.969427,37.0,14.0,0.0,0.022413,1616854218.0,338303852.0,37.824986,-122.44627,8.444394,-0.029143,-0.999575,37.0,10.0,4.0,0.022843,1616854218.0,338310102.0,37.840978,-122.4577,6.895144,-0.197678,0.980267,36.0,12.0,4.0,0.019847,1616854218.0,338348843.0,37.81275,-122.46513,4.578406,-0.879058,-0.476715,36.0,11.0,4.0,0.016368,1616854218.0,351249000.0,37.810528,-122.495362,10.398518,0.749155,0.662395,70.0,336.0,45.0,0.021291,1616854218.0,368124230.0,37.834333,-122.469311,2.016,0.117039,0.993127,36.0,14.0,3.0,0.024524,1616854218.0,369199000.0,37.828033,-122.453813,4.96597,0.78678,-0.617234,36.0,11.0,4.0,0.02103,47.11666666666667,3.0,10.0
1616854219.0,338193601.0,37.848614,-122.474095,7.405153,-0.258493,0.966013,36.0,0.0,0.0,0.019738,1616854219.0,338210142.0,37.816011,-122.468626,8.535003,-0.243573,-0.969883,37.0,14.0,0.0,0.017935,1616854219.0,338303852.0,37.824947,-122.446271,8.443401,-0.030505,-0.999535,37.0,10.0,4.0,0.018274,1616854219.0,338310102.0,37.84101,-122.457708,6.878202,-0.19507,0.980789,36.0,12.0,4.0,0.015856,1616854219.0,338348843.0,37.81274,-122.465154,4.554225,-0.895394,-0.445274,36.0,11.0,4.0,0.013109,1616854219.0,351249000.0,37.81056,-122.495317,10.41268,0.748825,0.662767,70.0,336.0,45.0,0.017043,1616854219.0,368124230.0,37.834342,-122.46931,2.024006,0.114476,0.993426,36.0,14.0,3.0,0.019656,1616854219.0,369199000.0,37.828019,-122.45379,4.965509,0.785339,-0.619066,36.0,11.0,4.0,0.016819,47.11388888888889,3.0,10.0
1616854220.0,338193601.0,37.848647,-122.474106,7.411063,-0.257107,0.966383,36.0,0.0,0.0,0.014808,1616854220.0,338210142.0,37.815972,-122.468639,8.542209,-0.241756,-0.970337,37.0,14.0,0.0,0.013456,1616854220.0,338303852.0,37.824908,-122.446273,8.442423,-0.031938,-0.99949,37.0,10.0,4.0,0.013705,1616854220.0,338310102.0,37.841041,-122.457716,6.861125,-0.192495,0.981298,36.0,12.0,4.0,0.011875,1616854220.0,338348843.0,37.812731,-122.465177,4.536076,-0.910566,-0.413364,36.0,11.0,4.0,0.009845,1616854220.0,351249000.0,37.810592,-122.495271,10.42602,0.748522,0.66311,70.0,336.0,45.0,0.012789,1616854220.0,368124230.0,37.834352,-122.469309,2.031873,0.111992,0.993709,36.0,14.0,3.0,0.014769,1616854220.0,369199000.0,37.828005,-122.453767,4.96508,0.783869,-0.620926,36.0,11.0,4.0,0.01261,47.11111111111112,3.0,10.0
1616854221.0,338193601.0,37.84868,-122.474117,7.416938,-0.255729,0.966748,36.0,0.0,0.0,0.009875,1616854221.0,338210142.0,37.815934,-122.468651,8.549434,-0.239931,-0.97079,37.0,14.0,0.0,0.008973,1616854221.0,338303852.0,37.824869,-122.446274,8.441462,-0.033444,-0.999441,37.0,10.0,4.0,0.009136,1616854221.0,338310102.0,37.841072,-122.457724,6.843911,-0.189952,0.981793,36.0,12.0,4.0,0.007906,1616854221.0,338348843.0,37.812722,-122.465202,4.523819,-0.924526,-0.381119,36.0,11.0,4.0,0.006573,1616854221.0,351249000.0,37.810624,-122.495225,10.43854,0.748244,0.663423,70.0,336.0,45.0,0.008531,1616854221.0,368124230.0,37.834361,-122.469307,2.039598,0.109586,0.993977,36.0,14.0,3.0,0.009864,1616854221.0,369199000.0,37.827991,-122.453744,4.964683,0.782371,-0.622812,36.0,11.0,4.0,0.008404,47.10833333333333,3.0,10.0
1616854222.0,338193601.0,37.848713,-122.474128,7.422777,-0.25436,0.96711,36.0,0.0,0.0,0.004939,1616854222.0,338210142.0,37.815896,-122.468663,8.556678,-0.238097,-0.971241,37.0,14.0,0.0,0.004488,1616854222.0,338303852.0,37.82483,-122.446276,8.440523,-0.035021,-0.999387,37.0,10.0,4.0,0.004568,1616854222.0,338310102.0,37.841103,-122.457732,6.826557,-0.187443,0.982276,36.0,12.0,4.0,0.003947,1616854222.0,338348843.0,37.812714,-122.465226,4.517295,-0.937244,-0.348674,36.0,11.0,4.0,0.003292,1616854222.0,351249000.0,37.810656,-122.495179,10.450237,0.747992,0.663708,70.0,336.0,45.0,0.004268,1616854222.0,368124230.0,37.83437,-122.469306,2.047181,0.107256,0.994231,36.0,14.0,3.0,0.004941,1616854222.0,369199000.0,37.827977,-122.453722,4.96432,0.780845,-0.624725,36.0,11.0,4.0,0.004201,47.105555555555554,3.0,10.0
1616854223.0,338193601.0,37.848746,-122.474139,7.422777,-0.25436,0.96711,36.0,0.0,0.0,0.0,1616854223.0,338210142.0,37.815857,-122.468675,8.556678,-0.238097,-0.971241,37.0,14.0,0.0,0.0,1616854223.0,338303852.0,37.824791,-122.446278,8.440523,-0.035021,-0.999387,37.0,10.0,4.0,0.0,1616854223.0,338310102.0,37.841134,-122.457739,6.826557,-0.187443,0.982276,36.0,12.0,4.0,0.0,1616854223.0,338348843.0,37.812707,-122.465251,4.517295,-0.937244,-0.348674,36.0,11.0,4.0,0.0,1616854223.0,351249000.0,37.810688,-122.495134,10.450237,0.747992,0.663708,70.0,336.0,45.0,0.0,1616854223.0,368124230.0,37.83438,-122.469305,2.047181,0.107256,0.994231,36.0,14.0,3.0,0.0,1616854223.0,369199000.0,37.827962,-122.453699,4.96432,0.780845,-0.624725,36.0,11.0,4.0,0.0,47.102777777777774,3.0,10.0
