Timestamp,MMSI,Latitude,Longitude,Speed,Course-sin,Course-cos,Length,Width,Vesseltype,Distance,Timestamp,MMSI,Latitude,Longitude,Speed,Course-sin,Course-cos,Length,Width,Vesseltype,Distance,Timestamp,MMSI,Latitude,Longitude,Speed,Course-sin,Course-cos,Length,Width,Vesseltype,Distance,Timestamp,MMSI,Latitude,Longitude,Speed,Course-sin,Course-cos,Length,Width,Vesseltype,Distance,Timestamp,MMSI,Latitude,Longitude,Speed,Course-sin,Course-cos,Length,Width,Vesseltype,Distance,WindDirection,WindSpeed,Visibility
1622382797.0,338096000.0,37.816979,-122.458724,5.142329,0.90708,-0.420958,60.0,19.0,4.0,1.0,1622382797.0,338180966.0,37.84562,-122.46929,6.826651,-0.020513,-0.99979,37.0,8.0,0.0,1.0,1622382797.0,366864850.0,37.825223,-122.486483,5.122451,-0.998175,-0.060386,60.0,19.0,10.0,0.982566,1622382797.0,367694350.0,37.823196,-122.459946,8.91031,0.817011,-0.576621,37.0,13.0,0.0,1.0,1622382797.0,368052630.0,37.818512,-122.480049,4.586846,0.599789,0.800158,60.0,42.0,10.0,1.0,199.9055555555556,3.0094444444444446,7.004722222222222
1622382798.0,338096000.0,37.816969,-122.458697,5.136586,0.906726,-0.421719,60.0,19.0,4.0,0.997528,1622382798.0,338180966.0,37.845588,-122.469291,6.766662,-0.010647,-0.999943,37.0,8.0,0.0,0.997948,1622382798.0,366864850.0,37.825221,-122.486513,4.982852,-0.997703,-0.06774,60.0,19.0,10.0,0.983711,1622382798.0,367694350.0,37.823172,-122.459904,8.923822,0.816432,-0.577442,37.0,13.0,0.0,0.997978,1622382798.0,368052630.0,37.818529,-122.480033,4.812149,0.623176,0.782081,60.0,42.0,10.0,0.999399,199.9,3.01,7.005
1622382799.0,338096000.0,37.816959,-122.45867,5.130841,0.906385,-0.422453,60.0,19.0,4.0,0.995059,1622382799.0,338180966.0,37.845557,-122.469291,6.707547,-0.000629,-1.0,37.0,8.0,0.0,0.995898,1622382799.0,366864850.0,37.82522,-122.486542,4.839951,-0.997137,-0.07562,60.0,19.0,10.0,0.984824,1622382799.0,367694350.0,37.823148,-122.459861,8.93704,0.815851,-0.578262,37.0,13.0,0.0,0.995954,1622382799.0,368052630.0,37.818546,-122.480015,5.044161,0.644226,0.764835,60.0,42.0,10.0,0.998752,199.89444444444445,3.0105555555555554,7.005277777777778
1622382800.0,338096000.0,37.816949,-122.458643,5.125093,0.906056,-0.423158,60.0,19.0,4.0,0.992593,1622382800.0,338180966.0,37.845526,-122.469291,6.649318,0.009541,-0.999954,37.0,8.0,0.0,0.993851,1622382800.0,366864850.0,37.825218,-122.486571,4.693786,-0.996458,-0.08409,60.0,19.0,10.0,0.985904,1622382800.0,367694350.0,37.823124,-122.459818,8.949963,0.81527,-0.579081,37.0,13.0,0.0,0.993928,1622382800.0,368052630.0,37.818564,-122.479996,5.2825,0.663214,0.74843,60.0,42.0,10.0,0.998058,199.88888888888889,3.011111111111111,7.005555555555556
1622382801.0,338096000.0,37.816939,-122.458615,5.119342,0.905739,-0.423835,60.0,19.0,4.0,0.99013,1622382801.0,338180966.0,37.845495,-122.469291,6.591988,0.019864,-0.999803,37.0,8.0,0.0,0.991806,1622382801.0,366864850.0,37.825216,-122.486598,4.544404,-0.995645,-0.093222,60.0,19.0,10.0,0.986951,1622382801.0,367694350.0,37.8231,-122.459776,8.962592,0.814688,-0.5799,37.0,13.0,0.0,0.991899,1622382801.0,368052630.0,37.818582,-122.479976,5.526835,0.680383,0.732857,60.0,42.0,10.0,0.997316,199.88333333333333,3.0116666666666667,7.005833333333333
1622382802.0,338096000.0,37.816929,-122.458588,5.113587,0.905435,-0.424484,60.0,19.0,4.0,0.98767,1622382802.0,338180966.0,37.845465,-122.46929,6.535571,0.03034,-0.99954,37.0,8.0,0.0,0.989763,1622382802.0,366864850.0,37.825214,-122.486624,4.391856,-0.99467,-0.103105,60.0,19.0,10.0,0.987964,1622382802.0,367694350.0,37.823076,-122.459733,8.974927,0.814105,-0.580718,37.0,13.0,0.0,0.989869,1622382802.0,368052630.0,37.818601,-122.479954,5.776875,0.695944,0.718096,60.0,42.0,10.0,0.996527,199.87777777777777,3.0122222222222224,7.006111111111111
1622382803.0,338096000.0,37.816919,-122.458561,5.107828,0.905144,-0.425105,60.0,19.0,4.0,0.985213,1622382803.0,338180966.0,37.845435,-122.469289,6.480079,0.040966,-0.999161,37.0,8.0,0.0,0.987722,1622382803.0,366864850.0,37.825212,-122.48665,4.236208,-0.993499,-0.113839,60.0,19.0,10.0,0.988942,1622382803.0,367694350.0,37.823052,-122.45969,8.986967,0.81352,-0.581536,37.0,13.0,0.0,0.987836,1622382803.0,368052630.0,37.81862,-122.47993,6.030995,0.710012,0.704189,60.0,42.0,10.0,0.995689,199.87222222222223,3.012777777777778,7.006388888888889
1622382804.0,338096000.0,37.816909,-122.458534,5.102065,0.904866,-0.425697,60.0,19.0,4.0,0.982759,1622382804.0,338180966.0,37.845405,-122.469287,6.425527,0.051744,-0.99866,37.0,8.0,0.0,0.985683,1622382804.0,366864850.0,37.82521,-122.486675,4.077532,-0.992088,-0.125544,60.0,19.0,10.0,0.989884,1622382804.0,367694350.0,37.823028,-122.459647,8.998714,0.812935,-0.582354,37.0,13.0,0.0,0.985801,1622382804.0,368052630.0,37.81864,-122.479905,6.28341,0.722508,0.691362,60.0,42.0,10.0,0.994802,199.86666666666667,3.013333333333333,7.006666666666667
1622382805.0,338096000.0,37.816899,-122.458507,5.096298,0.904601,-0.42626,60.0,19.0,4.0,0.980308,1622382805.0,338180966.0,37.845375,-122.469285,6.371927,0.062671,-0.998034,37.0,8.0,0.0,0.983646,1622382805.0,366864850.0,37.825207,-122.486698,3.915921,-0.990382,-0.138362,60.0,19.0,10.0,0.99079,1622382805.0,367694350.0,37.823004,-122.459604,9.010166,0.812349,-0.583172,37.0,13.0,0.0,0.983764,1622382805.0,368052630.0,37.81866,-122.479878,6.532392,0.733603,0.679578,60.0,42.0,10.0,0.993867,199.86111111111111,3.013888888888889,7.006944444444445
1622382806.0,338096000.0,37.816889,-122.45848,5.090525,0.904348,-0.426795,60.0,19.0,4.0,0.97786,1622382806.0,338180966.0,37.845346,-122.469283,6.319294,0.073747,-0.997277,37.0,8.0,0.0,0.98161,1622382806.0,366864850.0,37.825205,-122.486721,3.751484,-0.988309,-0.152463,60.0,19.0,10.0,0.991658,1622382806.0,367694350.0,37.822979,-122.459561,9.021323,0.811761,-0.58399,37.0,13.0,0.0,0.981725,1622382806.0,368052630.0,37.81868,-122.47985,6.777636,0.7435,0.668736,60.0,42.0,10.0,0.992885,199.85555555555555,3.0144444444444445,7.007222222222223
1622382807.0,338096000.0,37.816879,-122.458453,5.084748,0.904109,-0.427302,60.0,19.0,4.0,0.975415,1622382807.0,338180966.0,37.845316,-122.46928,6.267641,0.08497,-0.996384,37.0,8.0,0.0,0.979575,1622382807.0,366864850.0,37.825202,-122.486743,3.584353,-0.985779,-0.16805,60.0,19.0,10.0,0.992488,1622382807.0,367694350.0,37.822955,-122.459519,9.032187,0.811172,-0.584808,37.0,13.0,0.0,0.979685,1622382807.0,368052630.0,37.818701,-122.479821,7.018887,0.75237,0.658741,60.0,42.0,10.0,0.991857,199.85,3.015,7.0075
1622382808.0,338096000.0,37.816869,-122.458426,5.078965,0.903883,-0.427779,60.0,19.0,4.0,0.972973,1622382808.0,338180966.0,37.845287,-122.469277,6.216981,0.096338,-0.995349,37.0,8.0,0.0,0.977542,1622382808.0,366864850.0,37.8252,-122.486763,3.414693,-0.982669,-0.185369,60.0,19.0,10.0,0.99328,1622382808.0,367694350.0,37.82293,-122.459476,9.042757,0.810581,-0.585626,37.0,13.0,0.0,0.977642,1622382808.0,368052630.0,37.818723,-122.47979,7.255932,0.76035,0.649514,60.0,42.0,10.0,0.990784,199.84444444444443,3.015555555555556,7.007777777777778
1622382809.0,338096000.0,37.816858,-122.458399,5.073176,0.903671,-0.428228,60.0,19.0,4.0,0.970534,1622382809.0,338180966.0,37.845259,-122.469274,6.167329,0.107849,-0.994167,37.0,8.0,0.0,0.975509,1622382809.0,366864850.0,37.825197,-122.486783,3.242711,-0.978821,-0.20472,60.0,19.0,10.0,0.994031,1622382809.0,367694350.0,37.822906,-122.459433,9.053033,0.80999,-0.586444,37.0,13.0,0.0,0.975598,1622382809.0,368052630.0,37.818744,-122.479758,7.488591,0.767558,0.64098,60.0,42.0,10.0,0.989667,199.8388888888889,3.016111111111111,7.008055555555556
1622382810.0,338096000.0,37.816848,-122.458372,5.067382,0.903471,-0.428649,60.0,19.0,4.0,0.968098,1622382810.0,338180966.0,37.84523,-122.46927,6.118697,0.1195,-0.992834,37.0,8.0,0.0,0.973478,1622382810.0,366864850.0,37.825194,-122.486802,3.068663,-0.974018,-0.226469,60.0,19.0,10.0,0.994742,1622382810.0,367694350.0,37.822881,-122.45939,9.063015,0.809397,-0.587263,37.0,13.0,0.0,0.973553,1622382810.0,368052630.0,37.818767,-122.479724,7.716711,0.774091,0.633075,60.0,42.0,10.0,0.988507,199.8333333333333,3.0166666666666666,7.008333333333334
1622382811.0,338096000.0,37.816838,-122.458346,5.061581,0.903286,-0.42904,60.0,19.0,4.0,0.965665,1622382811.0,338180966.0,37.845202,-122.469266,6.0711,0.131289,-0.991344,37.0,8.0,0.0,0.971447,1622382811.0,366864850.0,37.82519,-122.486819,2.89288,-0.967969,-0.251068,60.0,19.0,10.0,0.995411,1622382811.0,367694350.0,37.822857,-122.459347,9.072703,0.808802,-0.588081,37.0,13.0,0.0,0.971506,1622382811.0,368052630.0,37.818789,-122.479689,7.940161,0.780031,0.625741,60.0,42.0,10.0,0.987305,199.82777777777773,3.0172222222222222,7.008611111111111
1622382812.0,338096000.0,37.816828,-122.458319,5.055774,0.903113,-0.429402,60.0,19.0,4.0,0.963234,1622382812.0,338180966.0,37.845175,-122.469261,6.024551,0.143212,-0.989692,37.0,8.0,0.0,0.969418,1622382812.0,366864850.0,37.825187,-122.486836,2.715786,-0.96027,-0.279073,60.0,19.0,10.0,0.996038,1622382812.0,367694350.0,37.822832,-122.459304,9.082097,0.808206,-0.588901,37.0,13.0,0.0,0.969457,1622382812.0,368052630.0,37.818812,-122.479653,8.15883,0.785448,0.618928,60.0,42.0,10.0,0.986061,199.82222222222225,3.017777777777778,7.0088888888888885
1622382813.0,338096000.0,37.816818,-122.458292,5.04996,0.902955,-0.429735,60.0,19.0,4.0,0.960807,1622382813.0,338180966.0,37.845147,-122.469256,5.979064,0.155266,-0.987873,37.0,8.0,0.0,0.967388,1622382813.0,366864850.0,37.825183,-122.486851,2.537939,-0.950353,-0.311173,60.0,19.0,10.0,0.996622,1622382813.0,367694350.0,37.822807,-122.459261,9.091197,0.807608,-0.58972,37.0,13.0,0.0,0.967408,1622382813.0,368052630.0,37.818836,-122.479615,8.372622,0.790401,0.61259,60.0,42.0,10.0,0.984778,199.81666666666663,3.018333333333333,7.009166666666666
1622382814.0,338096000.0,37.816808,-122.458265,5.04414,0.90281,-0.430039,60.0,19.0,4.0,0.958383,1622382814.0,338180966.0,37.84512,-122.46925,5.934651,0.167448,-0.985881,37.0,8.0,0.0,0.965359,1622382814.0,366864850.0,37.82518,-122.486865,2.360079,-0.937415,-0.348214,60.0,19.0,10.0,0.997163,1622382814.0,367694350.0,37.822783,-122.459218,9.100004,0.807008,-0.590541,37.0,13.0,0.0,0.965356,1622382814.0,368052630.0,37.818859,-122.479576,8.581451,0.794941,0.606686,60.0,42.0,10.0,0.983456,199.8111111111111,3.0188888888888887,7.009444444444444
1622382815.0,338096000.0,37.816798,-122.458239,5.038313,0.902679,-0.430314,60.0,19.0,4.0,0.955961,1622382815.0,338180966.0,37.845093,-122.469245,5.891326,0.179753,-0.983712,37.0,8.0,0.0,0.963331,1622382815.0,366864850.0,37.825176,-122.486878,2.183206,-0.920294,-0.391227,60.0,19.0,10.0,0.997658,1622382815.0,367694350.0,37.822758,-122.459175,9.108518,0.806407,-0.591361,37.0,13.0,0.0,0.963304,1622382815.0,368052630.0,37.818883,-122.479536,8.785246,0.799113,0.601181,60.0,42.0,10.0,0.982095,199.8055555555556,3.0194444444444444,7.009722222222222
1622382816.0,338096000.0,37.816788,-122.458212,5.032478,0.902562,-0.430559,60.0,19.0,4.0,0.953543,1622382816.0,338180966.0,37.845066,-122.469238,5.849102,0.192176,-0.981361,37.0,8.0,0.0,0.961303,1622382816.0,366864850.0,37.825172,-122.48689,2.008689,-0.897298,-0.441425,60.0,19.0,10.0,0.998109,1622382816.0,367694350.0,37.822733,-122.459132,9.116737,0.805803,-0.592183,37.0,13.0,0.0,0.961251,1622382816.0,368052630.0,37.818908,-122.479495,8.983943,0.802953,0.596043,60.0,42.0,10.0,0.980698,199.8,3.02,7.01
1622382817.0,338096000.0,37.816778,-122.458185,5.026637,0.902459,-0.430775,60.0,19.0,4.0,0.951127,1622382817.0,338180966.0,37.845039,-122.469232,5.807992,0.204712,-0.978822,37.0,8.0,0.0,0.959274,1622382817.0,366864850.0,37.825168,-122.4869,1.838435,-0.865942,-0.500145,60.0,19.0,10.0,0.998513,1622382817.0,367694350.0,37.822708,-122.459089,9.124664,0.805198,-0.593005,37.0,13.0,0.0,0.959196,1622382817.0,368052630.0,37.818933,-122.479453,9.177486,0.806494,0.591242,60.0,42.0,10.0,0.979265,199.79444444444445,3.020555555555556,7.010277777777778
1622382818.0,338096000.0,37.816768,-122.458159,5.020788,0.90237,-0.430961,60.0,19.0,4.0,0.948715,1622382818.0,338180966.0,37.845013,-122.469225,5.768008,0.217357,-0.976092,37.0,8.0,0.0,0.957246,1622382818.0,366864850.0,37.825164,-122.48691,1.675122,-0.822594,-0.568629,60.0,19.0,10.0,0.99887,1622382818.0,367694350.0,37.822683,-122.459046,9.132297,0.804592,-0.593829,37.0,13.0,0.0,0.95714,1622382818.0,368052630.0,37.818958,-122.47941,9.365826,0.809766,0.586753,60.0,42.0,10.0,0.977796,199.7888888888889,3.021111111111112,7.010555555555555
1622382819.0,338096000.0,37.816758,-122.458132,5.014932,0.902295,-0.431118,60.0,19.0,4.0,0.946305,1622382819.0,338180966.0,37.844987,-122.469217,5.729162,0.230104,-0.973166,37.0,8.0,0.0,0.955218,1622382819.0,366864850.0,37.825159,-122.486918,1.52253,-0.762085,-0.647477,60.0,19.0,10.0,0.999179,1622382819.0,367694350.0,37.822658,-122.459003,9.139636,0.803983,-0.594653,37.0,13.0,0.0,0.955084,1622382819.0,368052630.0,37.818983,-122.479365,9.548918,0.812793,0.582553,60.0,42.0,10.0,0.976294,199.78333333333333,3.0216666666666665,7.010833333333333
1622382820.0,338096000.0,37.816748,-122.458106,5.009068,0.902235,-0.431245,60.0,19.0,4.0,0.943898,1622382820.0,338180966.0,37.844961,-122.46921,5.691467,0.242948,-0.970039,37.0,8.0,0.0,0.95319,1622382820.0,366864850.0,37.825155,-122.486924,1.38593,-0.677546,-0.735481,60.0,19.0,10.0,0.999439,1622382820.0,367694350.0,37.822633,-122.45896,9.146683,0.803372,-0.595478,37.0,13.0,0.0,0.953027,1622382820.0,368052630.0,37.819009,-122.47932,9.726726,0.815597,0.578621,60.0,42.0,10.0,0.974759,199.77777777777777,3.022222222222222,7.011111111111111
1622382821.0,338096000.0,37.816738,-122.458079,5.003197,0.902188,-0.431343,60.0,19.0,4.0,0.941494,1622382821.0,338180966.0,37.844936,-122.469202,5.654934,0.255882,-0.966708,37.0,8.0,0.0,0.951161,1622382821.0,366864850.0,37.82515,-122.48693,1.272894,-0.56197,-0.827158,60.0,19.0,10.0,0.99965,1622382821.0,367694350.0,37.822607,-122.458917,9.153436,0.802759,-0.596304,37.0,13.0,0.0,0.950968,1622382821.0,368052630.0,37.819035,-122.479273,9.899214,0.818197,0.574938,60.0,42.0,10.0,0.973192,199.7722222222222,3.022777777777778,7.011388888888889
1622382822.0,338096000.0,37.816728,-122.458053,4.997318,0.902156,-0.43141,60.0,19.0,4.0,0.939093,1622382822.0,338180966.0,37.84491,-122.469193,5.619575,0.268899,-0.963168,37.0,8.0,0.0,0.949132,1622382822.0,366864850.0,37.825145,-122.486934,1.192737,-0.414093,-0.910235,60.0,19.0,10.0,0.999811,1622382822.0,367694350.0,37.822582,-122.458874,9.159897,0.802143,-0.597132,37.0,13.0,0.0,0.94891,1622382822.0,368052630.0,37.819061,-122.479226,10.066353,0.820611,0.571487,60.0,42.0,10.0,0.971593,199.76666666666668,3.023333333333333,7.011666666666667
1622382823.0,338096000.0,37.816718,-122.458026,4.991431,0.902138,-0.431447,60.0,19.0,4.0,0.936694,1622382823.0,338180966.0,37.844885,-122.469184,5.585399,0.281992,-0.959417,37.0,8.0,0.0,0.947103,1622382823.0,366864850.0,37.82514,-122.486937,1.151045,-0.239728,-0.97084,60.0,19.0,10.0,0.999923,1622382823.0,367694350.0,37.822557,-122.458831,9.166064,0.801526,-0.59796,37.0,13.0,0.0,0.94685,1622382823.0,368052630.0,37.819088,-122.479177,10.228114,0.822853,0.568254,60.0,42.0,10.0,0.969965,199.76111111111112,3.023888888888889,7.0119444444444445
1622382824.0,338096000.0,37.816708,-122.458,4.985537,0.902135,-0.431455,60.0,19.0,4.0,0.934299,1622382824.0,338180966.0,37.84486,-122.469175,5.552418,0.295154,-0.95545,37.0,8.0,0.0,0.945073,1622382824.0,366864850.0,37.825135,-122.486939,1.149955,-0.053419,-0.998572,60.0,19.0,10.0,0.999985,1622382824.0,367694350.0,37.822531,-122.458788,9.171938,0.800906,-0.59879,37.0,13.0,0.0,0.94479,1622382824.0,368052630.0,37.819115,-122.479128,10.384474,0.824938,0.565223,60.0,42.0,10.0,0.968308,199.7555555555556,3.0244444444444443,7.012222222222222
1622382825.0,338096000.0,37.816698,-122.457974,4.979635,0.902146,-0.431432,60.0,19.0,4.0,0.931906,1622382825.0,338180966.0,37.844836,-122.469166,5.520642,0.308376,-0.951265,37.0,8.0,0.0,0.943042,1622382825.0,366864850.0,37.82513,-122.486939,1.187632,0.125982,-0.992033,60.0,19.0,10.0,1.0,1622382825.0,367694350.0,37.822506,-122.458745,9.17752,0.800284,-0.599621,37.0,13.0,0.0,0.942729,1622382825.0,368052630.0,37.819142,-122.479078,10.53541,0.826877,0.562383,60.0,42.0,10.0,0.966623,199.75,3.025,7.0125
1622382826.0,338096000.0,37.816688,-122.457947,4.973725,0.902171,-0.431378,60.0,19.0,4.0,0.929516,1622382826.0,338180966.0,37.844812,-122.469156,5.490079,0.321651,-0.946858,37.0,8.0,0.0,0.941011,1622382826.0,366864850.0,37.825124,-122.486938,1.258797,0.283772,-0.958892,60.0,19.0,10.0,0.999968,1622382826.0,367694350.0,37.822481,-122.458702,9.182809,0.799659,-0.600454,37.0,13.0,0.0,0.940668,1622382826.0,368052630.0,37.819169,-122.479027,10.680903,0.82868,0.559723,60.0,42.0,10.0,0.964911,199.74444444444444,3.025555555555556,7.012777777777778
1622382827.0,338096000.0,37.816678,-122.457921,4.967808,0.902211,-0.431294,60.0,19.0,4.0,0.927129,1622382827.0,338180966.0,37.844787,-122.469145,5.460739,0.33497,-0.942229,37.0,8.0,0.0,0.938979,1622382827.0,366864850.0,37.825119,-122.486936,1.356546,0.413804,-0.910366,60.0,19.0,10.0,0.999889,1622382827.0,367694350.0,37.822455,-122.458659,9.187805,0.799032,-0.601288,37.0,13.0,0.0,0.938607,1622382827.0,368052630.0,37.819197,-122.478975,10.820935,0.830358,0.557231,60.0,42.0,10.0,0.963174,199.73888888888888,3.026111111111111,7.013055555555556
1622382828.0,338096000.0,37.816668,-122.457895,4.961883,0.902266,-0.43118,60.0,19.0,4.0,0.924745,1622382828.0,338180966.0,37.844764,-122.469134,5.432629,0.348323,-0.937374,37.0,8.0,0.0,0.936947,1622382828.0,366864850.0,37.825113,-122.486933,1.474116,0.516933,-0.856026,60.0,19.0,10.0,0.999764,1622382828.0,367694350.0,37.822429,-122.458616,9.192509,0.798403,-0.602124,37.0,13.0,0.0,0.936546,1622382828.0,368052630.0,37.819225,-122.478923,10.955491,0.831918,0.554899,60.0,42.0,10.0,0.961411,199.7333333333333,3.026666666666667,7.013333333333334
1622382829.0,338096000.0,37.816659,-122.457869,4.955951,0.902335,-0.431035,60.0,19.0,4.0,0.922364,1622382829.0,338180966.0,37.84474,-122.469123,5.405759,0.361703,-0.932293,37.0,8.0,0.0,0.934913,1622382829.0,366864850.0,37.825107,-122.486928,1.605816,0.597352,-0.801979,60.0,19.0,10.0,0.999595,1622382829.0,367694350.0,37.822404,-122.458573,9.196921,0.797771,-0.602961,37.0,13.0,0.0,0.934484,1622382829.0,368052630.0,37.819253,-122.478869,11.084555,0.833369,0.552718,60.0,42.0,10.0,0.959624,199.7277777777778,3.027222222222222,7.013611111111112
1622382830.0,338096000.0,37.816649,-122.457843,4.950011,0.902419,-0.430859,60.0,19.0,4.0,0.919985,1622382830.0,338180966.0,37.844717,-122.469112,5.380133,0.3751,-0.926984,37.0,8.0,0.0,0.932879,1622382830.0,366864850.0,37.825101,-122.486923,1.747242,0.659894,-0.751358,60.0,19.0,10.0,0.999382,1622382830.0,367694350.0,37.822378,-122.45853,9.20104,0.797136,-0.6038,37.0,13.0,0.0,0.932422,1622382830.0,368052630.0,37.819281,-122.478815,11.208115,0.834717,0.55068,60.0,42.0,10.0,0.957815,199.72222222222223,3.0277777777777777,7.013888888888889
1622382831.0,338096000.0,37.816639,-122.457816,4.944064,0.902518,-0.430653,60.0,19.0,4.0,0.917609,1622382831.0,338180966.0,37.844694,-122.4691,5.355759,0.388504,-0.921447,37.0,8.0,0.0,0.930843,1622382831.0,366864850.0,37.825095,-122.486916,1.895121,0.708818,-0.705392,60.0,19.0,10.0,0.999125,1622382831.0,367694350.0,37.822353,-122.458487,9.204867,0.796498,-0.604641,37.0,13.0,0.0,0.93036,1622382831.0,368052630.0,37.81931,-122.47876,11.326159,0.835968,0.548778,60.0,42.0,10.0,0.955984,199.71666666666667,3.0283333333333333,7.014166666666667
1622382832.0,338096000.0,37.816629,-122.45779,4.938109,0.902631,-0.430415,60.0,19.0,4.0,0.915236,1622382832.0,338180966.0,37.844671,-122.469088,5.332642,0.401905,-0.915681,37.0,8.0,0.0,0.928807,1622382832.0,366864850.0,37.825089,-122.486908,2.047057,0.747482,-0.664282,60.0,19.0,10.0,0.998826,1622382832.0,367694350.0,37.822327,-122.458444,9.208402,0.795858,-0.605484,37.0,13.0,0.0,0.928298,1622382832.0,368052630.0,37.819339,-122.478705,11.438676,0.837129,0.547005,60.0,42.0,10.0,0.954132,199.7111111111111,3.028888888888889,7.014444444444444
1622382833.0,338096000.0,37.816619,-122.457764,4.932147,0.902759,-0.430146,60.0,19.0,4.0,0.912866,1622382833.0,338180966.0,37.844648,-122.469075,5.310787,0.415294,-0.909687,37.0,8.0,0.0,0.92677,1622382833.0,366864850.0,37.825083,-122.486899,2.201299,0.778414,-0.627751,60.0,19.0,10.0,0.998485,1622382833.0,367694350.0,37.822301,-122.458401,9.211644,0.795214,-0.606328,37.0,13.0,0.0,0.926236,1622382833.0,368052630.0,37.819368,-122.478649,11.545657,0.838204,0.545357,60.0,42.0,10.0,0.95226,199.70555555555555,3.0294444444444446,7.014722222222222
1622382834.0,338096000.0,37.816609,-122.457738,4.926179,0.902902,-0.429846,60.0,19.0,4.0,0.910498,1622382834.0,338180966.0,37.844626,-122.469062,5.290197,0.42866,-0.903466,37.0,8.0,0.0,0.924731,1622382834.0,366864850.0,37.825076,-122.486889,2.35656,0.80348,-0.595332,60.0,19.0,10.0,0.998103,1622382834.0,367694350.0,37.822275,-122.458358,9.214595,0.794568,-0.607175,37.0,13.0,0.0,0.924174,1622382834.0,368052630.0,37.819397,-122.478592,11.647093,0.839197,0.543827,60.0,42.0,10.0,0.950369,199.7,3.03,7.015
1622382835.0,338096000.0,37.8166,-122.457712,4.920204,0.90306,-0.429514,60.0,19.0,4.0,0.908133,1622382835.0,338180966.0,37.844604,-122.469049,5.270877,0.441994,-0.897018,37.0,8.0,0.0,0.922691,1622382835.0,366864850.0,37.82507,-122.486878,2.511884,0.824049,-0.566518,60.0,19.0,10.0,0.997681,1622382835.0,367694350.0,37.822249,-122.458315,9.217254,0.793919,-0.608024,37.0,13.0,0.0,0.922113,1622382835.0,368052630.0,37.819426,-122.478535,11.742976,0.840114,0.54241,60.0,42.0,10.0,0.94846,199.69444444444449,3.0305555555555554,7.0152777777777775
1622382836.0,338096000.0,37.81659,-122.457686,4.914222,0.903233,-0.429151,60.0,19.0,4.0,0.905771,1622382836.0,338180966.0,37.844582,-122.469036,5.252827,0.455284,-0.890346,37.0,8.0,0.0,0.920651,1622382836.0,366864850.0,37.825063,-122.486866,2.666551,0.841134,-0.540827,60.0,19.0,10.0,0.99722,1622382836.0,367694350.0,37.822223,-122.458272,9.219622,0.793267,-0.608874,37.0,13.0,0.0,0.920052,1622382836.0,368052630.0,37.819456,-122.478477,11.833298,0.840956,0.541103,60.0,42.0,10.0,0.946534,199.6888888888889,3.031111111111111,7.015555555555555
1622382837.0,338096000.0,37.81658,-122.45766,4.908246,0.903418,-0.428762,60.0,19.0,4.0,0.903412,1622382837.0,338180966.0,37.84456,-122.469021,5.23605,0.468522,-0.883452,37.0,8.0,0.0,0.918609,1622382837.0,366864850.0,37.825056,-122.486853,2.820012,0.855485,-0.517828,60.0,19.0,10.0,0.99672,1622382837.0,367694350.0,37.822197,-122.458229,9.221698,0.792611,-0.609727,37.0,13.0,0.0,0.917991,1622382837.0,368052630.0,37.819485,-122.478419,11.918055,0.841729,0.539901,60.0,42.0,10.0,0.944593,199.6833333333333,3.0316666666666667,7.015833333333333
1622382838.0,338096000.0,37.81657,-122.457634,4.902327,0.903605,-0.428367,60.0,19.0,4.0,0.901055,1622382838.0,338180966.0,37.844539,-122.469007,5.220547,0.481696,-0.876339,37.0,8.0,0.0,0.916565,1622382838.0,366864850.0,37.82505,-122.486839,2.971845,0.867666,-0.497147,60.0,19.0,10.0,0.996182,1622382838.0,367694350.0,37.822171,-122.458186,9.223482,0.791953,-0.610583,37.0,13.0,0.0,0.915931,1622382838.0,368052630.0,37.819515,-122.47836,11.997238,0.842434,0.5388,60.0,42.0,10.0,0.942637,199.67777777777772,3.0322222222222224,7.016111111111111
1622382839.0,338096000.0,37.816561,-122.457608,4.896479,0.903792,-0.427971,60.0,19.0,4.0,0.898701,1622382839.0,338180966.0,37.844518,-122.468992,5.206316,0.494796,-0.869009,37.0,8.0,0.0,0.914521,1622382839.0,366864850.0,37.825043,-122.486824,3.12172,0.878107,-0.478464,60.0,19.0,10.0,0.995607,1622382839.0,367694350.0,37.822145,-122.458144,9.224975,0.791291,-0.61144,37.0,13.0,0.0,0.913871,1622382839.0,368052630.0,37.819545,-122.478301,12.070845,0.843074,0.537797,60.0,42.0,10.0,0.940667,199.67222222222225,3.0327777777777776,7.016388888888889
1622382840.0,338096000.0,37.816551,-122.457582,4.8907,0.90398,-0.427576,60.0,19.0,4.0,0.89635,1622382840.0,338180966.0,37.844497,-122.468977,5.193358,0.507813,-0.861468,37.0,8.0,0.0,0.912475,1622382840.0,366864850.0,37.825036,-122.486807,3.269374,0.887137,-0.461507,60.0,19.0,10.0,0.994996,1622382840.0,367694350.0,37.822119,-122.458101,9.226177,0.790625,-0.6123,37.0,13.0,0.0,0.911812,1622382840.0,368052630.0,37.819575,-122.478241,12.138869,0.843653,0.536889,60.0,42.0,10.0,0.938684,199.66666666666663,3.033333333333333,7.016666666666667
1622382841.0,338096000.0,37.816541,-122.457556,4.884991,0.904167,-0.42718,60.0,19.0,4.0,0.894001,1622382841.0,338180966.0,37.844476,-122.468962,5.181669,0.520735,-0.853718,37.0,8.0,0.0,0.910428,1622382841.0,366864850.0,37.825029,-122.48679,3.4146,0.89501,-0.446047,60.0,19.0,10.0,0.994349,1622382841.0,367694350.0,37.822093,-122.458058,9.227088,0.789956,-0.613163,37.0,13.0,0.0,0.909754,1622382841.0,368052630.0,37.819605,-122.478181,12.201307,0.844171,0.536075,60.0,42.0,10.0,0.936689,199.6611111111111,3.033888888888889,7.016944444444444
1622382842.0,338096000.0,37.816532,-122.45753,4.879353,0.904354,-0.426784,60.0,19.0,4.0,0.891655,1622382842.0,338180966.0,37.844456,-122.468946,5.171246,0.533555,-0.845766,37.0,8.0,0.0,0.90838,1622382842.0,366864850.0,37.825022,-122.486773,3.557229,0.901927,-0.431889,60.0,19.0,10.0,0.993667,1622382842.0,367694350.0,37.822067,-122.458015,9.227708,0.789284,-0.614028,37.0,13.0,0.0,0.907696,1622382842.0,368052630.0,37.819635,-122.478121,12.258154,0.84463,0.53535,60.0,42.0,10.0,0.934684,199.6555555555556,3.0344444444444445,7.017222222222222
1622382843.0,338096000.0,37.816522,-122.457505,4.873784,0.90454,-0.426388,60.0,19.0,4.0,0.889311,1622382843.0,338180966.0,37.844435,-122.46893,5.162086,0.546261,-0.837615,37.0,8.0,0.0,0.90633,1622382843.0,366864850.0,37.825015,-122.486754,3.697124,0.908047,-0.418868,60.0,19.0,10.0,0.992952,1622382843.0,367694350.0,37.822041,-122.457973,9.228037,0.788608,-0.614896,37.0,13.0,0.0,0.905639,1622382843.0,368052630.0,37.819666,-122.47806,12.309409,0.845034,0.534713,60.0,42.0,10.0,0.932669,199.65,3.035,7.0175
1622382844.0,338096000.0,37.816512,-122.457479,4.868284,0.904727,-0.425991,60.0,19.0,4.0,0.88697,1622382844.0,338180966.0,37.844415,-122.468913,5.154184,0.558844,-0.829273,37.0,8.0,0.0,0.90428,1622382844.0,366864850.0,37.825008,-122.486734,3.834172,0.913498,-0.406844,60.0,19.0,10.0,0.992203,1622382844.0,367694350.0,37.822014,-122.45793,9.228075,0.787929,-0.615766,37.0,13.0,0.0,0.903583,1622382844.0,368052630.0,37.819696,-122.477999,12.355068,0.845382,0.534163,60.0,42.0,10.0,0.930645,199.64444444444445,3.035555555555556,7.017777777777778
1622382845.0,338096000.0,37.816503,-122.457453,4.862855,0.904914,-0.425595,60.0,19.0,4.0,0.884632,1622382845.0,338180966.0,37.844396,-122.468896,5.147534,0.571295,-0.820745,37.0,8.0,0.0,0.902227,1622382845.0,366864850.0,37.825,-122.486714,3.96828,0.918381,-0.395697,60.0,19.0,10.0,0.991422,1622382845.0,367694350.0,37.821988,-122.457888,9.227823,0.787246,-0.61664,37.0,13.0,0.0,0.901528,1622382845.0,368052630.0,37.819727,-122.477938,12.395128,0.845676,0.533697,60.0,42.0,10.0,0.928613,199.63888888888889,3.036111111111111,7.018055555555556
1622382846.0,338096000.0,37.816493,-122.457427,4.857496,0.9051,-0.425198,60.0,19.0,4.0,0.882296,1622382846.0,338180966.0,37.844376,-122.468879,5.14213,0.583606,-0.812037,37.0,8.0,0.0,0.900174,1622382846.0,366864850.0,37.824993,-122.486692,4.099369,0.922781,-0.385325,60.0,19.0,10.0,0.990609,1622382846.0,367694350.0,37.821962,-122.457845,9.227281,0.786559,-0.617516,37.0,13.0,0.0,0.899474,1622382846.0,368052630.0,37.819757,-122.477877,12.429588,0.845917,0.533314,60.0,42.0,10.0,0.926575,199.63333333333333,3.036666666666666,7.0183333333333335
1622382847.0,338096000.0,37.816484,-122.457401,4.852206,0.905286,-0.424802,60.0,19.0,4.0,0.879962,1622382847.0,338180966.0,37.844357,-122.468862,5.137963,0.595768,-0.803157,37.0,8.0,0.0,0.898119,1622382847.0,366864850.0,37.824986,-122.48667,4.227375,0.926767,-0.375638,60.0,19.0,10.0,0.989765,1622382847.0,367694350.0,37.821935,-122.457803,9.226448,0.785868,-0.618395,37.0,13.0,0.0,0.897422,1622382847.0,368052630.0,37.819788,-122.477815,12.458446,0.846106,0.533014,60.0,42.0,10.0,0.924531,199.62777777777777,3.0372222222222223,7.018611111111111
1622382848.0,338096000.0,37.816474,-122.457376,4.846987,0.905472,-0.424405,60.0,19.0,4.0,0.877631,1622382848.0,338180966.0,37.844338,-122.468844,5.135025,0.607772,-0.794112,37.0,8.0,0.0,0.896063,1622382848.0,366864850.0,37.824978,-122.486647,4.352242,0.930394,-0.36656,60.0,19.0,10.0,0.988892,1622382848.0,367694350.0,37.821909,-122.45776,9.225325,0.785173,-0.619277,37.0,13.0,0.0,0.89537,1622382848.0,368052630.0,37.819819,-122.477753,12.481701,0.846244,0.532795,60.0,42.0,10.0,0.922482,199.62222222222223,3.037777777777778,7.018888888888889
1622382849.0,338096000.0,37.816464,-122.45735,4.841837,0.905658,-0.424008,60.0,19.0,4.0,0.875302,1622382849.0,338180966.0,37.844319,-122.468825,5.133308,0.619611,-0.784909,37.0,8.0,0.0,0.894006,1622382849.0,366864850.0,37.824971,-122.486623,4.473922,0.933712,-0.358026,60.0,19.0,10.0,0.987988,1622382849.0,367694350.0,37.821883,-122.457718,9.223912,0.784474,-0.620162,37.0,13.0,0.0,0.89332,1622382849.0,368052630.0,37.819849,-122.477692,12.499351,0.846332,0.532656,60.0,42.0,10.0,0.920429,199.61666666666667,3.038333333333333,7.019166666666667
1622382850.0,338096000.0,37.816455,-122.457324,4.836757,0.905844,-0.423611,60.0,19.0,4.0,0.872976,1622382850.0,338180966.0,37.8443,-122.468807,5.1328,0.631278,-0.775557,37.0,8.0,0.0,0.891947,1622382850.0,366864850.0,37.824964,-122.486599,4.592377,0.936759,-0.349976,60.0,19.0,10.0,0.987057,1622382850.0,367694350.0,37.821856,-122.457675,9.222209,0.783771,-0.62105,37.0,13.0,0.0,0.891271,1622382850.0,368052630.0,37.81988,-122.47763,12.511397,0.846369,0.532598,60.0,42.0,10.0,0.918374,199.61111111111111,3.0388888888888888,7.019444444444445
1622382851.0,338096000.0,37.816446,-122.457299,4.831747,0.90603,-0.423214,60.0,19.0,4.0,0.870651,1622382851.0,338180966.0,37.844282,-122.468788,5.133491,0.642765,-0.766063,37.0,8.0,0.0,0.889888,1622382851.0,366864850.0,37.824956,-122.486574,4.707572,0.939568,-0.342361,60.0,19.0,10.0,0.986097,1622382851.0,367694350.0,37.82183,-122.457633,9.220217,0.783063,-0.621942,37.0,13.0,0.0,0.889223,1622382851.0,368052630.0,37.819911,-122.477568,12.517838,0.846355,0.532619,60.0,42.0,10.0,0.916317,199.60555555555555,3.0394444444444444,7.019722222222223
1622382852.0,338096000.0,37.816436,-122.457273,4.826807,0.906215,-0.422817,60.0,19.0,4.0,0.868329,1622382852.0,338180966.0,37.844264,-122.468768,5.135369,0.654067,-0.756437,37.0,8.0,0.0,0.887827,1622382852.0,366864850.0,37.824949,-122.486548,4.819476,0.94217,-0.335136,60.0,19.0,10.0,0.985111,1622382852.0,367694350.0,37.821803,-122.457591,9.217935,0.782352,-0.622837,37.0,13.0,0.0,0.887177,1622382852.0,368052630.0,37.819942,-122.477506,12.518674,0.846292,0.53272,60.0,42.0,10.0,0.914259,199.6,3.04,7.02
1622382853.0,338096000.0,37.816427,-122.457247,4.821937,0.9064,-0.42242,60.0,19.0,4.0,0.86601,1622382853.0,338180966.0,37.844246,-122.468749,5.138421,0.665177,-0.746686,37.0,8.0,0.0,0.885765,1622382853.0,366864850.0,37.824941,-122.486521,4.928064,0.944587,-0.328262,60.0,19.0,10.0,0.984098,1622382853.0,367694350.0,37.821777,-122.457548,9.215364,0.781636,-0.623735,37.0,13.0,0.0,0.885133,1622382853.0,368052630.0,37.819973,-122.477444,12.513906,0.846178,0.5329,60.0,42.0,10.0,0.912201,199.59444444444443,3.040555555555556,7.020277777777777
1622382854.0,338096000.0,37.816417,-122.457222,4.817137,0.906585,-0.422023,60.0,19.0,4.0,0.863692,1622382854.0,338180966.0,37.844228,-122.468729,5.142635,0.676089,-0.73682,37.0,8.0,0.0,0.883701,1622382854.0,366864850.0,37.824934,-122.486494,5.033315,0.94684,-0.321704,60.0,19.0,10.0,0.98306,1622382854.0,367694350.0,37.82175,-122.457506,9.212503,0.780916,-0.624637,37.0,13.0,0.0,0.88309,1622382854.0,368052630.0,37.820004,-122.477381,12.503534,0.846014,0.53316,60.0,42.0,10.0,0.910145,199.5888888888889,3.041111111111112,7.020555555555555
1622382855.0,338096000.0,37.816408,-122.457196,4.812406,0.90677,-0.421626,60.0,19.0,4.0,0.861377,1622382855.0,338180966.0,37.84421,-122.468708,5.147995,0.686799,-0.726848,37.0,8.0,0.0,0.881637,1622382855.0,366864850.0,37.824926,-122.486466,5.135207,0.948949,-0.31543,60.0,19.0,10.0,0.981997,1622382855.0,367694350.0,37.821723,-122.457464,9.209354,0.780191,-0.625542,37.0,13.0,0.0,0.881049,1622382855.0,368052630.0,37.820034,-122.47732,12.48756,0.845799,0.533501,60.0,42.0,10.0,0.908091,199.5833333333333,3.0416666666666665,7.020833333333333
1622382856.0,338096000.0,37.816398,-122.457171,4.807746,0.906954,-0.421229,60.0,19.0,4.0,0.859063,1622382856.0,338180966.0,37.844193,-122.468688,5.154488,0.697302,-0.716778,37.0,8.0,0.0,0.879572,1622382856.0,366864850.0,37.824919,-122.486438,5.233726,0.950928,-0.309413,60.0,19.0,10.0,0.98091,1622382856.0,367694350.0,37.821697,-122.457422,9.205915,0.779461,-0.626451,37.0,13.0,0.0,0.87901,1622382856.0,368052630.0,37.820065,-122.477258,12.465984,0.845533,0.533924,60.0,42.0,10.0,0.90604,199.57777777777773,3.042222222222222,7.021111111111111
1622382857.0,338096000.0,37.816389,-122.457145,4.803155,0.907138,-0.420832,60.0,19.0,4.0,0.856752,1622382857.0,338180966.0,37.844176,-122.468667,5.162098,0.707594,-0.706619,37.0,8.0,0.0,0.877505,1622382857.0,366864850.0,37.824911,-122.486408,5.328855,0.952791,-0.303628,60.0,19.0,10.0,0.9798,1622382857.0,367694350.0,37.82167,-122.45738,9.202249,0.778734,-0.627355,37.0,13.0,0.0,0.876973,1622382857.0,368052630.0,37.820096,-122.477196,12.438809,0.845214,0.534428,60.0,42.0,10.0,0.903994,199.57222222222225,3.042777777777778,7.021388888888889
1622382858.0,338096000.0,37.81638,-122.45712,4.798634,0.907322,-0.420435,60.0,19.0,4.0,0.854443,1622382858.0,338180966.0,37.844159,-122.468645,5.170808,0.717671,-0.696382,37.0,8.0,0.0,0.875438,1622382858.0,366864850.0,37.824904,-122.486379,5.420582,0.954549,-0.298053,60.0,19.0,10.0,0.978667,1622382858.0,367694350.0,37.821643,-122.457338,9.198598,0.778035,-0.628221,37.0,13.0,0.0,0.874937,1622382858.0,368052630.0,37.820127,-122.477134,12.406037,0.844842,0.535016,60.0,42.0,10.0,0.901953,199.56666666666663,3.043333333333333,7.0216666666666665
1622382859.0,338096000.0,37.81637,-122.457094,4.794183,0.907506,-0.420039,60.0,19.0,4.0,0.852136,1622382859.0,338180966.0,37.844142,-122.468624,5.180604,0.727531,-0.686074,37.0,8.0,0.0,0.87337,1622382859.0,366864850.0,37.824896,-122.486348,5.508895,0.956214,-0.292668,60.0,19.0,10.0,0.977513,1622382859.0,367694350.0,37.821617,-122.457296,9.195022,0.777372,-0.629041,37.0,13.0,0.0,0.872904,1622382859.0,368052630.0,37.820157,-122.477073,12.36767,0.844416,0.535688,60.0,42.0,10.0,0.899918,199.5611111111111,3.043888888888889,7.021944444444444
1622382860.0,338096000.0,37.816361,-122.457069,4.789801,0.90769,-0.419642,60.0,19.0,4.0,0.849831,1622382860.0,338180966.0,37.844126,-122.468601,5.191466,0.737172,-0.675706,37.0,8.0,0.0,0.871301,1622382860.0,366864850.0,37.824889,-122.486317,5.593785,0.957794,-0.287454,60.0,19.0,10.0,0.976339,1622382860.0,367694350.0,37.82159,-122.457254,9.191519,0.776745,-0.629815,37.0,13.0,0.0,0.870872,1622382860.0,368052630.0,37.820188,-122.477012,12.323711,0.843934,0.536446,60.0,42.0,10.0,0.897891,199.5555555555556,3.0444444444444443,7.022222222222222
1622382861.0,338096000.0,37.816352,-122.457043,4.78549,0.907873,-0.419246,60.0,19.0,4.0,0.847528,1622382861.0,338180966.0,37.84411,-122.468579,5.203379,0.74659,-0.665285,37.0,8.0,0.0,0.869231,1622382861.0,366864850.0,37.824881,-122.486286,5.675243,0.959298,-0.282395,60.0,19.0,10.0,0.975144,1622382861.0,367694350.0,37.821563,-122.457212,9.188087,0.776155,-0.630543,37.0,13.0,0.0,0.868842,1622382861.0,368052630.0,37.820219,-122.476951,12.274165,0.843396,0.537293,60.0,42.0,10.0,0.895872,199.55,3.045,7.0225
1622382862.0,338096000.0,37.816342,-122.457018,4.781248,0.908056,-0.418849,60.0,19.0,4.0,0.845227,1622382862.0,338180966.0,37.844094,-122.468556,5.216324,0.755784,-0.654821,37.0,8.0,0.0,0.867161,1622382862.0,366864850.0,37.824874,-122.486254,5.753261,0.960733,-0.277475,60.0,19.0,10.0,0.973929,1622382862.0,367694350.0,37.821536,-122.457171,9.184724,0.775601,-0.631224,37.0,13.0,0.0,0.866814,1622382862.0,368052630.0,37.820249,-122.47689,12.219033,0.842798,0.538229,60.0,42.0,10.0,0.893862,199.54444444444445,3.045555555555556,7.022777777777778
1622382863.0,338096000.0,37.816333,-122.456992,4.777077,0.908238,-0.418453,60.0,19.0,4.0,0.842928,1622382863.0,338180966.0,37.844078,-122.468533,5.230282,0.764753,-0.644323,37.0,8.0,0.0,0.865089,1622382863.0,366864850.0,37.824867,-122.486222,5.827832,0.962105,-0.272681,60.0,19.0,10.0,0.972697,1622382863.0,367694350.0,37.821509,-122.457129,9.18143,0.775083,-0.631859,37.0,13.0,0.0,0.864787,1622382863.0,368052630.0,37.82028,-122.47683,12.158322,0.84214,0.539258,60.0,42.0,10.0,0.891862,199.5388888888889,3.046111111111111,7.023055555555556
1622382864.0,338096000.0,37.816324,-122.456967,4.772975,0.908421,-0.418057,60.0,19.0,4.0,0.84063,1622382864.0,338180966.0,37.844062,-122.46851,5.245236,0.773498,-0.633799,37.0,8.0,0.0,0.863018,1622382864.0,366864850.0,37.824859,-122.486189,5.898952,0.963419,-0.267999,60.0,19.0,10.0,0.971446,1622382864.0,367694350.0,37.821483,-122.457087,9.178203,0.774602,-0.632449,37.0,13.0,0.0,0.862762,1622382864.0,368052630.0,37.82031,-122.47677,12.093212,0.841443,0.540346,60.0,42.0,10.0,0.889874,199.53333333333333,3.046666666666667,7.023333333333333
1622382865.0,338096000.0,37.816315,-122.456942,4.768942,0.908603,-0.417661,60.0,19.0,4.0,0.838335,1622382865.0,338180966.0,37.844047,-122.468486,5.261165,0.782016,-0.623258,37.0,8.0,0.0,0.860946,1622382865.0,366864850.0,37.824852,-122.486156,5.966614,0.964682,-0.263417,60.0,19.0,10.0,0.970179,1622382865.0,367694350.0,37.821456,-122.457046,9.175042,0.774158,-0.632992,37.0,13.0,0.0,0.860739,1622382865.0,368052630.0,37.82034,-122.47671,12.028417,0.8408,0.541347,60.0,42.0,10.0,0.887898,199.52777777777777,3.047222222222222,7.023611111111111
1622382866.0,338096000.0,37.816305,-122.456916,4.76498,0.908784,-0.417266,60.0,19.0,4.0,0.836041,1622382866.0,338180966.0,37.844032,-122.468462,5.278051,0.79031,-0.612708,37.0,8.0,0.0,0.858873,1622382866.0,366864850.0,37.824845,-122.486122,6.030815,0.965897,-0.258925,60.0,19.0,10.0,0.968895,1622382866.0,367694350.0,37.821429,-122.457004,9.171945,0.773751,-0.63349,37.0,13.0,0.0,0.858717,1622382866.0,368052630.0,37.82037,-122.476651,11.965109,0.840235,0.542222,60.0,42.0,10.0,0.885934,199.5222222222222,3.0477777777777777,7.023888888888889
1622382867.0,338096000.0,37.816296,-122.456891,4.761088,0.908966,-0.416871,60.0,19.0,4.0,0.833749,1622382867.0,338180966.0,37.844017,-122.468437,5.295874,0.798378,-0.602156,37.0,8.0,0.0,0.8568,1622382867.0,366864850.0,37.824838,-122.486088,6.091551,0.96707,-0.254512,60.0,19.0,10.0,0.967596,1622382867.0,367694350.0,37.821402,-122.456962,9.168912,0.773382,-0.633941,37.0,13.0,0.0,0.856696,1622382867.0,368052630.0,37.8204,-122.476592,11.903281,0.839751,0.542971,60.0,42.0,10.0,0.883982,199.51666666666668,3.0483333333333333,7.024166666666667
1622382868.0,338096000.0,37.816287,-122.456865,4.757265,0.909147,-0.416476,60.0,19.0,4.0,0.831459,1622382868.0,338180966.0,37.844002,-122.468413,5.314614,0.806223,-0.591612,37.0,8.0,0.0,0.854727,1622382868.0,366864850.0,37.82483,-122.486053,6.148819,0.968202,-0.250168,60.0,19.0,10.0,0.966282,1622382868.0,367694350.0,37.821375,-122.456921,9.165942,0.773049,-0.634346,37.0,13.0,0.0,0.854677,1622382868.0,368052630.0,37.82043,-122.476534,11.842929,0.839351,0.543591,60.0,42.0,10.0,0.882041,199.51111111111112,3.048888888888889,7.024444444444445
1622382869.0,338096000.0,37.816278,-122.45684,4.753512,0.909328,-0.416081,60.0,19.0,4.0,0.82917,1622382869.0,338180966.0,37.843988,-122.468388,5.334252,0.813845,-0.581082,37.0,8.0,0.0,0.852654,1622382869.0,366864850.0,37.824823,-122.486019,6.202616,0.969299,-0.245885,60.0,19.0,10.0,0.964955,1622382869.0,367694350.0,37.821348,-122.456879,9.163033,0.772754,-0.634705,37.0,13.0,0.0,0.852659,1622382869.0,368052630.0,37.82046,-122.476476,11.784048,0.839034,0.544079,60.0,42.0,10.0,0.88011,199.5055555555556,3.0494444444444446,7.024722222222223
1622382870.0,338096000.0,37.816269,-122.456815,4.749829,0.909508,-0.415686,60.0,19.0,4.0,0.826883,1622382870.0,338180966.0,37.843973,-122.468362,5.354767,0.821247,-0.570573,37.0,8.0,0.0,0.85058,1622382870.0,366864850.0,37.824816,-122.485983,6.252941,0.970363,-0.241653,60.0,19.0,10.0,0.963614,1622382870.0,367694350.0,37.821321,-122.456838,9.160185,0.772497,-0.635019,37.0,13.0,0.0,0.850642,1622382870.0,368052630.0,37.82049,-122.476418,11.726635,0.838804,0.544434,60.0,42.0,10.0,0.87819,199.5,3.05,7.025
1622382871.0,338096000.0,37.81626,-122.456789,4.746215,0.909688,-0.415292,60.0,19.0,4.0,0.824598,1622382871.0,338180966.0,37.843959,-122.468336,5.376139,0.82843,-0.560093,37.0,8.0,0.0,0.848507,1622382871.0,366864850.0,37.824809,-122.485948,6.299792,0.971396,-0.237465,60.0,19.0,10.0,0.962261,1622382871.0,367694350.0,37.821294,-122.456797,9.157397,0.772277,-0.635286,37.0,13.0,0.0,0.848627,1622382871.0,368052630.0,37.820519,-122.47636,11.670688,0.838661,0.544654,60.0,42.0,10.0,0.87628,199.49444444444444,3.0505555555555555,7.025277777777778
1622382872.0,338096000.0,37.816251,-122.456764,4.742672,0.909868,-0.414898,60.0,19.0,4.0,0.822315,1622382872.0,338180966.0,37.843945,-122.46831,5.398348,0.835396,-0.549649,37.0,8.0,0.0,0.846434,1622382872.0,366864850.0,37.824802,-122.485912,6.343167,0.972402,-0.233313,60.0,19.0,10.0,0.960896,1622382872.0,367694350.0,37.821267,-122.456755,9.15467,0.772095,-0.635508,37.0,13.0,0.0,0.846613,1622382872.0,368052630.0,37.820549,-122.476303,11.616205,0.838607,0.544737,60.0,42.0,10.0,0.87438,199.48888888888888,3.051111111111111,7.025555555555556
1622382873.0,338096000.0,37.816241,-122.456739,4.739198,0.910047,-0.414505,60.0,19.0,4.0,0.820033,1622382873.0,338180966.0,37.843931,-122.468284,5.421374,0.842149,-0.539246,37.0,8.0,0.0,0.844361,1622382873.0,366864850.0,37.824795,-122.485876,6.383067,0.973382,-0.229189,60.0,19.0,10.0,0.95952,1622382873.0,367694350.0,37.82124,-122.456714,9.152001,0.77195,-0.635683,37.0,13.0,0.0,0.844599,1622382873.0,368052630.0,37.820578,-122.476246,11.563186,0.838643,0.544681,60.0,42.0,10.0,0.872489,199.4833333333333,3.0516666666666667,7.025833333333333
1622382874.0,338096000.0,37.816232,-122.456714,4.735794,0.910226,-0.414112,60.0,19.0,4.0,0.817752,1622382874.0,338180966.0,37.843918,-122.468257,5.445196,0.84869,-0.528891,37.0,8.0,0.0,0.842289,1622382874.0,366864850.0,37.824789,-122.485839,6.419491,0.974339,-0.225086,60.0,19.0,10.0,0.958135,1622382874.0,367694350.0,37.821214,-122.456672,9.149391,0.771844,-0.635812,37.0,13.0,0.0,0.842587,1622382874.0,368052630.0,37.820607,-122.476189,11.511631,0.838771,0.544484,60.0,42.0,10.0,0.870607,199.4777777777778,3.0522222222222224,7.026111111111111
1622382875.0,338096000.0,37.816223,-122.456688,4.73246,0.910405,-0.413719,60.0,19.0,4.0,0.815473,1622382875.0,338180966.0,37.843905,-122.46823,5.469794,0.855024,-0.518589,37.0,8.0,0.0,0.840217,1622382875.0,366864850.0,37.824782,-122.485803,6.452439,0.975275,-0.220997,60.0,19.0,10.0,0.95674,1622382875.0,367694350.0,37.821187,-122.456631,9.14684,0.771775,-0.635896,37.0,13.0,0.0,0.840576,1622382875.0,368052630.0,37.820636,-122.476132,11.461541,0.838992,0.544144,60.0,42.0,10.0,0.868734,199.47222222222223,3.0527777777777776,7.026388888888889
1622382876.0,338096000.0,37.816214,-122.456663,4.729195,0.910583,-0.413327,60.0,19.0,4.0,0.813196,1622382876.0,338180966.0,37.843891,-122.468203,5.495149,0.861153,-0.508347,37.0,8.0,0.0,0.838146,1622382876.0,366864850.0,37.824775,-122.485766,6.481911,0.97619,-0.216915,60.0,19.0,10.0,0.955336,1622382876.0,367694350.0,37.82116,-122.45659,9.144348,0.771744,-0.635933,37.0,13.0,0.0,0.838565,1622382876.0,368052630.0,37.820665,-122.476076,11.412919,0.839306,0.54366,60.0,42.0,10.0,0.866868,199.46666666666667,3.053333333333333,7.026666666666666
1622382877.0,338096000.0,37.816205,-122.456638,4.726001,0.910761,-0.412935,60.0,19.0,4.0,0.81092,1622382877.0,338180966.0,37.843878,-122.468175,5.52124,0.86708,-0.498169,37.0,8.0,0.0,0.836075,1622382877.0,366864850.0,37.824769,-122.485729,6.50791,0.977088,-0.212834,60.0,19.0,10.0,0.953925,1622382877.0,367694350.0,37.821133,-122.456548,9.141914,0.771752,-0.635924,37.0,13.0,0.0,0.836555,1622382877.0,368052630.0,37.820694,-122.47602,11.365768,0.839714,0.543028,60.0,42.0,10.0,0.865011,199.4611111111111,3.053888888888889,7.026944444444444
1622382878.0,338096000.0,37.816196,-122.456613,4.722876,0.910938,-0.412543,60.0,19.0,4.0,0.808645,1622382878.0,338180966.0,37.843866,-122.468147,5.548046,0.87281,-0.48806,37.0,8.0,0.0,0.834006,1622382878.0,366864850.0,37.824762,-122.485692,6.530434,0.97797,-0.208746,60.0,19.0,10.0,0.952507,1622382878.0,367694350.0,37.821106,-122.456507,9.139538,0.771797,-0.635869,37.0,13.0,0.0,0.834546,1622382878.0,368052630.0,37.820722,-122.475964,11.320093,0.840218,0.542249,60.0,42.0,10.0,0.863161,199.45555555555555,3.0544444444444445,7.027222222222222
1622382879.0,338096000.0,37.816187,-122.456588,4.719821,0.911115,-0.412152,60.0,19.0,4.0,0.806372,1622382879.0,338180966.0,37.843853,-122.468118,5.57555,0.878346,-0.478025,37.0,8.0,0.0,0.831937,1622382879.0,366864850.0,37.824756,-122.485654,6.549488,0.978836,-0.204647,60.0,19.0,10.0,0.951083,1622382879.0,367694350.0,37.821079,-122.456466,9.137221,0.771881,-0.635768,37.0,13.0,0.0,0.832538,1622382879.0,368052630.0,37.820751,-122.475908,11.275899,0.840817,0.541319,60.0,42.0,10.0,0.861317,199.45,3.055,7.0275
1622382880.0,338096000.0,37.816178,-122.456562,4.716835,0.911291,-0.411762,60.0,19.0,4.0,0.8041,1622382880.0,338180966.0,37.843841,-122.46809,5.60373,0.883692,-0.468068,37.0,8.0,0.0,0.82987,1622382880.0,366864850.0,37.82475,-122.485617,6.565072,0.979688,-0.200528,60.0,19.0,10.0,0.949653,1622382880.0,367694350.0,37.821052,-122.456424,9.134962,0.772002,-0.63562,37.0,13.0,0.0,0.830531,1622382880.0,368052630.0,37.820779,-122.475853,11.233192,0.841512,0.540238,60.0,42.0,10.0,0.859481,199.44444444444449,3.055555555555556,7.027777777777778
1622382881.0,338096000.0,37.816169,-122.456537,4.71392,0.911468,-0.411372,60.0,19.0,4.0,0.801829,1622382881.0,338180966.0,37.843829,-122.468061,5.632568,0.888852,-0.458194,37.0,8.0,0.0,0.827803,1622382881.0,366864850.0,37.824744,-122.485579,6.577189,0.980527,-0.196384,60.0,19.0,10.0,0.948218,1622382881.0,367694350.0,37.821025,-122.456383,9.132762,0.772162,-0.635426,37.0,13.0,0.0,0.828523,1622382881.0,368052630.0,37.820807,-122.475797,11.191981,0.842304,0.539003,60.0,42.0,10.0,0.857651,199.4388888888889,3.056111111111111,7.028055555555556
1622382882.0,338096000.0,37.81616,-122.456512,4.711074,0.911643,-0.410982,60.0,19.0,4.0,0.79956,1622382882.0,338180966.0,37.843817,-122.468031,5.662043,0.893831,-0.448405,37.0,8.0,0.0,0.825739,1622382882.0,366864850.0,37.824738,-122.485541,6.585841,0.981354,-0.192208,60.0,19.0,10.0,0.94678,1622382882.0,367694350.0,37.820998,-122.456342,9.130622,0.772359,-0.635186,37.0,13.0,0.0,0.826517,1622382882.0,368052630.0,37.820835,-122.475742,11.152273,0.843192,0.537613,60.0,42.0,10.0,0.855826,199.4333333333333,3.056666666666666,7.028333333333333
1622382883.0,338096000.0,37.816151,-122.456487,4.708297,0.911818,-0.410594,60.0,19.0,4.0,0.797292,1622382883.0,338180966.0,37.843805,-122.468002,5.692138,0.898631,-0.438705,37.0,8.0,0.0,0.823676,1622382883.0,366864850.0,37.824732,-122.485503,6.591033,0.98217,-0.187993,60.0,19.0,10.0,0.945338,1622382883.0,367694350.0,37.820972,-122.4563,9.128542,0.772595,-0.6349,37.0,13.0,0.0,0.824511,1622382883.0,368052630.0,37.820863,-122.475687,11.114079,0.844176,0.536066,60.0,42.0,10.0,0.854007,199.42777777777772,3.0572222222222223,7.028611111111111
1622382884.0,338096000.0,37.816142,-122.456462,4.705591,0.911993,-0.410205,60.0,19.0,4.0,0.795025,1622382884.0,338180966.0,37.843794,-122.467972,5.722833,0.903258,-0.429098,37.0,8.0,0.0,0.821614,1622382884.0,366864850.0,37.824726,-122.485465,6.592767,0.982976,-0.183734,60.0,19.0,10.0,0.943894,1622382884.0,367694350.0,37.820945,-122.456259,9.126523,0.772868,-0.634567,37.0,13.0,0.0,0.822505,1622382884.0,368052630.0,37.82089,-122.475632,11.07741,0.845257,0.534361,60.0,42.0,10.0,0.852193,199.42222222222225,3.057777777777778,7.028888888888889
1622382885.0,338096000.0,37.816133,-122.456437,4.702954,0.912168,-0.409817,60.0,19.0,4.0,0.79276,1622382885.0,338180966.0,37.843782,-122.467942,5.75411,0.907715,-0.419586,37.0,8.0,0.0,0.819555,1622382885.0,366864850.0,37.824721,-122.485427,6.591047,0.983772,-0.179422,60.0,19.0,10.0,0.942449,1622382885.0,367694350.0,37.820918,-122.456218,9.124564,0.77318,-0.634187,37.0,13.0,0.0,0.8205,1622382885.0,368052630.0,37.820918,-122.475577,11.042278,0.846432,0.532496,60.0,42.0,10.0,0.850384,199.41666666666663,3.058333333333333,7.029166666666667
1622382886.0,338096000.0,37.816124,-122.456411,4.700387,0.912341,-0.40943,60.0,19.0,4.0,0.790495,1622382886.0,338180966.0,37.843771,-122.467911,5.78595,0.912008,-0.410172,37.0,8.0,0.0,0.817498,1622382886.0,366864850.0,37.824715,-122.485389,6.585879,0.984559,-0.175052,60.0,19.0,10.0,0.941003,1622382886.0,367694350.0,37.820891,-122.456176,9.122668,0.773529,-0.633761,37.0,13.0,0.0,0.818494,1622382886.0,368052630.0,37.820945,-122.475523,11.008695,0.847704,0.53047,60.0,42.0,10.0,0.848579,199.4111111111111,3.0588888888888888,7.029444444444445
1622382887.0,338096000.0,37.816116,-122.456386,4.69789,0.912515,-0.409044,60.0,19.0,4.0,0.788232,1622382887.0,338180966.0,37.84376,-122.46788,5.818335,0.91614,-0.400859,37.0,8.0,0.0,0.815443,1622382887.0,366864850.0,37.82471,-122.485352,6.577266,0.985338,-0.170616,60.0,19.0,10.0,0.939556,1622382887.0,367694350.0,37.820865,-122.456135,9.120835,0.773916,-0.633288,37.0,13.0,0.0,0.816489,1622382887.0,368052630.0,37.820972,-122.475468,10.976676,0.849069,0.528282,60.0,42.0,10.0,0.846778,199.4055555555556,3.0594444444444444,7.029722222222222
1622382888.0,338096000.0,37.816107,-122.456361,4.695462,0.912688,-0.408658,60.0,19.0,4.0,0.78597,1622382888.0,338180966.0,37.843749,-122.467849,5.851248,0.920115,-0.391648,37.0,8.0,0.0,0.81339,1622382888.0,366864850.0,37.824705,-122.485314,6.565214,0.986108,-0.166106,60.0,19.0,10.0,0.93811,1622382888.0,367694350.0,37.820838,-122.456094,9.119066,0.774341,-0.632768,37.0,13.0,0.0,0.814485,1622382888.0,368052630.0,37.820999,-122.475413,10.946237,0.850528,0.525931,60.0,42.0,10.0,0.84498,199.4,3.06,7.03
1622382889.0,338096000.0,37.816098,-122.456336,4.693104,0.91286,-0.408272,60.0,19.0,4.0,0.783708,1622382889.0,338180966.0,37.843739,-122.467817,5.884672,0.923939,-0.382541,37.0,8.0,0.0,0.81134,1622382889.0,366864850.0,37.8247,-122.485276,6.54973,0.98687,-0.161516,60.0,19.0,10.0,0.936666,1622382889.0,367694350.0,37.820811,-122.456052,9.117362,0.774804,-0.632202,37.0,13.0,0.0,0.81248,1622382889.0,368052630.0,37.821025,-122.475359,10.917393,0.852078,0.523414,60.0,42.0,10.0,0.843186,199.39444444444445,3.060555555555556,7.030277777777778
1622382890.0,338096000.0,37.816089,-122.456311,4.690816,0.913032,-0.407888,60.0,19.0,4.0,0.781448,1622382890.0,338180966.0,37.843728,-122.467785,5.918588,0.927614,-0.37354,37.0,8.0,0.0,0.809293,1622382890.0,366864850.0,37.824695,-122.485238,6.53082,0.987625,-0.156836,60.0,19.0,10.0,0.935224,1622382890.0,367694350.0,37.820784,-122.456011,9.115724,0.775304,-0.631588,37.0,13.0,0.0,0.810475,1622382890.0,368052630.0,37.821052,-122.475304,10.890163,0.85372,0.520732,60.0,42.0,10.0,0.841394,199.38888888888889,3.061111111111111,7.030555555555556
1622382891.0,338096000.0,37.81608,-122.456286,4.688597,0.913204,-0.407504,60.0,19.0,4.0,0.779189,1622382891.0,338180966.0,37.843718,-122.467753,5.95298,0.931146,-0.364646,37.0,8.0,0.0,0.807249,1622382891.0,366864850.0,37.82469,-122.4852,6.509209,0.988367,-0.152085,60.0,19.0,10.0,0.933785,1622382891.0,367694350.0,37.820758,-122.45597,9.114153,0.775842,-0.630927,37.0,13.0,0.0,0.80847,1622382891.0,368052630.0,37.821078,-122.47525,10.864565,0.855451,0.517883,60.0,42.0,10.0,0.839604,199.38333333333333,3.0616666666666665,7.030833333333334
1622382892.0,338096000.0,37.816071,-122.456261,4.686448,0.913374,-0.407121,60.0,19.0,4.0,0.776931,1622382892.0,338180966.0,37.843708,-122.467721,5.987832,0.934539,-0.355861,37.0,8.0,0.0,0.805207,1622382892.0,366864850.0,37.824685,-122.485162,6.487773,0.989082,-0.147364,60.0,19.0,10.0,0.932349,1622382892.0,367694350.0,37.820731,-122.455928,9.112652,0.776417,-0.630219,37.0,13.0,0.0,0.806465,1622382892.0,368052630.0,37.821104,-122.475195,10.840618,0.85727,0.514867,60.0,42.0,10.0,0.837817,199.37777777777777,3.062222222222222,7.031111111111112
1622382893.0,338096000.0,37.816062,-122.456236,4.684369,0.913545,-0.406738,60.0,19.0,4.0,0.774673,1622382893.0,338180966.0,37.843698,-122.467688,6.023128,0.937796,-0.347186,37.0,8.0,0.0,0.80317,1622382893.0,366864850.0,37.824681,-122.485125,6.467222,0.989766,-0.142701,60.0,19.0,10.0,0.930917,1622382893.0,367694350.0,37.820705,-122.455887,9.111221,0.77703,-0.629464,37.0,13.0,0.0,0.80446,1622382893.0,368052630.0,37.82113,-122.475141,10.818344,0.859175,0.511682,60.0,42.0,10.0,0.836031,199.37222222222223,3.062777777777778,7.0313888888888885
1622382894.0,338096000.0,37.816054,-122.456211,4.682359,0.913715,-0.406356,60.0,19.0,4.0,0.772417,1622382894.0,338180966.0,37.843688,-122.467655,6.05885,0.940923,-0.338622,37.0,8.0,0.0,0.801135,1622382894.0,366864850.0,37.824677,-122.485087,6.447551,0.990418,-0.138099,60.0,19.0,10.0,0.929489,1622382894.0,367694350.0,37.820678,-122.455845,9.109863,0.777679,-0.628661,37.0,13.0,0.0,0.802454,1622382894.0,368052630.0,37.821155,-122.475087,10.797764,0.861163,0.508329,60.0,42.0,10.0,0.834246,199.36666666666667,3.063333333333333,7.031666666666666
1622382895.0,338096000.0,37.816045,-122.456186,4.680419,0.913884,-0.405975,60.0,19.0,4.0,0.770161,1622382895.0,338180966.0,37.843679,-122.467621,6.094985,0.943922,-0.330169,37.0,8.0,0.0,0.799105,1622382895.0,366864850.0,37.824673,-122.48505,6.428751,0.991041,-0.133559,60.0,19.0,10.0,0.928064,1622382895.0,367694350.0,37.820652,-122.455804,9.108578,0.778366,-0.627811,37.0,13.0,0.0,0.800448,1622382895.0,368052630.0,37.821181,-122.475032,10.778901,0.863233,0.504806,60.0,42.0,10.0,0.832462,199.36111111111111,3.063888888888889,7.031944444444444
1622382896.0,338096000.0,37.816036,-122.456161,4.678549,0.914053,-0.405595,60.0,19.0,4.0,0.767907,1622382896.0,338180966.0,37.84367,-122.467588,6.131515,0.946798,-0.321828,37.0,8.0,0.0,0.797078,1622382896.0,366864850.0,37.824669,-122.485013,6.410817,0.991634,-0.129085,60.0,19.0,10.0,0.926642,1622382896.0,367694350.0,37.820625,-122.455762,9.107369,0.779089,-0.626913,37.0,13.0,0.0,0.798442,1622382896.0,368052630.0,37.821206,-122.474978,10.761779,0.865381,0.501114,60.0,42.0,10.0,0.830679,199.35555555555555,3.0644444444444443,7.032222222222222
1622382897.0,338096000.0,37.816027,-122.456136,4.676748,0.914221,-0.405216,60.0,19.0,4.0,0.765653,1622382897.0,338180966.0,37.84366,-122.467554,6.168427,0.949556,-0.313599,37.0,8.0,0.0,0.795056,1622382897.0,366864850.0,37.824665,-122.484975,6.393739,0.992197,-0.124679,60.0,19.0,10.0,0.925223,1622382897.0,367694350.0,37.820599,-122.455721,9.106237,0.779849,-0.625968,37.0,13.0,0.0,0.796436,1622382897.0,368052630.0,37.821231,-122.474923,10.746421,0.867606,0.497252,60.0,42.0,10.0,0.828895,199.35,3.065,7.0325
1622382898.0,338096000.0,37.816018,-122.456111,4.675017,0.914389,-0.404837,60.0,19.0,4.0,0.7634,1622382898.0,338180966.0,37.843652,-122.467519,6.205706,0.952198,-0.305482,37.0,8.0,0.0,0.793038,1622382898.0,366864850.0,37.824661,-122.484938,6.377512,0.992732,-0.120344,60.0,19.0,10.0,0.923807,1622382898.0,367694350.0,37.820572,-122.455679,9.105184,0.780646,-0.624974,37.0,13.0,0.0,0.794428,1622382898.0,368052630.0,37.821256,-122.474868,10.732855,0.869904,0.493221,60.0,42.0,10.0,0.827111,199.34444444444443,3.065555555555556,7.032777777777778
1622382899.0,338096000.0,37.81601,-122.456086,4.673356,0.914556,-0.404459,60.0,19.0,4.0,0.761147,1622382899.0,338180966.0,37.843643,-122.467485,6.243337,0.954729,-0.297478,37.0,8.0,0.0,0.791024,1622382899.0,366864850.0,37.824658,-122.484901,6.362129,0.99324,-0.116082,60.0,19.0,10.0,0.922393,1622382899.0,367694350.0,37.820546,-122.455638,9.104213,0.781478,-0.623932,37.0,13.0,0.0,0.792421,1622382899.0,368052630.0,37.82128,-122.474814,10.721106,0.872273,0.489019,60.0,42.0,10.0,0.825327,199.3388888888889,3.0661111111111112,7.033055555555555
1622382900.0,338096000.0,37.816001,-122.456061,4.671764,0.914723,-0.404082,60.0,19.0,4.0,0.758895,1622382900.0,338180966.0,37.843634,-122.46745,6.281307,0.957152,-0.289587,37.0,8.0,0.0,0.789016,1622382900.0,366864850.0,37.824654,-122.484864,6.347581,0.99372,-0.111895,60.0,19.0,10.0,0.920983,1622382900.0,367694350.0,37.82052,-122.455596,9.103326,0.782347,-0.622842,37.0,13.0,0.0,0.790412,1622382900.0,368052630.0,37.821304,-122.474759,10.711202,0.874709,0.484649,60.0,42.0,10.0,0.823541,199.3333333333333,3.066666666666667,7.033333333333333
1622382901.0,338096000.0,37.815992,-122.456036,4.670242,0.914889,-0.403706,60.0,19.0,4.0,0.756644,1622382901.0,338180966.0,37.843626,-122.467415,6.319601,0.959471,-0.281808,37.0,8.0,0.0,0.787012,1622382901.0,366864850.0,37.824651,-122.484827,6.333862,0.994174,-0.107786,60.0,19.0,10.0,0.919574,1622382901.0,367694350.0,37.820494,-122.455554,9.102525,0.783252,-0.621704,37.0,13.0,0.0,0.788403,1622382901.0,368052630.0,37.821328,-122.474704,10.703171,0.877208,0.48011,60.0,42.0,10.0,0.821753,199.32777777777773,3.067222222222222,7.033611111111111
1622382902.0,338096000.0,37.815983,-122.45601,4.668789,0.915054,-0.403331,60.0,19.0,4.0,0.754394,1622382902.0,338180966.0,37.843617,-122.467379,6.358206,0.961689,-0.274141,37.0,8.0,0.0,0.785014,1622382902.0,366864850.0,37.824648,-122.48479,6.320965,0.994603,-0.103757,60.0,19.0,10.0,0.918169,1622382902.0,367694350.0,37.820467,-122.455512,9.101813,0.784193,-0.620518,37.0,13.0,0.0,0.786393,1622382902.0,368052630.0,37.821352,-122.474649,10.697042,0.879768,0.475403,60.0,42.0,10.0,0.819964,199.32222222222225,3.0677777777777777,7.033888888888889
1622382903.0,338096000.0,37.815975,-122.455985,4.667407,0.915219,-0.402957,60.0,19.0,4.0,0.752144,1622382903.0,338180966.0,37.843609,-122.467343,6.397109,0.963811,-0.266586,37.0,8.0,0.0,0.783021,1622382903.0,366864850.0,37.824645,-122.484753,6.308882,0.995007,-0.099809,60.0,19.0,10.0,0.916765,1622382903.0,367694350.0,37.820441,-122.455471,9.101191,0.785168,-0.619282,37.0,13.0,0.0,0.784382,1622382903.0,368052630.0,37.821376,-122.474594,10.692843,0.882385,0.470528,60.0,42.0,10.0,0.818172,199.31666666666663,3.0683333333333334,7.034166666666667
1622382904.0,338096000.0,37.815966,-122.45596,4.666093,0.915383,-0.402583,60.0,19.0,4.0,0.749895,1622382904.0,338180966.0,37.843602,-122.467307,6.436298,0.965839,-0.259143,37.0,8.0,0.0,0.781034,1622382904.0,366864850.0,37.824642,-122.484717,6.297607,0.995386,-0.095947,60.0,19.0,10.0,0.915363,1622382904.0,367694350.0,37.820415,-122.455429,9.100663,0.78618,-0.617998,37.0,13.0,0.0,0.782371,1622382904.0,368052630.0,37.821399,-122.474539,10.690607,0.885054,0.465488,60.0,42.0,10.0,0.816377,199.3111111111111,3.068888888888889,7.0344444444444445
1622382905.0,338096000.0,37.815957,-122.455935,4.664849,0.915547,-0.402211,60.0,19.0,4.0,0.747646,1622382905.0,338180966.0,37.843594,-122.467271,6.475759,0.967777,-0.25181,37.0,8.0,0.0,0.779053,1622382905.0,366864850.0,37.824639,-122.48468,6.287133,0.995743,-0.09217,60.0,19.0,10.0,0.913963,1622382905.0,367694350.0,37.820389,-122.455387,9.100231,0.787226,-0.616665,37.0,13.0,0.0,0.780358,1622382905.0,368052630.0,37.821422,-122.474483,10.690363,0.887772,0.460284,60.0,42.0,10.0,0.814579,199.3055555555556,3.0694444444444446,7.034722222222222
1622382906.0,338096000.0,37.815949,-122.45591,4.663675,0.91571,-0.40184,60.0,19.0,4.0,0.745398,1622382906.0,338180966.0,37.843586,-122.467234,6.515481,0.969627,-0.244587,37.0,8.0,0.0,0.777078,1622382906.0,366864850.0,37.824636,-122.484643,6.277454,0.996078,-0.088481,60.0,19.0,10.0,0.912565,1622382906.0,367694350.0,37.820363,-122.455345,9.099897,0.788306,-0.615283,37.0,13.0,0.0,0.778344,1622382906.0,368052630.0,37.821445,-122.474428,10.692142,0.890534,0.454916,60.0,42.0,10.0,0.812778,199.3,3.07,7.035
1622382907.0,338096000.0,37.81594,-122.455885,4.662571,0.915873,-0.401469,60.0,19.0,4.0,0.74315,1622382907.0,338180966.0,37.843579,-122.467197,6.555451,0.971394,-0.237474,37.0,8.0,0.0,0.77511,1622382907.0,366864850.0,37.824634,-122.484607,6.268561,0.996391,-0.084883,60.0,19.0,10.0,0.911168,1622382907.0,367694350.0,37.820337,-122.455303,9.099666,0.789421,-0.613852,37.0,13.0,0.0,0.776329,1622382907.0,368052630.0,37.821467,-122.474372,10.695978,0.893337,0.449387,60.0,42.0,10.0,0.810973,199.29444444444445,3.0705555555555555,7.035277777777778
1622382908.0,338096000.0,37.815931,-122.45586,4.661536,0.916034,-0.4011,60.0,19.0,4.0,0.740903,1622382908.0,338180966.0,37.843572,-122.46716,6.595658,0.97308,-0.230469,37.0,8.0,0.0,0.773149,1622382908.0,366864850.0,37.824631,-122.48457,6.260449,0.996683,-0.081376,60.0,19.0,10.0,0.909773,1622382908.0,367694350.0,37.820311,-122.455261,9.099539,0.790571,-0.612371,37.0,13.0,0.0,0.774313,1622382908.0,368052630.0,37.821489,-122.474316,10.701901,0.896176,0.443699,60.0,42.0,10.0,0.809163,199.2888888888889,3.071111111111111,7.035555555555556
1622382909.0,338096000.0,37.815923,-122.455835,4.66057,0.916196,-0.400731,60.0,19.0,4.0,0.738656,1622382909.0,338180966.0,37.843565,-122.467122,6.636091,0.974687,-0.223572,37.0,8.0,0.0,0.771194,1622382909.0,366864850.0,37.824629,-122.484533,6.253112,0.996956,-0.077963,60.0,19.0,10.0,0.90838,1622382909.0,367694350.0,37.820286,-122.455219,9.09952,0.791754,-0.610841,37.0,13.0,0.0,0.772296,1622382909.0,368052630.0,37.821511,-122.47426,10.709945,0.899046,0.437854,60.0,42.0,10.0,0.807349,199.28333333333333,3.0716666666666668,7.035833333333334
1622382910.0,338096000.0,37.815914,-122.45581,4.659674,0.916356,-0.400364,60.0,19.0,4.0,0.736409,1622382910.0,338180966.0,37.843558,-122.467084,6.676738,0.97622,-0.216782,37.0,8.0,0.0,0.769247,1622382910.0,366864850.0,37.824627,-122.484497,6.246542,0.99721,-0.074646,60.0,19.0,10.0,0.906987,1622382910.0,367694350.0,37.82026,-122.455177,9.099613,0.79297,-0.609261,37.0,13.0,0.0,0.770277,1622382910.0,368052630.0,37.821533,-122.474203,10.720142,0.901943,0.431854,60.0,42.0,10.0,0.805529,199.27777777777777,3.0722222222222224,7.036111111111111
1622382911.0,338096000.0,37.815905,-122.455785,4.658848,0.916516,-0.399998,60.0,19.0,4.0,0.734163,1622382911.0,338180966.0,37.843551,-122.467046,6.717589,0.97768,-0.210098,37.0,8.0,0.0,0.767307,1622382911.0,366864850.0,37.824624,-122.48446,6.240733,0.997446,-0.071425,60.0,19.0,10.0,0.905595,1622382911.0,367694350.0,37.820234,-122.455134,9.099819,0.79422,-0.607631,37.0,13.0,0.0,0.768257,1622382911.0,368052630.0,37.821555,-122.474147,10.732527,0.904863,0.425703,60.0,42.0,10.0,0.803704,199.2722222222222,3.0727777777777776,7.036388888888889
1622382912.0,338096000.0,37.815897,-122.45576,4.658091,0.916675,-0.399632,60.0,19.0,4.0,0.731917,1622382912.0,338180966.0,37.843545,-122.467008,6.758634,0.979071,-0.203519,37.0,8.0,0.0,0.765376,1622382912.0,366864850.0,37.824622,-122.484424,6.23568,0.997665,-0.068303,60.0,19.0,10.0,0.904205,1622382912.0,367694350.0,37.820209,-122.455092,9.100143,0.795502,-0.605951,37.0,13.0,0.0,0.766235,1622382912.0,368052630.0,37.821576,-122.47409,10.747131,0.9078,0.419403,60.0,42.0,10.0,0.801873,199.26666666666668,3.0733333333333333,7.036666666666667
1622382913.0,338096000.0,37.815888,-122.455735,4.657404,0.916834,-0.399268,60.0,19.0,4.0,0.729671,1622382913.0,338180966.0,37.843538,-122.466969,6.799861,0.980395,-0.197044,37.0,8.0,0.0,0.763452,1622382913.0,366864850.0,37.82462,-122.484388,6.231376,0.997867,-0.065281,60.0,19.0,10.0,0.902815,1622382913.0,367694350.0,37.820183,-122.45505,9.100588,0.796817,-0.604221,37.0,13.0,0.0,0.764212,1622382913.0,368052630.0,37.821597,-122.474033,10.763989,0.91075,0.412957,60.0,42.0,10.0,0.800036,199.26111111111112,3.073888888888889,7.036944444444444
1622382914.0,338096000.0,37.81588,-122.45571,4.656786,0.916992,-0.398905,60.0,19.0,4.0,0.727426,1622382914.0,338180966.0,37.843532,-122.46693,6.841262,0.981654,-0.190672,37.0,8.0,0.0,0.761537,1622382914.0,366864850.0,37.824619,-122.484351,6.227815,0.998054,-0.06236,60.0,19.0,10.0,0.901425,1622382914.0,367694350.0,37.820158,-122.455007,9.101157,0.798164,-0.602441,37.0,13.0,0.0,0.762187,1622382914.0,368052630.0,37.821617,-122.473975,10.783133,0.913709,0.40637,60.0,42.0,10.0,0.798192,199.2555555555556,3.0744444444444445,7.037222222222222
1622382915.0,338096000.0,37.815871,-122.455685,4.656238,0.91715,-0.398543,60.0,19.0,4.0,0.725181,1622382915.0,338180966.0,37.843526,-122.46689,6.882826,0.982851,-0.184402,37.0,8.0,0.0,0.75963,1622382915.0,366864850.0,37.824617,-122.484315,6.224992,0.998226,-0.059542,60.0,19.0,10.0,0.900036,1622382915.0,367694350.0,37.820132,-122.454965,9.101855,0.799542,-0.60061,37.0,13.0,0.0,0.760161,1622382915.0,368052630.0,37.821637,-122.473918,10.804599,0.916671,0.399644,60.0,42.0,10.0,0.796341,199.25,3.075,7.0375
1622382916.0,338096000.0,37.815862,-122.45566,4.655759,0.917306,-0.398182,60.0,19.0,4.0,0.722936,1622382916.0,338180966.0,37.84352,-122.466851,6.924543,0.983989,-0.178232,37.0,8.0,0.0,0.757733,1622382916.0,366864850.0,37.824615,-122.484278,6.222902,0.998384,-0.056828,60.0,19.0,10.0,0.898648,1622382916.0,367694350.0,37.820107,-122.454922,9.102685,0.800952,-0.598728,37.0,13.0,0.0,0.758133,1622382916.0,368052630.0,37.821657,-122.47386,10.828417,0.919631,0.392783,60.0,42.0,10.0,0.794482,199.24444444444444,3.075555555555556,7.0377777777777775
1622382917.0,338096000.0,37.815854,-122.455635,4.65535,0.917462,-0.397823,60.0,19.0,4.0,0.720691,1622382917.0,338180966.0,37.843514,-122.466811,6.966406,0.985069,-0.172161,37.0,8.0,0.0,0.755844,1622382917.0,366864850.0,37.824613,-122.484242,6.221538,0.998529,-0.054218,60.0,19.0,10.0,0.897259,1622382917.0,367694350.0,37.820082,-122.454879,9.10365,0.802393,-0.596796,37.0,13.0,0.0,0.756103,1622382917.0,368052630.0,37.821677,-122.473801,10.854623,0.922585,0.385793,60.0,42.0,10.0,0.792615,199.23888888888888,3.076111111111111,7.038055555555555
1622382918.0,338096000.0,37.815845,-122.45561,4.655011,0.917618,-0.397464,60.0,19.0,4.0,0.718446,1622382918.0,338180966.0,37.843509,-122.466771,7.008404,0.986094,-0.166189,37.0,8.0,0.0,0.753966,1622382918.0,366864850.0,37.824612,-122.484206,6.220895,0.998662,-0.051714,60.0,19.0,10.0,0.895871,1622382918.0,367694350.0,37.820057,-122.454836,9.104755,0.803864,-0.594813,37.0,13.0,0.0,0.754071,1622382918.0,368052630.0,37.821696,-122.473743,10.883248,0.925529,0.378676,60.0,42.0,10.0,0.790741,199.2333333333333,3.0766666666666667,7.038333333333333
1622382919.0,338096000.0,37.815837,-122.455585,4.65474,0.917772,-0.397107,60.0,19.0,4.0,0.716201,1622382919.0,338180966.0,37.843503,-122.46673,7.050528,0.987066,-0.160313,37.0,8.0,0.0,0.752097,1622382919.0,366864850.0,37.82461,-122.484169,6.22097,0.998783,-0.049317,60.0,19.0,10.0,0.894483,1622382919.0,367694350.0,37.820032,-122.454794,9.106004,0.805366,-0.592778,37.0,13.0,0.0,0.752037,1622382919.0,368052630.0,37.821715,-122.473684,10.914325,0.928458,0.371439,60.0,42.0,10.0,0.788857,199.2277777777778,3.0772222222222223,7.038611111111111
1622382920.0,338096000.0,37.815828,-122.45556,4.65454,0.917926,-0.396751,60.0,19.0,4.0,0.713957,1622382920.0,338180966.0,37.843498,-122.466689,7.092772,0.987988,-0.154534,37.0,8.0,0.0,0.750238,1622382920.0,366864850.0,37.824609,-122.484133,6.221756,0.998894,-0.047028,60.0,19.0,10.0,0.893094,1622382920.0,367694350.0,37.820007,-122.454751,9.107401,0.806897,-0.590693,37.0,13.0,0.0,0.750001,1622382920.0,368052630.0,37.821734,-122.473624,10.947887,0.931366,0.364084,60.0,42.0,10.0,0.786964,199.22222222222223,3.077777777777778,7.038888888888889
1622382921.0,338096000.0,37.81582,-122.455535,4.654408,0.91808,-0.396396,60.0,19.0,4.0,0.711712,1622382921.0,338180966.0,37.843493,-122.466648,7.135125,0.98886,-0.148849,37.0,8.0,0.0,0.74839,1622382921.0,366864850.0,37.824608,-122.484096,6.223249,0.998994,-0.044847,60.0,19.0,10.0,0.891705,1622382921.0,367694350.0,37.819982,-122.454708,9.108949,0.808457,-0.588556,37.0,13.0,0.0,0.747963,1622382921.0,368052630.0,37.821753,-122.473565,10.983964,0.93425,0.356619,60.0,42.0,10.0,0.785062,199.21666666666667,3.078333333333333,7.039166666666667
1622382922.0,338096000.0,37.815811,-122.45551,4.654347,0.918232,-0.396043,60.0,19.0,4.0,0.709467,1622382922.0,338180966.0,37.843488,-122.466607,7.17758,0.989686,-0.143257,37.0,8.0,0.0,0.746553,1622382922.0,366864850.0,37.824606,-122.48406,6.225445,0.999085,-0.042775,60.0,19.0,10.0,0.890315,1622382922.0,367694350.0,37.819957,-122.454664,9.110654,0.810046,-0.586367,37.0,13.0,0.0,0.745923,1622382922.0,368052630.0,37.821771,-122.473504,11.022588,0.937105,0.349047,60.0,42.0,10.0,0.78315,199.2111111111111,3.078888888888889,7.039444444444444
1622382923.0,338096000.0,37.815803,-122.455485,4.654354,0.918384,-0.39569,60.0,19.0,4.0,0.707223,1622382923.0,338180966.0,37.843483,-122.466565,7.220129,0.990466,-0.137757,37.0,8.0,0.0,0.744727,1622382923.0,366864850.0,37.824605,-122.484024,6.228339,0.999167,-0.040813,60.0,19.0,10.0,0.888925,1622382923.0,367694350.0,37.819932,-122.454621,9.112519,0.811662,-0.584127,37.0,13.0,0.0,0.743881,1622382923.0,368052630.0,37.821789,-122.473444,11.06379,0.939927,0.341375,60.0,42.0,10.0,0.781228,199.20555555555555,3.0794444444444444,7.039722222222222
1622382924.0,338096000.0,37.815794,-122.45546,4.654431,0.918535,-0.395339,60.0,19.0,4.0,0.704978,1622382924.0,338180966.0,37.843479,-122.466523,7.262765,0.991203,-0.132348,37.0,8.0,0.0,0.742912,1622382924.0,366864850.0,37.824604,-122.483987,6.231928,0.999241,-0.038961,60.0,19.0,10.0,0.887534,1622382924.0,367694350.0,37.819908,-122.454578,9.114549,0.813307,-0.581835,37.0,13.0,0.0,0.741836,1622382924.0,368052630.0,37.821806,-122.473383,11.107599,0.942712,0.333607,60.0,42.0,10.0,0.779295,199.2,3.08,7.04
1622382925.0,338096000.0,37.815785,-122.455435,4.654578,0.918686,-0.394989,60.0,19.0,4.0,0.702733,1622382925.0,338180966.0,37.843474,-122.466481,7.30548,0.991899,-0.127029,37.0,8.0,0.0,0.74111,1622382925.0,366864850.0,37.824603,-122.483951,6.236208,0.999307,-0.037221,60.0,19.0,10.0,0.886142,1622382925.0,367694350.0,37.819883,-122.454534,9.116749,0.814979,-0.579491,37.0,13.0,0.0,0.739789,1622382925.0,368052630.0,37.821823,-122.473322,11.154045,0.945456,0.32575,60.0,42.0,10.0,0.777351,199.19444444444449,3.080555555555556,7.040277777777778
1622382926.0,338096000.0,37.815777,-122.45541,4.654794,0.918835,-0.394641,60.0,19.0,4.0,0.700488,1622382926.0,338180966.0,37.84347,-122.466439,7.348266,0.992555,-0.121797,37.0,8.0,0.0,0.739319,1622382926.0,366864850.0,37.824602,-122.483914,6.241174,0.999366,-0.035591,60.0,19.0,10.0,0.884748,1622382926.0,367694350.0,37.819859,-122.454491,9.119123,0.816677,-0.577095,37.0,13.0,0.0,0.737739,1622382926.0,368052630.0,37.82184,-122.47326,11.202729,0.94814,0.317853,60.0,42.0,10.0,0.775395,199.1888888888889,3.081111111111111,7.040555555555556
1622382927.0,338096000.0,37.815768,-122.455385,4.655079,0.918984,-0.394294,60.0,19.0,4.0,0.698243,1622382927.0,338180966.0,37.843466,-122.466396,7.391117,0.993173,-0.116653,37.0,8.0,0.0,0.737541,1622382927.0,366864850.0,37.824601,-122.483878,6.246825,0.999419,-0.034072,60.0,19.0,10.0,0.883354,1622382927.0,367694350.0,37.819834,-122.454447,9.121675,0.818402,-0.574646,37.0,13.0,0.0,0.735687,1622382927.0,368052630.0,37.821856,-122.473198,11.251944,0.950707,0.310091,60.0,42.0,10.0,0.773428,199.1833333333333,3.0816666666666666,7.0408333333333335
1622382928.0,338096000.0,37.81576,-122.45536,4.655405,0.919132,-0.393951,60.0,19.0,4.0,0.695998,1622382928.0,338180966.0,37.843462,-122.466353,7.434026,0.993754,-0.111594,37.0,8.0,0.0,0.735776,1622382928.0,366864850.0,37.8246,-122.483841,6.253156,0.999466,-0.032666,60.0,19.0,10.0,0.881958,1622382928.0,367694350.0,37.81981,-122.454404,9.124412,0.820152,-0.572146,37.0,13.0,0.0,0.733633,1622382928.0,368052630.0,37.821873,-122.473135,11.30122,0.953147,0.302507,60.0,42.0,10.0,0.771449,199.17777777777772,3.082222222222222,7.041111111111111
1622382929.0,338096000.0,37.815752,-122.455335,4.655651,0.919272,-0.393623,60.0,19.0,4.0,0.693752,1622382929.0,338180966.0,37.843458,-122.46631,7.476986,0.9943,-0.10662,37.0,8.0,0.0,0.734023,1622382929.0,366864850.0,37.824599,-122.483804,6.260164,0.999508,-0.031371,60.0,19.0,10.0,0.880561,1622382929.0,367694350.0,37.819786,-122.45436,9.127337,0.821927,-0.569593,37.0,13.0,0.0,0.731575,1622382929.0,368052630.0,37.821888,-122.473072,11.350509,0.955466,0.2951,60.0,42.0,10.0,0.769459,199.17222222222225,3.082777777777778,7.041388888888889
1622382930.0,338096000.0,37.815743,-122.45531,4.655788,0.919405,-0.393312,60.0,19.0,4.0,0.691506,1622382930.0,338180966.0,37.843454,-122.466266,7.519991,0.994812,-0.101729,37.0,8.0,0.0,0.732285,1622382930.0,366864850.0,37.824598,-122.483768,6.267848,0.999544,-0.030188,60.0,19.0,10.0,0.879162,1622382930.0,367694350.0,37.819762,-122.454316,9.130455,0.823726,-0.566987,37.0,13.0,0.0,0.729515,1622382930.0,368052630.0,37.821904,-122.473009,11.399768,0.95767,0.287869,60.0,42.0,10.0,0.767457,199.16666666666663,3.083333333333333,7.041666666666667
1622382931.0,338096000.0,37.815735,-122.455285,4.655816,0.91953,-0.393019,60.0,19.0,4.0,0.68926,1622382931.0,338180966.0,37.843451,-122.466222,7.563033,0.995292,-0.09692,37.0,8.0,0.0,0.73056,1622382931.0,366864850.0,37.824597,-122.483731,6.276204,0.999576,-0.029116,60.0,19.0,10.0,0.877761,1622382931.0,367694350.0,37.819738,-122.454272,9.133772,0.82555,-0.564329,37.0,13.0,0.0,0.727452,1622382931.0,368052630.0,37.821919,-122.472945,11.448952,0.959762,0.280813,60.0,42.0,10.0,0.765444,199.1611111111111,3.0838888888888887,7.041944444444445
1622382932.0,338096000.0,37.815726,-122.45526,4.655735,0.919648,-0.392745,60.0,19.0,4.0,0.687014,1622382932.0,338180966.0,37.843448,-122.466178,7.606108,0.995741,-0.092192,37.0,8.0,0.0,0.72885,1622382932.0,366864850.0,37.824596,-122.483694,6.285231,0.999604,-0.028156,60.0,19.0,10.0,0.876358,1622382932.0,367694350.0,37.819714,-122.454228,9.137292,0.827396,-0.561619,37.0,13.0,0.0,0.725386,1622382932.0,368052630.0,37.821934,-122.47288,11.498021,0.961749,0.273931,60.0,42.0,10.0,0.76342,199.1555555555556,3.0844444444444443,7.042222222222223
1622382933.0,338096000.0,37.815718,-122.455235,4.655545,0.919757,-0.392487,60.0,19.0,4.0,0.684768,1622382933.0,338180966.0,37.843444,-122.466134,7.649209,0.996161,-0.087543,37.0,8.0,0.0,0.727154,1622382933.0,366864850.0,37.824595,-122.483658,6.294925,0.999627,-0.027308,60.0,19.0,10.0,0.874954,1622382933.0,367694350.0,37.81969,-122.454183,9.141021,0.829265,-0.558855,37.0,13.0,0.0,0.723318,1622382933.0,368052630.0,37.821949,-122.472815,11.546933,0.963636,0.26722,60.0,42.0,10.0,0.761385,199.15,3.085,7.0425
1622382934.0,338096000.0,37.815709,-122.45521,4.655245,0.91986,-0.392248,60.0,19.0,4.0,0.682522,1622382934.0,338180966.0,37.843441,-122.466089,7.69233,0.996552,-0.082972,37.0,8.0,0.0,0.725473,1622382934.0,366864850.0,37.824594,-122.483621,6.305287,0.999647,-0.026572,60.0,19.0,10.0,0.873547,1622382934.0,367694350.0,37.819667,-122.454139,9.144965,0.831156,-0.556039,37.0,13.0,0.0,0.721246,1622382934.0,368052630.0,37.821963,-122.47275,11.59565,0.965425,0.26068,60.0,42.0,10.0,0.759339,199.14444444444445,3.085555555555556,7.042777777777777
1622382935.0,338096000.0,37.815701,-122.455185,4.654836,0.919954,-0.392026,60.0,19.0,4.0,0.680276,1622382935.0,338180966.0,37.843438,-122.466044,7.735466,0.996916,-0.078478,37.0,8.0,0.0,0.723808,1622382935.0,366864850.0,37.824594,-122.483584,6.316313,0.999663,-0.025946,60.0,19.0,10.0,0.872137,1622382935.0,367694350.0,37.819643,-122.454094,9.149127,0.833069,-0.55317,37.0,13.0,0.0,0.719171,1622382935.0,368052630.0,37.821977,-122.472685,11.644133,0.967123,0.254308,60.0,42.0,10.0,0.757283,199.13888888888889,3.0861111111111112,7.043055555555555
1622382936.0,338096000.0,37.815692,-122.455159,4.654318,0.920041,-0.391821,60.0,19.0,4.0,0.678031,1622382936.0,338180966.0,37.843435,-122.465999,7.77861,0.997254,-0.07406,37.0,8.0,0.0,0.722158,1622382936.0,366864850.0,37.824593,-122.483547,6.328003,0.999677,-0.025431,60.0,19.0,10.0,0.870725,1622382936.0,367694350.0,37.81962,-122.45405,9.153515,0.835002,-0.550248,37.0,13.0,0.0,0.717093,1622382936.0,368052630.0,37.821991,-122.472619,11.692347,0.968734,0.248103,60.0,42.0,10.0,0.755216,199.13333333333333,3.086666666666667,7.043333333333333
1622382937.0,338096000.0,37.815684,-122.455134,4.65369,0.920121,-0.391635,60.0,19.0,4.0,0.675785,1622382937.0,338180966.0,37.843433,-122.465954,7.821758,0.997567,-0.069717,37.0,8.0,0.0,0.720524,1622382937.0,366864850.0,37.824592,-122.48351,6.340356,0.999687,-0.025025,60.0,19.0,10.0,0.869311,1622382937.0,367694350.0,37.819596,-122.454005,9.158133,0.836954,-0.547273,37.0,13.0,0.0,0.715012,1622382937.0,368052630.0,37.822004,-122.472552,11.740257,0.97026,0.242064,60.0,42.0,10.0,0.753139,199.12777777777777,3.087222222222222,7.043611111111111
1622382938.0,338096000.0,37.815675,-122.455109,4.652953,0.920193,-0.391466,60.0,19.0,4.0,0.67354,1622382938.0,338180966.0,37.84343,-122.465908,7.864904,0.997856,-0.065447,37.0,8.0,0.0,0.718907,1622382938.0,366864850.0,37.824591,-122.483473,6.35337,0.999694,-0.02473,60.0,19.0,10.0,0.867893,1622382938.0,367694350.0,37.819573,-122.45396,9.162986,0.838927,-0.544244,37.0,13.0,0.0,0.712927,1622382938.0,368052630.0,37.822017,-122.472486,11.787829,0.971707,0.236188,60.0,42.0,10.0,0.751052,199.12222222222223,3.0877777777777777,7.043888888888889
1622382939.0,338096000.0,37.815667,-122.455084,4.652107,0.920257,-0.391314,60.0,19.0,4.0,0.671295,1622382939.0,338180966.0,37.843428,-122.465862,7.908044,0.998123,-0.061249,37.0,8.0,0.0,0.717307,1622382939.0,366864850.0,37.824591,-122.483435,6.367046,0.999699,-0.024544,60.0,19.0,10.0,0.866473,1622382939.0,367694350.0,37.81955,-122.453915,9.168081,0.840917,-0.541163,37.0,13.0,0.0,0.710839,1622382939.0,368052630.0,37.82203,-122.472419,11.835031,0.973079,0.230473,60.0,42.0,10.0,0.748955,199.11666666666667,3.0883333333333334,7.0441666666666665
1622382940.0,338096000.0,37.815659,-122.455059,4.65115,0.920314,-0.391181,60.0,19.0,4.0,0.66905,1622382940.0,338180966.0,37.843426,-122.465816,7.951172,0.998367,-0.057123,37.0,8.0,0.0,0.715723,1622382940.0,366864850.0,37.82459,-122.483398,6.381383,0.999701,-0.024466,60.0,19.0,10.0,0.86505,1622382940.0,367694350.0,37.819527,-122.45387,9.173424,0.842926,-0.538029,37.0,13.0,0.0,0.708747,1622382940.0,368052630.0,37.822043,-122.472351,11.881831,0.974378,0.224919,60.0,42.0,10.0,0.746849,199.11111111111111,3.088888888888889,7.044444444444444
1622382941.0,338096000.0,37.81565,-122.455034,4.650084,0.920363,-0.391065,60.0,19.0,4.0,0.666806,1622382941.0,338180966.0,37.843424,-122.465769,7.994283,0.998591,-0.053066,37.0,8.0,0.0,0.714158,1622382941.0,366864850.0,37.824589,-122.483361,6.39638,0.9997,-0.024496,60.0,19.0,10.0,0.863623,1622382941.0,367694350.0,37.819504,-122.453825,9.179019,0.844952,-0.534842,37.0,13.0,0.0,0.706652,1622382941.0,368052630.0,37.822055,-122.472283,11.928199,0.975608,0.219522,60.0,42.0,10.0,0.744733,199.10555555555555,3.089444444444444,7.044722222222222
1622382942.0,338096000.0,37.815642,-122.455009,4.648909,0.920405,-0.390966,60.0,19.0,4.0,0.664563,1622382942.0,338180966.0,37.843422,-122.465723,8.037373,0.998795,-0.049078,37.0,8.0,0.0,0.71261,1622382942.0,366864850.0,37.824589,-122.483323,6.412038,0.999697,-0.024633,60.0,19.0,10.0,0.862194,1622382942.0,367694350.0,37.819482,-122.453779,9.184873,0.846994,-0.531602,37.0,13.0,0.0,0.704554,1622382942.0,368052630.0,37.822067,-122.472215,11.974106,0.976772,0.214281,60.0,42.0,10.0,0.742607,199.1,3.09,7.045
1622382943.0,338096000.0,37.815633,-122.454984,4.647623,0.920439,-0.390886,60.0,19.0,4.0,0.66232,1622382943.0,338180966.0,37.84342,-122.465676,8.080437,0.99898,-0.045158,37.0,8.0,0.0,0.711081,1622382943.0,366864850.0,37.824588,-122.483286,6.428357,0.999691,-0.024876,60.0,19.0,10.0,0.86076,1622382943.0,367694350.0,37.819459,-122.453734,9.190992,0.849052,-0.52831,37.0,13.0,0.0,0.702451,1622382943.0,368052630.0,37.822079,-122.472147,12.019525,0.977874,0.209193,60.0,42.0,10.0,0.740473,199.09444444444443,3.0905555555555555,7.045277777777778
1622382944.0,338096000.0,37.815625,-122.454959,4.646228,0.920466,-0.390822,60.0,19.0,4.0,0.660078,1622382944.0,338180966.0,37.843418,-122.465628,8.123471,0.999147,-0.041305,37.0,8.0,0.0,0.709571,1622382944.0,366864850.0,37.824587,-122.483248,6.445337,0.999682,-0.025224,60.0,19.0,10.0,0.859323,1622382944.0,367694350.0,37.819437,-122.453688,9.197381,0.851125,-0.524964,37.0,13.0,0.0,0.700345,1622382944.0,368052630.0,37.822091,-122.472078,12.064429,0.978917,0.204258,60.0,42.0,10.0,0.738329,199.0888888888889,3.091111111111111,7.045555555555556
1622382945.0,338096000.0,37.815617,-122.454934,4.644724,0.920485,-0.390777,60.0,19.0,4.0,0.657836,1622382945.0,338180966.0,37.843417,-122.465581,8.16647,0.999296,-0.037517,37.0,8.0,0.0,0.70808,1622382945.0,366864850.0,37.824586,-122.48321,6.46298,0.99967,-0.025677,60.0,19.0,10.0,0.857883,1622382945.0,367694350.0,37.819414,-122.453642,9.204047,0.853211,-0.521565,37.0,13.0,0.0,0.698235,1622382945.0,368052630.0,37.822102,-122.472009,12.108792,0.979903,0.199474,60.0,42.0,10.0,0.736176,199.0833333333333,3.091666666666667,7.045833333333333
1622382946.0,338096000.0,37.815608,-122.454909,4.643109,0.920497,-0.39075,60.0,19.0,4.0,0.655595,1622382946.0,338180966.0,37.843415,-122.465533,8.20943,0.999429,-0.033794,37.0,8.0,0.0,0.706609,1622382946.0,366864850.0,37.824586,-122.483173,6.481286,0.999656,-0.026233,60.0,19.0,10.0,0.856438,1622382946.0,367694350.0,37.819392,-122.453596,9.210995,0.855312,-0.518114,37.0,13.0,0.0,0.696121,1622382946.0,368052630.0,37.822113,-122.471939,12.152589,0.980836,0.194837,60.0,42.0,10.0,0.734015,199.07777777777773,3.0922222222222224,7.046111111111111
1622382947.0,338096000.0,37.8156,-122.454884,4.641385,0.920501,-0.39074,60.0,19.0,4.0,0.653355,1622382947.0,338180966.0,37.843414,-122.465485,8.252347,0.999546,-0.030134,37.0,8.0,0.0,0.705157,1622382947.0,366864850.0,37.824585,-122.483135,6.500256,0.999638,-0.026891,60.0,19.0,10.0,0.854989,1622382947.0,367694350.0,37.81937,-122.45355,9.218178,0.85741,-0.514634,37.0,13.0,0.0,0.694003,1622382947.0,368052630.0,37.822124,-122.471869,12.195797,0.981717,0.190347,60.0,42.0,10.0,0.731845,199.07222222222225,3.0927777777777776,7.046388888888889
1622382948.0,338096000.0,37.815591,-122.454859,4.639551,0.920498,-0.390748,60.0,19.0,4.0,0.651115,1622382948.0,338180966.0,37.843413,-122.465437,8.295217,0.999648,-0.026537,37.0,8.0,0.0,0.703726,1622382948.0,366864850.0,37.824584,-122.483097,6.519891,0.999618,-0.02765,60.0,19.0,10.0,0.853536,1622382948.0,367694350.0,37.819348,-122.453504,9.225376,0.859446,-0.511226,37.0,13.0,0.0,0.691882,1622382948.0,368052630.0,37.822135,-122.471799,12.238393,0.982549,0.186002,60.0,42.0,10.0,0.729667,199.06666666666663,3.0933333333333333,7.046666666666667
1622382949.0,338096000.0,37.815583,-122.454834,4.637607,0.920487,-0.390773,60.0,19.0,4.0,0.648877,1622382949.0,338180966.0,37.843412,-122.465388,8.338036,0.999735,-0.023001,37.0,8.0,0.0,0.702316,1622382949.0,366864850.0,37.824583,-122.483058,6.540194,0.999594,-0.02851,60.0,19.0,10.0,0.852079,1622382949.0,367694350.0,37.819326,-122.453457,9.232523,0.861408,-0.507913,37.0,13.0,0.0,0.689756,1622382949.0,368052630.0,37.822145,-122.471729,12.280355,0.983336,0.181799,60.0,42.0,10.0,0.727481,199.0611111111111,3.093888888888889,7.046944444444445
1622382950.0,338096000.0,37.815575,-122.454809,4.635553,0.920469,-0.390817,60.0,19.0,4.0,0.64664,1622382950.0,338180966.0,37.843411,-122.465339,8.380801,0.999809,-0.019525,37.0,8.0,0.0,0.700927,1622382950.0,366864850.0,37.824582,-122.48302,6.561165,0.999566,-0.029468,60.0,19.0,10.0,0.850618,1622382950.0,367694350.0,37.819305,-122.453411,9.239606,0.863296,-0.504697,37.0,13.0,0.0,0.687626,1622382950.0,368052630.0,37.822156,-122.471658,12.321662,0.984078,0.177737,60.0,42.0,10.0,0.725286,199.0555555555556,3.094444444444445,7.047222222222223
1622382951.0,338096000.0,37.815566,-122.454784,4.63339,0.920443,-0.390878,60.0,19.0,4.0,0.644403,1622382951.0,338180966.0,37.84341,-122.46529,8.423193,0.99987,-0.016139,37.0,8.0,0.0,0.69956,1622382951.0,366864850.0,37.824581,-122.482982,6.582808,0.999534,-0.030524,60.0,19.0,10.0,0.849151,1622382951.0,367694350.0,37.819283,-122.453364,9.246613,0.865112,-0.501578,37.0,13.0,0.0,0.685493,1622382951.0,368052630.0,37.822166,-122.471587,12.362295,0.984778,0.173815,60.0,42.0,10.0,0.723084,199.05,3.095,7.0475
1622382952.0,338096000.0,37.815558,-122.454759,4.631117,0.920409,-0.390957,60.0,19.0,4.0,0.642168,1622382952.0,338180966.0,37.843409,-122.465241,8.463949,0.999916,-0.01296,37.0,8.0,0.0,0.698215,1622382952.0,366864850.0,37.82458,-122.482943,6.605123,0.999498,-0.031676,60.0,19.0,10.0,0.84768,1622382952.0,367694350.0,37.819262,-122.453317,9.253533,0.866858,-0.498556,37.0,13.0,0.0,0.683356,1622382952.0,368052630.0,37.822176,-122.471516,12.402233,0.985439,0.170029,60.0,42.0,10.0,0.720874,199.04444444444445,3.0955555555555554,7.047777777777778
1622382953.0,338096000.0,37.815549,-122.454734,4.628734,0.920368,-0.391054,60.0,19.0,4.0,0.639934,1622382953.0,338180966.0,37.843409,-122.465191,8.502738,0.99995,-0.010013,37.0,8.0,0.0,0.696892,1622382953.0,366864850.0,37.82458,-122.482904,6.628113,0.999458,-0.032923,60.0,19.0,10.0,0.846204,1622382953.0,367694350.0,37.81924,-122.45327,9.260354,0.868533,-0.495631,37.0,13.0,0.0,0.681215,1622382953.0,368052630.0,37.822186,-122.471444,12.441459,0.986062,0.16638,60.0,42.0,10.0,0.718657,199.0388888888889,3.096111111111111,7.048055555555556
1622382954.0,338096000.0,37.815541,-122.454709,4.626242,0.920319,-0.391169,60.0,19.0,4.0,0.637701,1622382954.0,338180966.0,37.843408,-122.465141,8.539544,0.999973,-0.007292,37.0,8.0,0.0,0.695592,1622382954.0,366864850.0,37.824579,-122.482866,6.651781,0.999413,-0.034264,60.0,19.0,10.0,0.844723,1622382954.0,367694350.0,37.819219,-122.453223,9.267065,0.870141,-0.492804,37.0,13.0,0.0,0.679071,1622382954.0,368052630.0,37.822195,-122.471372,12.479954,0.986648,0.162864,60.0,42.0,10.0,0.716432,199.03333333333333,3.0966666666666667,7.048333333333333
1622382955.0,338096000.0,37.815533,-122.454684,4.62364,0.920262,-0.391302,60.0,19.0,4.0,0.635469,1622382955.0,338180966.0,37.843408,-122.465091,8.574352,0.999989,-0.004793,37.0,8.0,0.0,0.694314,1622382955.0,366864850.0,37.824577,-122.482827,6.676129,0.999363,-0.035696,60.0,19.0,10.0,0.843237,1622382955.0,367694350.0,37.819198,-122.453176,9.273656,0.871681,-0.490074,37.0,13.0,0.0,0.676924,1622382955.0,368052630.0,37.822205,-122.4713,12.517703,0.987201,0.159481,60.0,42.0,10.0,0.7142,199.02777777777777,3.0972222222222223,7.048611111111111
1622382956.0,338096000.0,37.815524,-122.454659,4.620928,0.920198,-0.391453,60.0,19.0,4.0,0.633239,1622382956.0,338180966.0,37.843408,-122.465041,8.607149,0.999997,-0.002511,37.0,8.0,0.0,0.693059,1622382956.0,366864850.0,37.824576,-122.482788,6.70116,0.999307,-0.03722,60.0,19.0,10.0,0.841746,1622382956.0,367694350.0,37.819177,-122.453128,9.280117,0.873155,-0.487443,37.0,13.0,0.0,0.674773,1622382956.0,368052630.0,37.822214,-122.471228,12.554689,0.987721,0.156229,60.0,42.0,10.0,0.711961,199.0222222222222,3.097777777777778,7.0488888888888885
1622382957.0,338096000.0,37.815516,-122.454634,4.618107,0.920126,-0.391621,60.0,19.0,4.0,0.63101,1622382957.0,338180966.0,37.843408,-122.464991,8.637923,1.0,-0.000443,37.0,8.0,0.0,0.691827,1622382957.0,366864850.0,37.824575,-122.482748,6.726876,0.999246,-0.038833,60.0,19.0,10.0,0.840249,1622382957.0,367694350.0,37.819156,-122.453081,9.286437,0.874564,-0.48491,37.0,13.0,0.0,0.672619,1622382957.0,368052630.0,37.822223,-122.471155,12.590896,0.98821,0.153106,60.0,42.0,10.0,0.709715,199.01666666666668,3.098333333333333,7.049166666666666
1622382958.0,338096000.0,37.815508,-122.454609,4.615176,0.920047,-0.391808,60.0,19.0,4.0,0.628782,1622382958.0,338180966.0,37.843408,-122.46494,8.666662,0.999999,0.001416,37.0,8.0,0.0,0.690617,1622382958.0,366864850.0,37.824574,-122.482709,6.753282,0.999178,-0.040533,60.0,19.0,10.0,0.838747,1622382958.0,367694350.0,37.819135,-122.453033,9.292609,0.875909,-0.482476,37.0,13.0,0.0,0.670463,1622382958.0,368052630.0,37.822232,-122.471082,12.626311,0.988669,0.150111,60.0,42.0,10.0,0.707463,199.01111111111112,3.098888888888889,7.049444444444444
1622382959.0,338096000.0,37.815499,-122.454584,4.612136,0.91996,-0.392013,60.0,19.0,4.0,0.626556,1622382959.0,338180966.0,37.843408,-122.464889,8.693357,0.999995,0.003069,37.0,8.0,0.0,0.689431,1622382959.0,366864850.0,37.824573,-122.48267,6.78038,0.999104,-0.04232,60.0,19.0,10.0,0.837239,1622382959.0,367694350.0,37.819114,-122.452986,9.298622,0.877192,-0.48014,37.0,13.0,0.0,0.668303,1622382959.0,368052630.0,37.822241,-122.471009,12.660919,0.9891,0.147242,60.0,42.0,10.0,0.705204,199.0055555555556,3.0994444444444444,7.049722222222222
1622382960.0,338096000.0,37.815491,-122.454559,4.608986,0.919864,-0.392236,60.0,19.0,4.0,0.624331,1622382960.0,338180966.0,37.843408,-122.464838,8.718,0.99999,0.004519,37.0,8.0,0.0,0.688268,1622382960.0,366864850.0,37.824571,-122.48263,6.808173,0.999023,-0.044191,60.0,19.0,10.0,0.835725,1622382960.0,367694350.0,37.819094,-122.452938,9.304468,0.878413,-0.477903,37.0,13.0,0.0,0.666141,1622382960.0,368052630.0,37.822249,-122.470936,12.694706,0.989505,0.144498,60.0,42.0,10.0,0.702938,199.0,3.1,7.05
1622382961.0,338096000.0,37.815482,-122.454535,4.605727,0.919761,-0.392478,60.0,19.0,4.0,0.622108,1622382961.0,338180966.0,37.843408,-122.464787,8.740582,0.999983,0.005769,37.0,8.0,0.0,0.687127,1622382961.0,366864850.0,37.82457,-122.48259,6.836629,0.998936,-0.046119,60.0,19.0,10.0,0.834205,1622382961.0,367694350.0,37.819073,-122.45289,9.31014,0.879573,-0.475765,37.0,13.0,0.0,0.663976,1622382961.0,368052630.0,37.822258,-122.470862,12.727662,0.989884,0.141877,60.0,42.0,10.0,0.700667,198.99444444444444,3.100555555555556,7.050277777777778
1622382962.0,338096000.0,37.815474,-122.45451,4.602359,0.919651,-0.392737,60.0,19.0,4.0,0.619887,1622382962.0,338180966.0,37.843408,-122.464736,8.761098,0.999977,0.00682,37.0,8.0,0.0,0.68601,1622382962.0,366864850.0,37.824569,-122.48255,6.865599,0.998847,-0.048,60.0,19.0,10.0,0.832679,1622382962.0,367694350.0,37.819053,-122.452842,9.315628,0.880673,-0.473725,37.0,13.0,0.0,0.661809,1622382962.0,368052630.0,37.822266,-122.470789,12.759772,0.990239,0.139379,60.0,42.0,10.0,0.69839,198.98888888888888,3.101111111111111,7.050555555555556
1622382963.0,338096000.0,37.815466,-122.454485,4.598881,0.919532,-0.393015,60.0,19.0,4.0,0.617667,1622382963.0,338180966.0,37.843409,-122.464685,8.779542,0.999971,0.007676,37.0,8.0,0.0,0.684915,1622382963.0,366864850.0,37.824567,-122.48251,6.895046,0.998759,-0.049808,60.0,19.0,10.0,0.831146,1622382963.0,367694350.0,37.819032,-122.452794,9.320927,0.881714,-0.471785,37.0,13.0,0.0,0.659639,1622382963.0,368052630.0,37.822274,-122.470715,12.791027,0.990571,0.137001,60.0,42.0,10.0,0.696107,198.9833333333333,3.1016666666666666,7.050833333333333
1622382964.0,338096000.0,37.815457,-122.45446,4.595295,0.919405,-0.393312,60.0,19.0,4.0,0.615449,1622382964.0,338180966.0,37.843409,-122.464633,8.79591,0.999965,0.008338,37.0,8.0,0.0,0.683844,1622382964.0,366864850.0,37.824565,-122.482469,6.924966,0.998671,-0.051545,60.0,19.0,10.0,0.829608,1622382964.0,367694350.0,37.819012,-122.452746,9.326029,0.882696,-0.469944,37.0,13.0,0.0,0.657467,1622382964.0,368052630.0,37.822282,-122.47064,12.821415,0.990881,0.134743,60.0,42.0,10.0,0.693818,198.9777777777778,3.102222222222222,7.051111111111111
1622382965.0,338096000.0,37.815449,-122.454436,4.591599,0.919271,-0.393626,60.0,19.0,4.0,0.613233,1622382965.0,338180966.0,37.843409,-122.464582,8.810198,0.999961,0.008808,37.0,8.0,0.0,0.682795,1622382965.0,366864850.0,37.824564,-122.482429,6.955357,0.998583,-0.053209,60.0,19.0,10.0,0.828062,1622382965.0,367694350.0,37.818992,-122.452698,9.330927,0.883622,-0.468202,37.0,13.0,0.0,0.655292,1622382965.0,368052630.0,37.82229,-122.470566,12.850927,0.991169,0.132603,60.0,42.0,10.0,0.691524,198.97222222222223,3.102777777777778,7.051388888888889
1622382966.0,338096000.0,37.815441,-122.454411,4.587795,0.919128,-0.393959,60.0,19.0,4.0,0.611019,1622382966.0,338180966.0,37.84341,-122.46453,8.822405,0.999959,0.009087,37.0,8.0,0.0,0.681769,1622382966.0,366864850.0,37.824562,-122.482388,6.986218,0.998497,-0.054803,60.0,19.0,10.0,0.826511,1622382966.0,367694350.0,37.818971,-122.452649,9.335615,0.88449,-0.466559,37.0,13.0,0.0,0.653116,1622382966.0,368052630.0,37.822298,-122.470491,12.879552,0.991438,0.13058,60.0,42.0,10.0,0.689224,198.96666666666667,3.103333333333333,7.051666666666667
1622382967.0,338096000.0,37.815432,-122.454386,4.583882,0.918977,-0.394311,60.0,19.0,4.0,0.608807,1622382967.0,338180966.0,37.84341,-122.464478,8.832528,0.999958,0.009175,37.0,8.0,0.0,0.680765,1622382967.0,366864850.0,37.82456,-122.482347,7.017545,0.998412,-0.056326,60.0,19.0,10.0,0.824952,1622382967.0,367694350.0,37.818951,-122.452601,9.340087,0.885303,-0.465015,37.0,13.0,0.0,0.650937,1622382967.0,368052630.0,37.822306,-122.470417,12.907282,0.991687,0.128673,60.0,42.0,10.0,0.68692,198.9611111111111,3.1038888888888887,7.051944444444445
1622382968.0,338096000.0,37.815424,-122.454361,4.57986,0.918818,-0.394681,60.0,19.0,4.0,0.606597,1622382968.0,338180966.0,37.843411,-122.464427,8.840567,0.999959,0.009074,37.0,8.0,0.0,0.679784,1622382968.0,366864850.0,37.824558,-122.482306,7.049338,0.998329,-0.05778,60.0,19.0,10.0,0.823387,1622382968.0,367694350.0,37.818931,-122.452553,9.344338,0.88606,-0.463571,37.0,13.0,0.0,0.648757,1622382968.0,368052630.0,37.822314,-122.470342,12.934109,0.991918,0.126882,60.0,42.0,10.0,0.68461,198.95555555555555,3.1044444444444443,7.052222222222222
1622382969.0,338096000.0,37.815416,-122.454337,4.575729,0.918651,-0.39507,60.0,19.0,4.0,0.604389,1622382969.0,338180966.0,37.843411,-122.464375,8.846523,0.999961,0.008784,37.0,8.0,0.0,0.678825,1622382969.0,366864850.0,37.824557,-122.482265,7.081593,0.998248,-0.059165,60.0,19.0,10.0,0.821815,1622382969.0,367694350.0,37.818911,-122.452504,9.348362,0.886762,-0.462226,37.0,13.0,0.0,0.646575,1622382969.0,368052630.0,37.822321,-122.470266,12.960024,0.992131,0.125204,60.0,42.0,10.0,0.682296,198.95,3.105,7.0525
1622382970.0,338096000.0,37.815407,-122.454312,4.57149,0.918476,-0.395478,60.0,19.0,4.0,0.602183,1622382970.0,338180966.0,37.843411,-122.464323,8.850397,0.999966,0.008306,37.0,8.0,0.0,0.677888,1622382970.0,366864850.0,37.824555,-122.482224,7.114309,0.998169,-0.060482,60.0,19.0,10.0,0.820236,1622382970.0,367694350.0,37.818891,-122.452456,9.352155,0.88741,-0.46098,37.0,13.0,0.0,0.644391,1622382970.0,368052630.0,37.822329,-122.470191,12.985021,0.992327,0.12364,60.0,42.0,10.0,0.679977,198.94444444444449,3.105555555555556,7.052777777777778
1622382971.0,338096000.0,37.815399,-122.454288,4.567143,0.918292,-0.395904,60.0,19.0,4.0,0.599979,1622382971.0,338180966.0,37.843412,-122.464271,8.852192,0.999971,0.007638,37.0,8.0,0.0,0.676973,1622382971.0,366864850.0,37.824553,-122.482182,7.147485,0.998093,-0.061731,60.0,19.0,10.0,0.81865,1622382971.0,367694350.0,37.818871,-122.452407,9.355712,0.888005,-0.459834,37.0,13.0,0.0,0.642206,1622382971.0,368052630.0,37.822336,-122.470116,13.009092,0.992507,0.122188,60.0,42.0,10.0,0.677654,198.9388888888889,3.106111111111112,7.053055555555556
1622382972.0,338096000.0,37.815391,-122.454263,4.562687,0.9181,-0.396349,60.0,19.0,4.0,0.597777,1622382972.0,338180966.0,37.843412,-122.464219,8.85191,0.999977,0.006782,37.0,8.0,0.0,0.676079,1622382972.0,366864850.0,37.824551,-122.48214,7.181119,0.998019,-0.062913,60.0,19.0,10.0,0.817057,1622382972.0,367694350.0,37.818851,-122.452358,9.35903,0.888547,-0.458786,37.0,13.0,0.0,0.640019,1622382972.0,368052630.0,37.822344,-122.47004,13.032231,0.992671,0.120847,60.0,42.0,10.0,0.675327,198.9333333333333,3.1066666666666665,7.053333333333334
1622382973.0,338096000.0,37.815382,-122.454239,4.558124,0.917899,-0.396814,60.0,19.0,4.0,0.595578,1622382973.0,338180966.0,37.843412,-122.464167,8.849557,0.999984,0.005735,37.0,8.0,0.0,0.675207,1622382973.0,366864850.0,37.824549,-122.482098,7.215209,0.997948,-0.06403,60.0,19.0,10.0,0.815456,1622382973.0,367694350.0,37.818831,-122.45231,9.362104,0.889035,-0.457838,37.0,13.0,0.0,0.637831,1622382973.0,368052630.0,37.822351,-122.469964,13.054433,0.99282,0.119616,60.0,42.0,10.0,0.672995,198.92777777777772,3.107222222222222,7.053611111111112
1622382974.0,338096000.0,37.815374,-122.454214,4.553452,0.91769,-0.397297,60.0,19.0,4.0,0.59338,1622382974.0,338180966.0,37.843412,-122.464116,8.845137,0.99999,0.004498,37.0,8.0,0.0,0.674355,1622382974.0,366864850.0,37.824546,-122.482056,7.249753,0.99788,-0.06508,60.0,19.0,10.0,0.813848,1622382974.0,367694350.0,37.818811,-122.452261,9.364931,0.889472,-0.45699,37.0,13.0,0.0,0.635641,1622382974.0,368052630.0,37.822358,-122.469888,13.075691,0.992955,0.118495,60.0,42.0,10.0,0.67066,198.92222222222225,3.1077777777777778,7.053888888888889
1622382975.0,338096000.0,37.815365,-122.45419,4.548672,0.917472,-0.397799,60.0,19.0,4.0,0.591186,1622382975.0,338180966.0,37.843413,-122.464064,8.838657,0.999995,0.003069,37.0,8.0,0.0,0.673524,1622382975.0,366864850.0,37.824544,-122.482014,7.284751,0.997815,-0.066067,60.0,19.0,10.0,0.812232,1622382975.0,367694350.0,37.818792,-122.452212,9.367509,0.889857,-0.45624,37.0,13.0,0.0,0.633451,1622382975.0,368052630.0,37.822365,-122.469812,13.096003,0.993075,0.117483,60.0,42.0,10.0,0.66832,198.91666666666663,3.1083333333333334,7.054166666666666
1622382976.0,338096000.0,37.815357,-122.454165,4.543785,0.917246,-0.398321,60.0,19.0,4.0,0.588994,1622382976.0,338180966.0,37.843413,-122.464012,8.830125,0.999999,0.001447,37.0,8.0,0.0,0.672712,1622382976.0,366864850.0,37.824542,-122.481971,7.320201,0.997754,-0.066989,60.0,19.0,10.0,0.810609,1622382976.0,367694350.0,37.818772,-122.452163,9.369834,0.89019,-0.45559,37.0,13.0,0.0,0.63126,1622382976.0,368052630.0,37.822372,-122.469736,13.115362,0.993181,0.11658,60.0,42.0,10.0,0.665978,198.9111111111111,3.108888888888889,7.054444444444444
1622382977.0,338096000.0,37.815349,-122.454141,4.53879,0.917011,-0.398862,60.0,19.0,4.0,0.586804,1622382977.0,338180966.0,37.843413,-122.46396,8.819547,1.0,-0.000371,37.0,8.0,0.0,0.671921,1622382977.0,366864850.0,37.82454,-122.481929,7.356102,0.997696,-0.067848,60.0,19.0,10.0,0.808978,1622382977.0,367694350.0,37.818752,-122.452115,9.371904,0.890472,-0.455039,37.0,13.0,0.0,0.629067,1622382977.0,368052630.0,37.822379,-122.46966,13.133765,0.993274,0.115784,60.0,42.0,10.0,0.663632,198.9055555555556,3.109444444444444,7.054722222222222
1622382978.0,338096000.0,37.81534,-122.454116,4.533688,0.916767,-0.399422,60.0,19.0,4.0,0.584617,1622382978.0,338180966.0,37.843413,-122.463909,8.806934,0.999997,-0.002385,37.0,8.0,0.0,0.671149,1622382978.0,366864850.0,37.824537,-122.481886,7.392453,0.997641,-0.068645,60.0,19.0,10.0,0.807339,1622382978.0,367694350.0,37.818732,-122.452066,9.373717,0.890702,-0.454587,37.0,13.0,0.0,0.626874,1622382978.0,368052630.0,37.822386,-122.469583,13.151209,0.993355,0.115094,60.0,42.0,10.0,0.661282,198.9,3.11,7.055
1622382979.0,338096000.0,37.815332,-122.454092,4.528479,0.916514,-0.400001,60.0,19.0,4.0,0.582432,1622382979.0,338180966.0,37.843413,-122.463857,8.792296,0.999989,-0.004599,37.0,8.0,0.0,0.670395,1622382979.0,366864850.0,37.824535,-122.481842,7.429253,0.99759,-0.06938,60.0,19.0,10.0,0.805693,1622382979.0,367694350.0,37.818713,-122.452017,9.375272,0.890882,-0.454234,37.0,13.0,0.0,0.624681,1622382979.0,368052630.0,37.822393,-122.469507,13.167691,0.993422,0.114512,60.0,42.0,10.0,0.65893,198.89444444444445,3.1105555555555555,7.0552777777777775
1622382980.0,338096000.0,37.815324,-122.454068,4.523163,0.916253,-0.400601,60.0,19.0,4.0,0.58025,1622382980.0,338180966.0,37.843412,-122.463806,8.775645,0.999975,-0.007014,37.0,8.0,0.0,0.66966,1622382980.0,366864850.0,37.824533,-122.481799,7.4665,0.997543,-0.070054,60.0,19.0,10.0,0.804038,1622382980.0,367694350.0,37.818693,-122.451968,9.376568,0.891011,-0.453981,37.0,13.0,0.0,0.622487,1622382980.0,368052630.0,37.8224,-122.46943,13.183209,0.993477,0.114035,60.0,42.0,10.0,0.656575,198.88888888888889,3.111111111111111,7.055555555555555
1622382981.0,338096000.0,37.815315,-122.454043,4.51774,0.915982,-0.401219,60.0,19.0,4.0,0.578071,1622382981.0,338180966.0,37.843412,-122.463754,8.756993,0.999954,-0.009634,37.0,8.0,0.0,0.668943,1622382981.0,366864850.0,37.82453,-122.481755,7.504195,0.9975,-0.070669,60.0,19.0,10.0,0.802375,1622382981.0,367694350.0,37.818673,-122.451919,9.377603,0.89109,-0.453827,37.0,13.0,0.0,0.620292,1622382981.0,368052630.0,37.822407,-122.469354,13.197759,0.993519,0.113664,60.0,42.0,10.0,0.654217,198.88333333333333,3.111666666666667,7.055833333333333
1622382982.0,338096000.0,37.815307,-122.454019,4.512211,0.915702,-0.401858,60.0,19.0,4.0,0.575895,1622382982.0,338180966.0,37.843412,-122.463703,8.736354,0.999922,-0.012461,37.0,8.0,0.0,0.668242,1622382982.0,366864850.0,37.824528,-122.481711,7.542335,0.99746,-0.071224,60.0,19.0,10.0,0.800704,1622382982.0,367694350.0,37.818654,-122.45187,9.378377,0.891118,-0.453772,37.0,13.0,0.0,0.618097,1622382982.0,368052630.0,37.822414,-122.469277,13.211342,0.99355,0.113398,60.0,42.0,10.0,0.651856,198.87777777777777,3.112222222222222,7.056111111111111
1622382983.0,338096000.0,37.815298,-122.453995,4.506575,0.915413,-0.402516,60.0,19.0,4.0,0.573721,1622382983.0,338180966.0,37.843411,-122.463652,8.713743,0.99988,-0.015499,37.0,8.0,0.0,0.667559,1622382983.0,366864850.0,37.824525,-122.481667,7.580921,0.997425,-0.071721,60.0,19.0,10.0,0.799024,1622382983.0,367694350.0,37.818634,-122.451821,9.37889,0.891096,-0.453816,37.0,13.0,0.0,0.615902,1622382983.0,368052630.0,37.822421,-122.4692,13.223956,0.993568,0.113236,60.0,42.0,10.0,0.649493,198.87222222222223,3.1127777777777776,7.056388888888889
1622382984.0,338096000.0,37.81529,-122.453971,4.500832,0.915114,-0.403195,60.0,19.0,4.0,0.571551,1622382984.0,338180966.0,37.843411,-122.463601,8.689176,0.999824,-0.018753,37.0,8.0,0.0,0.666892,1622382984.0,366864850.0,37.824523,-122.481623,7.619952,0.997393,-0.07216,60.0,19.0,10.0,0.797336,1622382984.0,367694350.0,37.818614,-122.451772,9.379142,0.891023,-0.453959,37.0,13.0,0.0,0.613707,1622382984.0,368052630.0,37.822428,-122.469123,13.235599,0.993575,0.113179,60.0,42.0,10.0,0.647128,198.86666666666667,3.1133333333333333,7.056666666666667
1622382985.0,338096000.0,37.815282,-122.453947,4.494984,0.914806,-0.403893,60.0,19.0,4.0,0.569383,1622382985.0,338180966.0,37.84341,-122.46355,8.662671,0.999753,-0.022224,37.0,8.0,0.0,0.66624,1622382985.0,366864850.0,37.82452,-122.481579,7.659427,0.997365,-0.072542,60.0,19.0,10.0,0.795639,1622382985.0,367694350.0,37.818595,-122.451723,9.379133,0.890899,-0.454201,37.0,13.0,0.0,0.611512,1622382985.0,368052630.0,37.822435,-122.469046,13.246272,0.993569,0.113226,60.0,42.0,10.0,0.644761,198.86111111111111,3.113888888888889,7.0569444444444445
1622382986.0,338096000.0,37.815273,-122.453923,4.48903,0.914489,-0.404612,60.0,19.0,4.0,0.567218,1622382986.0,338180966.0,37.843409,-122.463499,8.634248,0.999664,-0.025919,37.0,8.0,0.0,0.665603,1622382986.0,366864850.0,37.824518,-122.481534,7.699346,0.997342,-0.072869,60.0,19.0,10.0,0.793934,1622382986.0,367694350.0,37.818575,-122.451674,9.378865,0.890725,-0.454542,37.0,13.0,0.0,0.609317,1622382986.0,368052630.0,37.822442,-122.468969,13.255976,0.993552,0.113377,60.0,42.0,10.0,0.642392,198.85555555555555,3.114444444444445,7.057222222222222
1622382987.0,338096000.0,37.815265,-122.453899,4.482971,0.914161,-0.40535,60.0,19.0,4.0,0.565057,1622382987.0,338180966.0,37.843408,-122.463448,8.603926,0.999555,-0.029841,37.0,8.0,0.0,0.66498,1622382987.0,366864850.0,37.824515,-122.481489,7.739708,0.997322,-0.07314,60.0,19.0,10.0,0.79222,1622382987.0,367694350.0,37.818555,-122.451625,9.378338,0.890501,-0.454982,37.0,13.0,0.0,0.607123,1622382987.0,368052630.0,37.822449,-122.468892,13.26471,0.993523,0.113632,60.0,42.0,10.0,0.640022,198.85,3.115,7.0575
1622382988.0,338096000.0,37.815256,-122.453875,4.476806,0.913824,-0.40611,60.0,19.0,4.0,0.562898,1622382988.0,338180966.0,37.843407,-122.463398,8.571727,0.999422,-0.033996,37.0,8.0,0.0,0.66437,1622382988.0,366864850.0,37.824512,-122.481444,7.780514,0.997306,-0.073357,60.0,19.0,10.0,0.790497,1622382988.0,367694350.0,37.818535,-122.451576,9.377555,0.890225,-0.455521,37.0,13.0,0.0,0.604928,1622382988.0,368052630.0,37.822456,-122.468814,13.272475,0.993482,0.11399,60.0,42.0,10.0,0.63765,198.84444444444443,3.1155555555555554,7.057777777777778
1622382989.0,338096000.0,37.815248,-122.453851,4.470536,0.913478,-0.406889,60.0,19.0,4.0,0.560743,1622382989.0,338180966.0,37.843405,-122.463348,8.537676,0.999263,-0.038389,37.0,8.0,0.0,0.663774,1622382989.0,366864850.0,37.82451,-122.481398,7.821762,0.997294,-0.073521,60.0,19.0,10.0,0.788765,1622382989.0,367694350.0,37.818516,-122.451527,9.376516,0.889898,-0.45616,37.0,13.0,0.0,0.602735,1622382989.0,368052630.0,37.822463,-122.468737,13.279274,0.993429,0.114451,60.0,42.0,10.0,0.635276,198.8388888888889,3.116111111111111,7.058055555555556
1622382990.0,338096000.0,37.81524,-122.453827,4.464161,0.913121,-0.407689,60.0,19.0,4.0,0.558591,1622382990.0,338180966.0,37.843404,-122.463298,8.501796,0.999074,-0.043024,37.0,8.0,0.0,0.663189,1622382990.0,366864850.0,37.824507,-122.481353,7.863453,0.997286,-0.073632,60.0,19.0,10.0,0.787024,1622382990.0,367694350.0,37.818496,-122.451479,9.375225,0.88952,-0.456897,37.0,13.0,0.0,0.600542,1622382990.0,368052630.0,37.82247,-122.46866,13.285121,0.993366,0.115,60.0,42.0,10.0,0.632901,198.8333333333333,3.1166666666666667,7.058333333333334
1622382991.0,338096000.0,37.815231,-122.453803,4.457682,0.912754,-0.40851,60.0,19.0,4.0,0.556442,1622382991.0,338180966.0,37.843402,-122.463248,8.464117,0.998852,-0.04791,37.0,8.0,0.0,0.662615,1622382991.0,366864850.0,37.824504,-122.481307,7.905586,0.997281,-0.073691,60.0,19.0,10.0,0.785273,1622382991.0,367694350.0,37.818476,-122.45143,9.373683,0.88909,-0.457733,37.0,13.0,0.0,0.598349,1622382991.0,368052630.0,37.822477,-122.468583,13.290072,0.993299,0.115572,60.0,42.0,10.0,0.630526,198.82777777777773,3.1172222222222223,7.058611111111111
1622382992.0,338096000.0,37.815223,-122.453779,4.451098,0.912376,-0.409352,60.0,19.0,4.0,0.554297,1622382992.0,338180966.0,37.8434,-122.463199,8.424665,0.998592,-0.05305,37.0,8.0,0.0,0.662052,1622382992.0,366864850.0,37.824502,-122.48126,7.948161,0.997281,-0.073698,60.0,19.0,10.0,0.783514,1622382992.0,367694350.0,37.818456,-122.451381,9.371894,0.888608,-0.458668,37.0,13.0,0.0,0.596158,1622382992.0,368052630.0,37.822484,-122.468505,13.294141,0.993232,0.11615,60.0,42.0,10.0,0.628149,198.82222222222225,3.117777777777778,7.058888888888889
1622382993.0,338096000.0,37.815214,-122.453755,4.44441,0.911989,-0.410215,60.0,19.0,4.0,0.552155,1622382993.0,338180966.0,37.843398,-122.463149,8.383473,0.99829,-0.058454,37.0,8.0,0.0,0.661499,1622382993.0,366864850.0,37.824499,-122.481214,7.991179,0.997284,-0.073656,60.0,19.0,10.0,0.781745,1622382993.0,367694350.0,37.818436,-122.451332,9.369861,0.888073,-0.459702,37.0,13.0,0.0,0.593967,1622382993.0,368052630.0,37.822491,-122.468428,13.297326,0.993163,0.116737,60.0,42.0,10.0,0.625772,198.81666666666663,3.118333333333333,7.059166666666667
1622382994.0,338096000.0,37.815206,-122.453731,4.437619,0.911591,-0.411099,60.0,19.0,4.0,0.550016,1622382994.0,338180966.0,37.843396,-122.4631,8.340573,0.997942,-0.064126,37.0,8.0,0.0,0.660954,1622382994.0,366864850.0,37.824496,-122.481167,8.03464,0.99729,-0.073564,60.0,19.0,10.0,0.779966,1622382994.0,367694350.0,37.818416,-122.451283,9.367588,0.887486,-0.460835,37.0,13.0,0.0,0.591778,1622382994.0,368052630.0,37.822498,-122.468351,13.299629,0.993093,0.11733,60.0,42.0,10.0,0.623394,198.8111111111111,3.118888888888889,7.059444444444445
1622382995.0,338096000.0,37.815197,-122.453708,4.430724,0.911182,-0.412004,60.0,19.0,4.0,0.547881,1622382995.0,338180966.0,37.843394,-122.463051,8.295999,0.997542,-0.070075,37.0,8.0,0.0,0.660417,1622382995.0,366864850.0,37.824494,-122.48112,8.078543,0.997301,-0.073424,60.0,19.0,10.0,0.778177,1622382995.0,367694350.0,37.818396,-122.451235,9.365079,0.886846,-0.462066,37.0,13.0,0.0,0.58959,1622382995.0,368052630.0,37.822506,-122.468273,13.30105,0.993022,0.117931,60.0,42.0,10.0,0.621016,198.8055555555556,3.1194444444444445,7.059722222222222
1622382996.0,338096000.0,37.815189,-122.453684,4.423726,0.910762,-0.412931,60.0,19.0,4.0,0.54575,1622382996.0,338180966.0,37.843391,-122.463003,8.249791,0.997084,-0.076308,37.0,8.0,0.0,0.659888,1622382996.0,366864850.0,37.824491,-122.481073,8.122888,0.997315,-0.073235,60.0,19.0,10.0,0.776379,1622382996.0,367694350.0,37.818376,-122.451186,9.362338,0.886151,-0.463396,37.0,13.0,0.0,0.587403,1622382996.0,368052630.0,37.822513,-122.468196,13.301589,0.992949,0.11854,60.0,42.0,10.0,0.618638,198.8,3.12,7.06
1622382997.0,338096000.0,37.81518,-122.453661,4.416625,0.910332,-0.413879,60.0,19.0,4.0,0.543622,1622382997.0,338180966.0,37.843388,-122.462955,8.201987,0.996563,-0.082834,37.0,8.0,0.0,0.659364,1622382997.0,366864850.0,37.824488,-122.481026,8.167677,0.997332,-0.073,60.0,19.0,10.0,0.774571,1622382997.0,367694350.0,37.818356,-122.451137,9.35937,0.885402,-0.464825,37.0,13.0,0.0,0.585217,1622382997.0,368052630.0,37.82252,-122.468119,13.301246,0.992876,0.119156,60.0,42.0,10.0,0.616259,198.79444444444445,3.120555555555556,7.060277777777777
1622382998.0,338096000.0,37.815172,-122.453637,4.409421,0.90989,-0.414849,60.0,19.0,4.0,0.541498,1622382998.0,338180966.0,37.843385,-122.462907,8.15263,0.995972,-0.089661,37.0,8.0,0.0,0.658846,1622382998.0,366864850.0,37.824485,-122.480978,8.212909,0.997353,-0.072718,60.0,19.0,10.0,0.772753,1622382998.0,367694350.0,37.818336,-122.451089,9.356179,0.884599,-0.466353,37.0,13.0,0.0,0.583034,1622382998.0,368052630.0,37.822528,-122.468041,13.300022,0.9928,0.11978,60.0,42.0,10.0,0.613881,198.7888888888889,3.121111111111111,7.060555555555555
1622382999.0,338096000.0,37.815164,-122.453614,4.402115,0.909438,-0.41584,60.0,19.0,4.0,0.539378,1622382999.0,338180966.0,37.843381,-122.462859,8.101765,0.995304,-0.096798,37.0,8.0,0.0,0.658332,1622382999.0,366864850.0,37.824483,-122.48093,8.258584,0.997376,-0.072391,60.0,19.0,10.0,0.770925,1622382999.0,367694350.0,37.818316,-122.45104,9.352772,0.883739,-0.467979,37.0,13.0,0.0,0.580851,1622382999.0,368052630.0,37.822535,-122.467964,13.297915,0.992724,0.120412,60.0,42.0,10.0,0.611503,198.78333333333333,3.1216666666666666,7.060833333333333
1622383000.0,338096000.0,37.815155,-122.45359,4.394707,0.908974,-0.416854,60.0,19.0,4.0,0.537261,1622383000.0,338180966.0,37.843378,-122.462812,8.049441,0.994551,-0.104255,37.0,8.0,0.0,0.657821,1622383000.0,366864850.0,37.82448,-122.480882,8.304703,0.997403,-0.07202,60.0,19.0,10.0,0.769087,1622383000.0,367694350.0,37.818296,-122.450992,9.349154,0.882824,-0.469704,37.0,13.0,0.0,0.578671,1622383000.0,368052630.0,37.822542,-122.467887,13.294928,0.992646,0.121052,60.0,42.0,10.0,0.609125,198.77777777777777,3.1222222222222222,7.061111111111111
1622383001.0,338096000.0,37.815147,-122.453567,4.387198,0.908498,-0.417889,60.0,19.0,4.0,0.535148,1622383001.0,338180966.0,37.843374,-122.462765,7.995709,0.993704,-0.11204,37.0,8.0,0.0,0.657312,1622383001.0,366864850.0,37.824477,-122.480833,8.351267,0.997433,-0.071604,60.0,19.0,10.0,0.767239,1622383001.0,367694350.0,37.818275,-122.450944,9.345332,0.881851,-0.471527,37.0,13.0,0.0,0.576493,1622383001.0,368052630.0,37.82255,-122.467809,13.29106,0.992567,0.1217,60.0,42.0,10.0,0.606748,198.7722222222222,3.122777777777778,7.061388888888889
1622383002.0,338096000.0,37.815138,-122.453543,4.379587,0.908011,-0.418947,60.0,19.0,4.0,0.53304,1622383002.0,338180966.0,37.84337,-122.462719,7.940623,0.992754,-0.120163,37.0,8.0,0.0,0.656805,1622383002.0,366864850.0,37.824474,-122.480785,8.398275,0.997466,-0.071146,60.0,19.0,10.0,0.76538,1622383002.0,367694350.0,37.818255,-122.450895,9.341311,0.880821,-0.473449,37.0,13.0,0.0,0.574316,1622383002.0,368052630.0,37.822557,-122.467732,13.28631,0.992486,0.122357,60.0,42.0,10.0,0.604371,198.76666666666668,3.123333333333333,7.0616666666666665
1622383003.0,338096000.0,37.81513,-122.45352,4.371876,0.907511,-0.420027,60.0,19.0,4.0,0.530935,1622383003.0,338180966.0,37.843365,-122.462672,7.884242,0.991692,-0.128637,37.0,8.0,0.0,0.656298,1622383003.0,366864850.0,37.824472,-122.480735,8.445729,0.997501,-0.070645,60.0,19.0,10.0,0.76351,1622383003.0,367694350.0,37.818235,-122.450847,9.337099,0.879733,-0.475469,37.0,13.0,0.0,0.572142,1622383003.0,368052630.0,37.822565,-122.467655,13.280681,0.992404,0.123022,60.0,42.0,10.0,0.601996,198.76111111111112,3.1238888888888887,7.061944444444444
1622383004.0,338096000.0,37.815121,-122.453497,4.364064,0.907,-0.42113,60.0,19.0,4.0,0.528834,1622383004.0,338180966.0,37.843361,-122.462627,7.826628,0.990506,-0.137469,37.0,8.0,0.0,0.655791,1622383004.0,366864850.0,37.824469,-122.480686,8.493629,0.99754,-0.070103,60.0,19.0,10.0,0.76163,1622383004.0,367694350.0,37.818214,-122.450799,9.332704,0.878585,-0.477587,37.0,13.0,0.0,0.56997,1622383004.0,368052630.0,37.822572,-122.467578,13.27417,0.99232,0.123696,60.0,42.0,10.0,0.599621,198.7555555555556,3.1244444444444444,7.062222222222222
1622383005.0,338096000.0,37.815113,-122.453474,4.356152,0.906477,-0.422256,60.0,19.0,4.0,0.526737,1622383005.0,338180966.0,37.843356,-122.462581,7.767847,0.989185,-0.146673,37.0,8.0,0.0,0.655281,1622383005.0,366864850.0,37.824466,-122.480636,8.541975,0.997581,-0.06952,60.0,19.0,10.0,0.759739,1622383005.0,367694350.0,37.818193,-122.450751,9.328132,0.877377,-0.479803,37.0,13.0,0.0,0.5678,1622383005.0,368052630.0,37.82258,-122.4675,13.26678,0.992235,0.124378,60.0,42.0,10.0,0.597248,198.75,3.125,7.0625
1622383006.0,338096000.0,37.815104,-122.45345,4.34814,0.905941,-0.423404,60.0,19.0,4.0,0.524644,1622383006.0,338180966.0,37.84335,-122.462536,7.707968,0.987716,-0.156259,37.0,8.0,0.0,0.654769,1622383006.0,366864850.0,37.824463,-122.480587,8.590768,0.997624,-0.068898,60.0,19.0,10.0,0.757838,1622383006.0,367694350.0,37.818173,-122.450703,9.323391,0.876107,-0.482116,37.0,13.0,0.0,0.565633,1622383006.0,368052630.0,37.822588,-122.467423,13.25851,0.992148,0.12507,60.0,42.0,10.0,0.594876,198.74444444444444,3.125555555555556,7.062777777777778
1622383007.0,338096000.0,37.815096,-122.453427,4.340028,0.905392,-0.424576,60.0,19.0,4.0,0.522556,1622383007.0,338180966.0,37.843345,-122.462492,7.647067,0.986086,-0.166238,37.0,8.0,0.0,0.654253,1622383007.0,366864850.0,37.824461,-122.480536,8.640009,0.997669,-0.068236,60.0,19.0,10.0,0.755925,1622383007.0,367694350.0,37.818152,-122.450655,9.318492,0.874776,-0.484528,37.0,13.0,0.0,0.563469,1622383007.0,368052630.0,37.822595,-122.467346,13.24936,0.992059,0.12577,60.0,42.0,10.0,0.592506,198.73888888888888,3.126111111111112,7.063055555555556
1622383008.0,338096000.0,37.815087,-122.453404,4.331818,0.904831,-0.42577,60.0,19.0,4.0,0.520472,1622383008.0,338180966.0,37.843339,-122.462447,7.585223,0.984279,-0.176622,37.0,8.0,0.0,0.653732,1622383008.0,366864850.0,37.824458,-122.480486,8.689699,0.997717,-0.067536,60.0,19.0,10.0,0.754002,1622383008.0,367694350.0,37.818131,-122.450608,9.313441,0.873381,-0.487037,37.0,13.0,0.0,0.561307,1622383008.0,368052630.0,37.822603,-122.467269,13.23933,0.991969,0.12648,60.0,42.0,10.0,0.590137,198.7333333333333,3.1266666666666665,7.0633333333333335
1622383009.0,338096000.0,37.815079,-122.453381,4.323509,0.904257,-0.426989,60.0,19.0,4.0,0.518392,1622383009.0,338180966.0,37.843333,-122.462404,7.52252,0.982279,-0.187424,37.0,8.0,0.0,0.653204,1622383009.0,366864850.0,37.824455,-122.480435,8.739838,0.997767,-0.066798,60.0,19.0,10.0,0.752067,1622383009.0,367694350.0,37.81811,-122.45056,9.308288,0.871934,-0.489623,37.0,13.0,0.0,0.559148,1622383009.0,368052630.0,37.822611,-122.467192,13.228422,0.991877,0.127199,60.0,42.0,10.0,0.58777,198.7277777777778,3.127222222222222,7.063611111111111
1622383010.0,338096000.0,37.81507,-122.453359,4.315102,0.90367,-0.42823,60.0,19.0,4.0,0.516316,1622383010.0,338180966.0,37.843326,-122.46236,7.459049,0.98007,-0.198654,37.0,8.0,0.0,0.65267,1622383010.0,366864850.0,37.824452,-122.480384,8.790427,0.997818,-0.066023,60.0,19.0,10.0,0.750121,1622383010.0,367694350.0,37.818089,-122.450512,9.303196,0.87048,-0.492204,37.0,13.0,0.0,0.556992,1622383010.0,368052630.0,37.822619,-122.467116,13.216634,0.991783,0.127928,60.0,42.0,10.0,0.585405,198.72222222222223,3.1277777777777778,7.063888888888889
1622383011.0,338096000.0,37.815061,-122.453336,4.306598,0.903069,-0.429496,60.0,19.0,4.0,0.514245,1622383011.0,338180966.0,37.843319,-122.462318,7.394905,0.977632,-0.210325,37.0,8.0,0.0,0.652127,1622383011.0,366864850.0,37.82445,-122.480333,8.841468,0.997871,-0.065212,60.0,19.0,10.0,0.748164,1622383011.0,367694350.0,37.818068,-122.450465,9.298204,0.86903,-0.49476,37.0,13.0,0.0,0.55484,1622383011.0,368052630.0,37.822626,-122.467039,13.203968,0.991688,0.128666,60.0,42.0,10.0,0.583042,198.71666666666667,3.1283333333333334,7.064166666666667
1622383012.0,338096000.0,37.815053,-122.453313,4.297996,0.902454,-0.430785,60.0,19.0,4.0,0.512179,1622383012.0,338180966.0,37.843312,-122.462275,7.330191,0.974945,-0.222448,37.0,8.0,0.0,0.651574,1622383012.0,366864850.0,37.824447,-122.480281,8.89296,0.997926,-0.064366,60.0,19.0,10.0,0.746195,1622383012.0,367694350.0,37.818046,-122.450418,9.293309,0.867584,-0.497291,37.0,13.0,0.0,0.55269,1622383012.0,368052630.0,37.822634,-122.466962,13.190423,0.991591,0.129415,60.0,42.0,10.0,0.580682,198.7111111111111,3.128888888888889,7.064444444444445
1622383013.0,338096000.0,37.815044,-122.45329,4.289297,0.901826,-0.432099,60.0,19.0,4.0,0.510117,1622383013.0,338180966.0,37.843305,-122.462233,7.265013,0.971987,-0.235035,37.0,8.0,0.0,0.651011,1622383013.0,366864850.0,37.824444,-122.480229,8.944905,0.997983,-0.063485,60.0,19.0,10.0,0.744214,1622383013.0,367694350.0,37.818025,-122.45037,9.288509,0.866142,-0.499797,37.0,13.0,0.0,0.550543,1622383013.0,368052630.0,37.822642,-122.466886,13.176,0.991491,0.130173,60.0,42.0,10.0,0.578324,198.70555555555555,3.1294444444444443,7.064722222222223
1622383014.0,338096000.0,37.815036,-122.453268,4.280502,0.901184,-0.433437,60.0,19.0,4.0,0.508059,1622383014.0,338180966.0,37.843297,-122.462192,7.199487,0.968735,-0.248097,37.0,8.0,0.0,0.650435,1622383014.0,366864850.0,37.824442,-122.480177,8.997303,0.998041,-0.062571,60.0,19.0,10.0,0.742222,1622383014.0,367694350.0,37.818004,-122.450323,9.283803,0.864706,-0.502278,37.0,13.0,0.0,0.548399,1622383014.0,368052630.0,37.82265,-122.466809,13.1607,0.99139,0.130942,60.0,42.0,10.0,0.575968,198.7,3.13,7.065
1622383015.0,338096000.0,37.815027,-122.453245,4.271611,0.900527,-0.434799,60.0,19.0,4.0,0.506006,1622383015.0,338180966.0,37.843288,-122.462151,7.133736,0.965164,-0.261644,37.0,8.0,0.0,0.649847,1622383015.0,366864850.0,37.824439,-122.480124,9.050157,0.9981,-0.061623,60.0,19.0,10.0,0.740218,1622383015.0,367694350.0,37.817982,-122.450276,9.279188,0.863275,-0.504734,37.0,13.0,0.0,0.546258,1622383015.0,368052630.0,37.822658,-122.466733,13.144522,0.991287,0.131721,60.0,42.0,10.0,0.573616,198.69444444444449,3.1305555555555555,7.065277777777778
1622383016.0,338096000.0,37.815019,-122.453222,4.262625,0.899856,-0.436186,60.0,19.0,4.0,0.503958,1622383016.0,338180966.0,37.84328,-122.462111,7.067888,0.961248,-0.275686,37.0,8.0,0.0,0.649244,1622383016.0,366864850.0,37.824437,-122.480071,9.103466,0.99816,-0.060642,60.0,19.0,10.0,0.738202,1622383016.0,367694350.0,37.81796,-122.450229,9.274662,0.861849,-0.507165,37.0,13.0,0.0,0.54412,1622383016.0,368052630.0,37.822666,-122.466656,13.127467,0.991182,0.13251,60.0,42.0,10.0,0.571266,198.6888888888889,3.131111111111111,7.065555555555555
1622383017.0,338096000.0,37.81501,-122.4532,4.253585,0.899175,-0.43759,60.0,19.0,4.0,0.501915,1622383017.0,338180966.0,37.843271,-122.462071,7.002082,0.956956,-0.290233,37.0,8.0,0.0,0.648626,1622383017.0,366864850.0,37.824434,-122.480018,9.157231,0.998221,-0.05963,60.0,19.0,10.0,0.736174,1622383017.0,367694350.0,37.817939,-122.450183,9.270223,0.860429,-0.509571,37.0,13.0,0.0,0.541985,1622383017.0,368052630.0,37.822674,-122.46658,13.109534,0.991074,0.133311,60.0,42.0,10.0,0.568919,198.6833333333333,3.131666666666667,7.065833333333333
1622383018.0,338096000.0,37.815001,-122.453178,4.244655,0.898499,-0.438975,60.0,19.0,4.0,0.499876,1622383018.0,338180966.0,37.843261,-122.462032,6.936463,0.952259,-0.305291,37.0,8.0,0.0,0.647991,1622383018.0,366864850.0,37.824431,-122.479964,9.211455,0.998282,-0.058587,60.0,19.0,10.0,0.734134,1622383018.0,367694350.0,37.817917,-122.450136,9.265869,0.859014,-0.511951,37.0,13.0,0.0,0.539853,1622383018.0,368052630.0,37.822682,-122.466504,13.090726,0.990965,0.134122,60.0,42.0,10.0,0.566576,198.67777777777772,3.132222222222222,7.066111111111111
1622383019.0,338096000.0,37.814993,-122.453155,4.235876,0.897834,-0.440334,60.0,19.0,4.0,0.497842,1622383019.0,338180966.0,37.843252,-122.461993,6.871186,0.947124,-0.320866,37.0,8.0,0.0,0.647338,1622383019.0,366864850.0,37.824429,-122.479911,9.266137,0.998345,-0.057513,60.0,19.0,10.0,0.732082,1622383019.0,367694350.0,37.817895,-122.450089,9.261599,0.857606,-0.514307,37.0,13.0,0.0,0.537723,1622383019.0,368052630.0,37.82269,-122.466428,13.071041,0.990853,0.134945,60.0,42.0,10.0,0.564236,198.67222222222225,3.1327777777777777,7.066388888888889
1622383020.0,338096000.0,37.814984,-122.453133,4.227247,0.89718,-0.441665,60.0,19.0,4.0,0.495813,1622383020.0,338180966.0,37.843241,-122.461955,6.806415,0.941517,-0.336965,37.0,8.0,0.0,0.646665,1622383020.0,366864850.0,37.824427,-122.479856,9.321279,0.998408,-0.05641,60.0,19.0,10.0,0.730018,1622383020.0,367694350.0,37.817873,-122.450043,9.257409,0.856204,-0.516637,37.0,13.0,0.0,0.535597,1622383020.0,368052630.0,37.822698,-122.466352,13.05048,0.990739,0.135779,60.0,42.0,10.0,0.561899,198.66666666666663,3.1333333333333333,7.066666666666666
1622383021.0,338096000.0,37.814976,-122.453111,4.218767,0.896537,-0.442969,60.0,19.0,4.0,0.493788,1622383021.0,338180966.0,37.843231,-122.461917,6.742322,0.935401,-0.353588,37.0,8.0,0.0,0.645973,1622383021.0,366864850.0,37.824424,-122.479802,9.376881,0.998471,-0.055277,60.0,19.0,10.0,0.727941,1622383021.0,367694350.0,37.817851,-122.449996,9.253299,0.854809,-0.518943,37.0,13.0,0.0,0.533473,1622383021.0,368052630.0,37.822707,-122.466276,13.029043,0.990623,0.136625,60.0,42.0,10.0,0.559567,198.6611111111111,3.133888888888889,7.066944444444444
1622383022.0,338096000.0,37.814967,-122.453089,4.210437,0.895905,-0.444246,60.0,19.0,4.0,0.491768,1622383022.0,338180966.0,37.84322,-122.46188,6.67909,0.928739,-0.370735,37.0,8.0,0.0,0.645258,1622383022.0,366864850.0,37.824422,-122.479747,9.432946,0.998535,-0.054116,60.0,19.0,10.0,0.725851,1622383022.0,367694350.0,37.817828,-122.44995,9.249266,0.85342,-0.521223,37.0,13.0,0.0,0.531353,1622383022.0,368052630.0,37.822715,-122.466201,13.006731,0.990504,0.137483,60.0,42.0,10.0,0.557238,198.6555555555556,3.1344444444444446,7.067222222222222
1622383023.0,338096000.0,37.814958,-122.453067,4.202254,0.895285,-0.445494,60.0,19.0,4.0,0.489752,1622383023.0,338180966.0,37.843208,-122.461844,6.616913,0.921489,-0.388404,37.0,8.0,0.0,0.644521,1622383023.0,366864850.0,37.824419,-122.479692,9.489475,0.998598,-0.052928,60.0,19.0,10.0,0.723749,1622383023.0,367694350.0,37.817806,-122.449904,9.245308,0.852039,-0.523479,37.0,13.0,0.0,0.529235,1622383023.0,368052630.0,37.822723,-122.466125,12.983545,0.990383,0.138353,60.0,42.0,10.0,0.554913,198.65,3.135,7.0675
1622383024.0,338096000.0,37.81495,-122.453045,4.194219,0.894676,-0.446715,60.0,19.0,4.0,0.48774,1622383024.0,338180966.0,37.843196,-122.461808,6.555991,0.913611,-0.406588,37.0,8.0,0.0,0.643759,1622383024.0,366864850.0,37.824417,-122.479636,9.546467,0.998662,-0.051712,60.0,19.0,10.0,0.721634,1622383024.0,367694350.0,37.817784,-122.449858,9.241424,0.850664,-0.525709,37.0,13.0,0.0,0.52712,1622383024.0,368052630.0,37.822731,-122.46605,12.959484,0.990259,0.139235,60.0,42.0,10.0,0.552592,198.64444444444445,3.1355555555555554,7.067777777777778
1622383025.0,338096000.0,37.814941,-122.453023,4.186332,0.89408,-0.447908,60.0,19.0,4.0,0.485733,1622383025.0,338180966.0,37.843184,-122.461773,6.496539,0.905063,-0.425278,37.0,8.0,0.0,0.642972,1622383025.0,366864850.0,37.824415,-122.479581,9.603925,0.998726,-0.05047,60.0,19.0,10.0,0.719506,1622383025.0,367694350.0,37.817761,-122.449812,9.237611,0.849297,-0.527915,37.0,13.0,0.0,0.525008,1622383025.0,368052630.0,37.82274,-122.465975,12.934548,0.990133,0.14013,60.0,42.0,10.0,0.550276,198.63888888888889,3.136111111111111,7.068055555555556
1622383026.0,338096000.0,37.814932,-122.453001,4.178591,0.893496,-0.449071,60.0,19.0,4.0,0.48373,1622383026.0,338180966.0,37.843171,-122.461739,6.43878,0.895799,-0.444459,37.0,8.0,0.0,0.642158,1622383026.0,366864850.0,37.824412,-122.479524,9.66185,0.998789,-0.049203,60.0,19.0,10.0,0.717365,1622383026.0,367694350.0,37.817739,-122.449766,9.233868,0.847938,-0.530095,37.0,13.0,0.0,0.522898,1622383026.0,368052630.0,37.822748,-122.4659,12.908739,0.990004,0.141038,60.0,42.0,10.0,0.547964,198.63333333333333,3.1366666666666667,7.068333333333333
1622383027.0,338096000.0,37.814924,-122.452979,4.170996,0.892924,-0.450207,60.0,19.0,4.0,0.481731,1622383027.0,338180966.0,37.843158,-122.461705,6.382947,0.885776,-0.464112,37.0,8.0,0.0,0.641316,1622383027.0,366864850.0,37.82441,-122.479468,9.720243,0.998852,-0.04791,60.0,19.0,10.0,0.715211,1622383027.0,367694350.0,37.817716,-122.44972,9.230193,0.846587,-0.532251,37.0,13.0,0.0,0.520792,1622383027.0,368052630.0,37.822757,-122.465825,12.882057,0.989873,0.141959,60.0,42.0,10.0,0.545657,198.62777777777777,3.1372222222222224,7.068611111111111
1622383028.0,338096000.0,37.814915,-122.452957,4.163546,0.892366,-0.451313,60.0,19.0,4.0,0.479736,1622383028.0,338180966.0,37.843144,-122.461672,6.329284,0.87495,-0.484214,37.0,8.0,0.0,0.640445,1622383028.0,366864850.0,37.824408,-122.479411,9.779105,0.998914,-0.046593,60.0,19.0,10.0,0.713044,1622383028.0,367694350.0,37.817693,-122.449674,9.226583,0.845243,-0.534382,37.0,13.0,0.0,0.518688,1622383028.0,368052630.0,37.822765,-122.46575,12.854502,0.989738,0.142893,60.0,42.0,10.0,0.543354,198.62222222222223,3.137777777777778,7.068888888888889
1622383029.0,338096000.0,37.814906,-122.452935,4.156241,0.89182,-0.45239,60.0,19.0,4.0,0.477745,1622383029.0,338180966.0,37.84313,-122.461639,6.278043,0.863275,-0.504734,37.0,8.0,0.0,0.639543,1622383029.0,366864850.0,37.824406,-122.479354,9.838438,0.998976,-0.045252,60.0,19.0,10.0,0.710863,1622383029.0,367694350.0,37.81767,-122.449628,9.223038,0.843908,-0.536488,37.0,13.0,0.0,0.516587,1622383029.0,368052630.0,37.822774,-122.465676,12.826074,0.989601,0.143841,60.0,42.0,10.0,0.541057,198.61666666666667,3.138333333333333,7.069166666666667
1622383030.0,338096000.0,37.814897,-122.452913,4.149081,0.891288,-0.453438,60.0,19.0,4.0,0.475758,1622383030.0,338180966.0,37.843116,-122.461608,6.229487,0.850709,-0.525636,37.0,8.0,0.0,0.638609,1622383030.0,366864850.0,37.824404,-122.479296,9.898242,0.999036,-0.043888,60.0,19.0,10.0,0.708669,1622383030.0,367694350.0,37.817648,-122.449583,9.219554,0.842581,-0.538569,37.0,13.0,0.0,0.514489,1622383030.0,368052630.0,37.822782,-122.465601,12.796775,0.989461,0.144802,60.0,42.0,10.0,0.538765,198.61111111111111,3.138888888888889,7.069444444444445
1622383031.0,338096000.0,37.814889,-122.452892,4.142065,0.890769,-0.454456,60.0,19.0,4.0,0.473775,1622383031.0,338180966.0,37.8431,-122.461577,6.183886,0.837211,-0.54688,37.0,8.0,0.0,0.637642,1622383031.0,366864850.0,37.824402,-122.479238,9.958519,0.999096,-0.042501,60.0,19.0,10.0,0.706462,1622383031.0,367694350.0,37.817625,-122.449537,9.216131,0.841263,-0.540626,37.0,13.0,0.0,0.512394,1622383031.0,368052630.0,37.822791,-122.465527,12.766603,0.989317,0.145778,60.0,42.0,10.0,0.536478,198.60555555555555,3.1394444444444445,7.069722222222223
1622383032.0,338096000.0,37.81488,-122.45287,4.135192,0.890264,-0.455444,60.0,19.0,4.0,0.471795,1622383032.0,338180966.0,37.843085,-122.461546,6.141519,0.822742,-0.568415,37.0,8.0,0.0,0.63664,1622383032.0,366864850.0,37.8244,-122.47918,10.019022,0.999155,-0.041095,60.0,19.0,10.0,0.704241,1622383032.0,367694350.0,37.817602,-122.449492,9.212767,0.839954,-0.542657,37.0,13.0,0.0,0.510301,1622383032.0,368052630.0,37.822799,-122.465453,12.735561,0.989171,0.146769,60.0,42.0,10.0,0.534196,198.6,3.14,7.07
1622383033.0,338096000.0,37.814871,-122.452849,4.128462,0.889773,-0.456403,60.0,19.0,4.0,0.469819,1622383033.0,338180966.0,37.843069,-122.461517,6.10267,0.807267,-0.590186,37.0,8.0,0.0,0.635602,1622383033.0,366864850.0,37.824398,-122.479121,10.078761,0.999212,-0.039681,60.0,19.0,10.0,0.702006,1622383033.0,367694350.0,37.817578,-122.449447,9.20946,0.838654,-0.544664,37.0,13.0,0.0,0.508212,1622383033.0,368052630.0,37.822808,-122.46538,12.703648,0.989021,0.147774,60.0,42.0,10.0,0.53192,198.59444444444443,3.140555555555556,7.070277777777778
1622383034.0,338096000.0,37.814863,-122.452827,4.121875,0.889297,-0.457331,60.0,19.0,4.0,0.467847,1622383034.0,338180966.0,37.843052,-122.461488,6.067628,0.790756,-0.612131,37.0,8.0,0.0,0.634528,1622383034.0,366864850.0,37.824396,-122.479062,10.137488,0.999268,-0.038262,60.0,19.0,10.0,0.699758,1622383034.0,367694350.0,37.817555,-122.449401,9.206207,0.837363,-0.546647,37.0,13.0,0.0,0.506125,1622383034.0,368052630.0,37.822817,-122.465306,12.670865,0.988868,0.148795,60.0,42.0,10.0,0.52965,198.5888888888889,3.141111111111111,7.070555555555556
1622383035.0,338096000.0,37.814854,-122.452806,4.11543,0.888834,-0.458229,60.0,19.0,4.0,0.465878,1622383035.0,338180966.0,37.843035,-122.46146,6.036687,0.773185,-0.63418,37.0,8.0,0.0,0.633415,1622383035.0,366864850.0,37.824394,-122.479003,10.195204,0.999321,-0.036837,60.0,19.0,10.0,0.697496,1622383035.0,367694350.0,37.817532,-122.449356,9.203008,0.836082,-0.548604,37.0,13.0,0.0,0.50404,1622383035.0,368052630.0,37.822825,-122.465233,12.637212,0.988712,0.149831,60.0,42.0,10.0,0.527386,198.5833333333333,3.1416666666666666,7.070833333333334
1622383036.0,338096000.0,37.814845,-122.452784,4.109126,0.888387,-0.459096,60.0,19.0,4.0,0.463912,1622383036.0,338180966.0,37.843017,-122.461432,6.010141,0.754537,-0.656258,37.0,8.0,0.0,0.632263,1622383036.0,366864850.0,37.824393,-122.478943,10.25191,0.999373,-0.035406,60.0,19.0,10.0,0.695221,1622383036.0,367694350.0,37.817509,-122.449311,9.199861,0.834811,-0.550537,37.0,13.0,0.0,0.501959,1622383036.0,368052630.0,37.822834,-122.465159,12.60269,0.988552,0.150882,60.0,42.0,10.0,0.525127,198.57777777777773,3.1422222222222222,7.071111111111111
1622383037.0,338096000.0,37.814836,-122.452763,4.102964,0.887954,-0.459933,60.0,19.0,4.0,0.46195,1622383037.0,338180966.0,37.842999,-122.461406,5.988284,0.734801,-0.678283,37.0,8.0,0.0,0.631069,1622383037.0,366864850.0,37.824391,-122.478883,10.307605,0.999423,-0.033969,60.0,19.0,10.0,0.692934,1622383037.0,367694350.0,37.817485,-122.449266,9.196763,0.833549,-0.552446,37.0,13.0,0.0,0.49988,1622383037.0,368052630.0,37.822843,-122.465086,12.5673,0.988388,0.15195,60.0,42.0,10.0,0.522875,198.57222222222225,3.142777777777778,7.0713888888888885
1622383038.0,338096000.0,37.814828,-122.452742,4.096942,0.887536,-0.460739,60.0,19.0,4.0,0.459991,1622383038.0,338180966.0,37.84298,-122.46138,5.971437,0.714078,-0.700066,37.0,8.0,0.0,0.629833,1622383038.0,366864850.0,37.824389,-122.478823,10.362291,0.999471,-0.032525,60.0,19.0,10.0,0.690633,1622383038.0,367694350.0,37.817462,-122.449221,9.193714,0.832297,-0.55433,37.0,13.0,0.0,0.497804,1622383038.0,368052630.0,37.822852,-122.465014,12.531042,0.988221,0.153034,60.0,42.0,10.0,0.52063,198.56666666666663,3.143333333333333,7.071666666666666
1622383039.0,338096000.0,37.814819,-122.45272,4.091061,0.887133,-0.461513,60.0,19.0,4.0,0.458035,1622383039.0,338180966.0,37.842961,-122.461355,5.959827,0.692799,-0.721131,37.0,8.0,0.0,0.628554,1622383039.0,366864850.0,37.824388,-122.478762,10.415969,0.999517,-0.031074,60.0,19.0,10.0,0.688321,1622383039.0,367694350.0,37.817438,-122.449176,9.190712,0.831055,-0.55619,37.0,13.0,0.0,0.49573,1622383039.0,368052630.0,37.822861,-122.464941,12.493916,0.98805,0.154136,60.0,42.0,10.0,0.51839,198.5611111111111,3.1438888888888887,7.071944444444444
1622383040.0,338096000.0,37.81481,-122.452699,4.085319,0.886746,-0.462257,60.0,19.0,4.0,0.456083,1622383040.0,338180966.0,37.842941,-122.461331,5.953322,0.671135,-0.741335,37.0,8.0,0.0,0.627232,1622383040.0,366864850.0,37.824386,-122.478701,10.468638,0.999561,-0.029616,60.0,19.0,10.0,0.685996,1622383040.0,367694350.0,37.817414,-122.449132,9.187754,0.829824,-0.558025,37.0,13.0,0.0,0.49366,1622383040.0,368052630.0,37.82287,-122.464869,12.455923,0.987875,0.155254,60.0,42.0,10.0,0.516158,198.5555555555556,3.1444444444444444,7.072222222222222
1622383041.0,338096000.0,37.814801,-122.452678,4.079718,0.886375,-0.462969,60.0,19.0,4.0,0.454133,1622383041.0,338180966.0,37.84292,-122.461307,5.951721,0.649163,-0.760649,37.0,8.0,0.0,0.625866,1622383041.0,366864850.0,37.824385,-122.47864,10.5203,0.999604,-0.02815,60.0,19.0,10.0,0.683659,1622383041.0,367694350.0,37.817391,-122.449087,9.184839,0.828603,-0.559836,37.0,13.0,0.0,0.491592,1622383041.0,368052630.0,37.822878,-122.464797,12.417065,0.987695,0.15639,60.0,42.0,10.0,0.513932,198.55,3.145,7.0725
1622383042.0,338096000.0,37.814793,-122.452657,4.074255,0.886019,-0.463649,60.0,19.0,4.0,0.452186,1622383042.0,338180966.0,37.842899,-122.461285,5.954817,0.626959,-0.779052,37.0,8.0,0.0,0.624458,1622383042.0,366864850.0,37.824384,-122.478579,10.570955,0.999644,-0.026677,60.0,19.0,10.0,0.681311,1622383042.0,367694350.0,37.817367,-122.449042,9.181967,0.827393,-0.561623,37.0,13.0,0.0,0.489526,1622383042.0,368052630.0,37.822887,-122.464725,12.37734,0.987512,0.157544,60.0,42.0,10.0,0.511714,198.54444444444445,3.145555555555556,7.072777777777778
1622383043.0,338096000.0,37.814784,-122.452635,4.068932,0.885679,-0.464298,60.0,19.0,4.0,0.450242,1622383043.0,338180966.0,37.842878,-122.461263,5.962392,0.604597,-0.796531,37.0,8.0,0.0,0.623007,1622383043.0,366864850.0,37.824382,-122.478517,10.620605,0.999683,-0.025195,60.0,19.0,10.0,0.678951,1622383043.0,367694350.0,37.817343,-122.448998,9.179134,0.826194,-0.563386,37.0,13.0,0.0,0.487464,1622383043.0,368052630.0,37.822896,-122.464653,12.336751,0.987324,0.158716,60.0,42.0,10.0,0.509502,198.5388888888889,3.146111111111112,7.073055555555555
1622383044.0,338096000.0,37.814775,-122.452614,4.063747,0.885356,-0.464914,60.0,19.0,4.0,0.448301,1622383044.0,338180966.0,37.842856,-122.461242,5.974222,0.582151,-0.813081,37.0,8.0,0.0,0.621514,1622383044.0,366864850.0,37.824381,-122.478454,10.669249,0.999719,-0.023705,60.0,19.0,10.0,0.67658,1622383044.0,367694350.0,37.817319,-122.448954,9.17634,0.825006,-0.565124,37.0,13.0,0.0,0.485404,1622383044.0,368052630.0,37.822906,-122.464582,12.295297,0.987132,0.159907,60.0,42.0,10.0,0.507298,198.53333333333333,3.1466666666666665,7.073333333333333
1622383045.0,338096000.0,37.814767,-122.452593,4.0587,0.885048,-0.465499,60.0,19.0,4.0,0.446363,1622383045.0,338180966.0,37.842834,-122.461221,5.990079,0.55969,-0.828702,37.0,8.0,0.0,0.619979,1622383045.0,366864850.0,37.82438,-122.478392,10.716889,0.999753,-0.022206,60.0,19.0,10.0,0.674197,1622383045.0,367694350.0,37.817295,-122.448909,9.173583,0.823829,-0.566838,37.0,13.0,0.0,0.483347,1622383045.0,368052630.0,37.822915,-122.464511,12.25298,0.986935,0.161118,60.0,42.0,10.0,0.505102,198.52777777777777,3.147222222222222,7.073611111111111
1622383046.0,338096000.0,37.814758,-122.452572,4.053791,0.884758,-0.466052,60.0,19.0,4.0,0.444427,1622383046.0,338180966.0,37.842811,-122.461202,6.009733,0.53728,-0.843404,37.0,8.0,0.0,0.618402,1622383046.0,366864850.0,37.824379,-122.478329,10.763524,0.999786,-0.020698,60.0,19.0,10.0,0.671804,1622383046.0,367694350.0,37.817271,-122.448865,9.170861,0.822664,-0.568528,37.0,13.0,0.0,0.481292,1622383046.0,368052630.0,37.822924,-122.46444,12.2098,0.986734,0.162348,60.0,42.0,10.0,0.502913,198.5222222222222,3.147777777777778,7.073888888888889
1622383047.0,338096000.0,37.814749,-122.452551,4.04902,0.884483,-0.466572,60.0,19.0,4.0,0.442494,1622383047.0,338180966.0,37.842787,-122.461183,6.032952,0.514982,-0.857201,37.0,8.0,0.0,0.616784,1622383047.0,366864850.0,37.824378,-122.478266,10.809157,0.999816,-0.019181,60.0,19.0,10.0,0.669401,1622383047.0,367694350.0,37.817247,-122.448821,9.168173,0.82151,-0.570194,37.0,13.0,0.0,0.47924,1622383047.0,368052630.0,37.822933,-122.46437,12.165758,0.986527,0.163598,60.0,42.0,10.0,0.500731,198.51666666666668,3.148333333333333,7.074166666666667
1622383048.0,338096000.0,37.81474,-122.45253,4.044386,0.884226,-0.467059,60.0,19.0,4.0,0.440563,1622383048.0,338180966.0,37.842763,-122.461165,6.059502,0.492853,-0.870113,37.0,8.0,0.0,0.615126,1622383048.0,366864850.0,37.824377,-122.478203,10.853788,0.999844,-0.017654,60.0,19.0,10.0,0.666986,1622383048.0,367694350.0,37.817223,-122.448777,9.165518,0.820368,-0.571836,37.0,13.0,0.0,0.477191,1622383048.0,368052630.0,37.822942,-122.464299,12.120854,0.986315,0.164869,60.0,42.0,10.0,0.498558,198.51111111111112,3.148888888888889,7.0744444444444445
1622383049.0,338096000.0,37.814732,-122.452509,4.03989,0.883985,-0.467515,60.0,19.0,4.0,0.438634,1622383049.0,338180966.0,37.842739,-122.461147,6.089152,0.470946,-0.882162,37.0,8.0,0.0,0.613426,1622383049.0,366864850.0,37.824376,-122.478139,10.897417,0.99987,-0.016116,60.0,19.0,10.0,0.664562,1622383049.0,367694350.0,37.817199,-122.448733,9.162893,0.819237,-0.573455,37.0,13.0,0.0,0.475144,1622383049.0,368052630.0,37.822951,-122.464229,12.07509,0.986099,0.166161,60.0,42.0,10.0,0.496393,198.5055555555556,3.1494444444444443,7.074722222222222
1622383050.0,338096000.0,37.814723,-122.452488,4.035531,0.883762,-0.467937,60.0,19.0,4.0,0.436708,1622383050.0,338180966.0,37.842714,-122.46113,6.121674,0.449307,-0.893377,37.0,8.0,0.0,0.611687,1622383050.0,366864850.0,37.824375,-122.478075,10.940046,0.999894,-0.014569,60.0,19.0,10.0,0.662128,1622383050.0,367694350.0,37.817174,-122.448689,9.160298,0.818119,-0.575049,37.0,13.0,0.0,0.4731,1622383050.0,368052630.0,37.822961,-122.464159,12.028466,0.985876,0.167475,60.0,42.0,10.0,0.494236,198.5,3.15,7.075
1622383051.0,338096000.0,37.814714,-122.452468,4.031308,0.883555,-0.468326,60.0,19.0,4.0,0.434785,1622383051.0,338180966.0,37.842689,-122.461114,6.156842,0.427979,-0.903789,37.0,8.0,0.0,0.609908,1622383051.0,366864850.0,37.824374,-122.478011,10.981674,0.999915,-0.013011,60.0,19.0,10.0,0.659684,1622383051.0,367694350.0,37.81715,-122.448645,9.157731,0.817013,-0.576619,37.0,13.0,0.0,0.471059,1622383051.0,368052630.0,37.82297,-122.46409,11.981297,0.985649,0.168806,60.0,42.0,10.0,0.492088,198.49444444444444,3.150555555555556,7.075277777777778
1622383052.0,338096000.0,37.814705,-122.452447,4.027222,0.883366,-0.468683,60.0,19.0,4.0,0.432863,1622383052.0,338180966.0,37.842663,-122.461099,6.194436,0.406997,-0.91343,37.0,8.0,0.0,0.608091,1622383052.0,366864850.0,37.824374,-122.477947,11.022304,0.999935,-0.011442,60.0,19.0,10.0,0.657231,1622383052.0,367694350.0,37.817125,-122.448601,9.155191,0.815919,-0.578166,37.0,13.0,0.0,0.46902,1622383052.0,368052630.0,37.822979,-122.464021,11.93484,0.98542,0.170137,60.0,42.0,10.0,0.489948,198.48888888888888,3.151111111111111,7.075555555555556
1622383053.0,338096000.0,37.814697,-122.452426,4.023272,0.883195,-0.469007,60.0,19.0,4.0,0.430943,1622383053.0,338180966.0,37.842637,-122.461084,6.23424,0.386392,-0.922334,37.0,8.0,0.0,0.606234,1622383053.0,366864850.0,37.824373,-122.477883,11.061936,0.999951,-0.009861,60.0,19.0,10.0,0.654768,1622383053.0,367694350.0,37.817101,-122.448557,9.152676,0.814838,-0.579689,37.0,13.0,0.0,0.466984,1622383053.0,368052630.0,37.822989,-122.463952,11.889409,0.985191,0.171463,60.0,42.0,10.0,0.487816,198.4833333333333,3.151666666666667,7.075833333333334
1622383054.0,338096000.0,37.814688,-122.452405,4.019458,0.88304,-0.469297,60.0,19.0,4.0,0.429026,1622383054.0,338180966.0,37.84261,-122.46107,6.276044,0.366193,-0.930539,37.0,8.0,0.0,0.604339,1622383054.0,366864850.0,37.824373,-122.477818,11.100571,0.999966,-0.00827,60.0,19.0,10.0,0.652297,1622383054.0,367694350.0,37.817076,-122.448514,9.150184,0.813769,-0.581189,37.0,13.0,0.0,0.46495,1622383054.0,368052630.0,37.822998,-122.463883,11.845003,0.98496,0.172782,60.0,42.0,10.0,0.485692,198.4777777777778,3.152222222222222,7.076111111111112
1622383055.0,338096000.0,37.814679,-122.452384,4.01578,0.882904,-0.469554,60.0,19.0,4.0,0.42711,1622383055.0,338180966.0,37.842583,-122.461056,6.319645,0.346422,-0.938079,37.0,8.0,0.0,0.602406,1622383055.0,366864850.0,37.824372,-122.477753,11.138209,0.999978,-0.006666,60.0,19.0,10.0,0.649817,1622383055.0,367694350.0,37.817052,-122.44847,9.147715,0.812713,-0.582665,37.0,13.0,0.0,0.462919,1622383055.0,368052630.0,37.823008,-122.463815,11.801622,0.984729,0.174096,60.0,42.0,10.0,0.483577,198.47222222222223,3.1527777777777777,7.076388888888889
1622383056.0,338096000.0,37.81467,-122.452363,4.012238,0.882785,-0.469777,60.0,19.0,4.0,0.425196,1622383056.0,338180966.0,37.842556,-122.461044,6.364846,0.327095,-0.944991,37.0,8.0,0.0,0.600437,1622383056.0,366864850.0,37.824372,-122.477688,11.174852,0.999987,-0.00505,60.0,19.0,10.0,0.647328,1622383056.0,367694350.0,37.817027,-122.448426,9.145267,0.811669,-0.584117,37.0,13.0,0.0,0.460891,1622383056.0,368052630.0,37.823017,-122.463747,11.759264,0.984497,0.175403,60.0,42.0,10.0,0.481469,198.46666666666667,3.1533333333333333,7.076666666666666
1622383057.0,338096000.0,37.814662,-122.452343,4.008832,0.882684,-0.469967,60.0,19.0,4.0,0.423284,1622383057.0,338180966.0,37.842528,-122.461031,6.411457,0.308228,-0.951313,37.0,8.0,0.0,0.59843,1622383057.0,366864850.0,37.824372,-122.477622,11.210501,0.999994,-0.003422,60.0,19.0,10.0,0.64483,1622383057.0,367694350.0,37.817002,-122.448383,9.142839,0.810639,-0.585546,37.0,13.0,0.0,0.458865,1622383057.0,368052630.0,37.823027,-122.463679,11.717931,0.984264,0.176703,60.0,42.0,10.0,0.47937,198.4611111111111,3.153888888888889,7.076944444444444
1622383058.0,338096000.0,37.814653,-122.452322,4.005562,0.8826,-0.470124,60.0,19.0,4.0,0.421374,1622383058.0,338180966.0,37.8425,-122.46102,6.459297,0.289831,-0.957078,37.0,8.0,0.0,0.596387,1622383058.0,366864850.0,37.824371,-122.477556,11.245157,0.999998,-0.001781,60.0,19.0,10.0,0.642325,1622383058.0,367694350.0,37.816978,-122.44834,9.140429,0.809622,-0.586952,37.0,13.0,0.0,0.456842,1622383058.0,368052630.0,37.823036,-122.463612,11.677621,0.984031,0.177995,60.0,42.0,10.0,0.477277,198.45555555555555,3.1544444444444446,7.077222222222222
1622383059.0,338096000.0,37.814644,-122.452301,4.002427,0.882535,-0.470247,60.0,19.0,4.0,0.419465,1622383059.0,338180966.0,37.842471,-122.461009,6.508189,0.271911,-0.962322,37.0,8.0,0.0,0.594309,1622383059.0,366864850.0,37.824371,-122.477491,11.27882,1.0,-0.000127,60.0,19.0,10.0,0.639812,1622383059.0,367694350.0,37.816953,-122.448296,9.138036,0.808618,-0.588334,37.0,13.0,0.0,0.454822,1622383059.0,368052630.0,37.823046,-122.463544,11.638333,0.983798,0.17928,60.0,42.0,10.0,0.475192,198.45,3.155,7.0775
1622383060.0,338096000.0,37.814636,-122.452281,3.999428,0.882488,-0.470336,60.0,19.0,4.0,0.417558,1622383060.0,338180966.0,37.842442,-122.460999,6.557967,0.254474,-0.96708,37.0,8.0,0.0,0.592195,1622383060.0,366864850.0,37.824371,-122.477424,11.311491,0.999999,0.001541,60.0,19.0,10.0,0.637291,1622383060.0,367694350.0,37.816928,-122.448253,9.135659,0.807628,-0.589692,37.0,13.0,0.0,0.452804,1622383060.0,368052630.0,37.823056,-122.463477,11.600067,0.983565,0.180556,60.0,42.0,10.0,0.473114,198.44444444444449,3.1555555555555554,7.0777777777777775
1622383061.0,338096000.0,37.814627,-122.45226,3.996564,0.882458,-0.470391,60.0,19.0,4.0,0.415653,1622383061.0,338180966.0,37.842413,-122.460989,6.608471,0.23752,-0.971383,37.0,8.0,0.0,0.590047,1622383061.0,366864850.0,37.824371,-122.477358,11.343172,0.999995,0.003222,60.0,19.0,10.0,0.634762,1622383061.0,367694350.0,37.816903,-122.44821,9.133297,0.806651,-0.591028,37.0,13.0,0.0,0.450788,1622383061.0,368052630.0,37.823065,-122.46341,11.562823,0.983331,0.181824,60.0,42.0,10.0,0.471043,198.4388888888889,3.156111111111111,7.078055555555555
1622383062.0,338096000.0,37.814618,-122.452239,3.993836,0.882447,-0.470412,60.0,19.0,4.0,0.413748,1622383062.0,338180966.0,37.842383,-122.46098,6.659546,0.221049,-0.975263,37.0,8.0,0.0,0.587865,1622383062.0,366864850.0,37.824372,-122.477292,11.373864,0.999988,0.004918,60.0,19.0,10.0,0.632226,1622383062.0,367694350.0,37.816878,-122.448167,9.130948,0.805688,-0.59234,37.0,13.0,0.0,0.448776,1622383062.0,368052630.0,37.823075,-122.463344,11.526599,0.983097,0.183083,60.0,42.0,10.0,0.468978,198.4333333333333,3.1566666666666667,7.078333333333333
1622383063.0,338096000.0,37.814609,-122.452219,3.991243,0.882454,-0.470399,60.0,19.0,4.0,0.411845,1622383063.0,338180966.0,37.842353,-122.460971,6.711048,0.20506,-0.978749,37.0,8.0,0.0,0.58565,1622383063.0,366864850.0,37.824372,-122.477225,11.403568,0.999978,0.006627,60.0,19.0,10.0,0.629684,1622383063.0,367694350.0,37.816853,-122.448123,9.128611,0.804738,-0.59363,37.0,13.0,0.0,0.446765,1622383063.0,368052630.0,37.823085,-122.463277,11.491396,0.982864,0.184333,60.0,42.0,10.0,0.466921,198.42777777777772,3.1572222222222224,7.078611111111111
1622383064.0,338096000.0,37.814601,-122.452198,3.988786,0.882479,-0.470353,60.0,19.0,4.0,0.409943,1622383064.0,338180966.0,37.842323,-122.460963,6.762838,0.189547,-0.981872,37.0,8.0,0.0,0.583402,1622383064.0,366864850.0,37.824372,-122.477158,11.432285,0.999965,0.008352,60.0,19.0,10.0,0.627134,1622383064.0,367694350.0,37.816828,-122.44808,9.126286,0.803803,-0.594896,37.0,13.0,0.0,0.444758,1622383064.0,368052630.0,37.823095,-122.463211,11.457212,0.982631,0.185572,60.0,42.0,10.0,0.464869,198.42222222222225,3.1577777777777776,7.078888888888889
1622383065.0,338096000.0,37.814592,-122.452177,3.986464,0.882522,-0.470272,60.0,19.0,4.0,0.408043,1622383065.0,338180966.0,37.842292,-122.460955,6.814783,0.174506,-0.984656,37.0,8.0,0.0,0.581122,1622383065.0,366864850.0,37.824373,-122.477091,11.460016,0.999949,0.010091,60.0,19.0,10.0,0.624578,1622383065.0,367694350.0,37.816803,-122.448037,9.12397,0.802881,-0.596139,37.0,13.0,0.0,0.442752,1622383065.0,368052630.0,37.823104,-122.463145,11.424047,0.982398,0.186801,60.0,42.0,10.0,0.462824,198.41666666666663,3.158333333333333,7.079166666666667
1622383066.0,338096000.0,37.814583,-122.452157,3.984278,0.882583,-0.470157,60.0,19.0,4.0,0.406143,1622383066.0,338180966.0,37.842261,-122.460948,6.866758,0.159929,-0.987128,37.0,8.0,0.0,0.57881,1622383066.0,366864850.0,37.824373,-122.477024,11.486762,0.99993,0.011846,60.0,19.0,10.0,0.622016,1622383066.0,367694350.0,37.816778,-122.447995,9.121662,0.801974,-0.597359,37.0,13.0,0.0,0.44075,1622383066.0,368052630.0,37.823114,-122.46308,11.391901,0.982165,0.18802,60.0,42.0,10.0,0.460785,198.4111111111111,3.158888888888889,7.079444444444444
1622383067.0,338096000.0,37.814575,-122.452136,3.982227,0.882663,-0.470007,60.0,19.0,4.0,0.404245,1622383067.0,338180966.0,37.842229,-122.460942,6.918645,0.14581,-0.989313,37.0,8.0,0.0,0.576468,1622383067.0,366864850.0,37.824374,-122.476957,11.512524,0.999907,0.013617,60.0,19.0,10.0,0.619448,1622383067.0,367694350.0,37.816752,-122.447952,9.119363,0.80108,-0.598557,37.0,13.0,0.0,0.43875,1622383067.0,368052630.0,37.823124,-122.463014,11.360773,0.981933,0.189227,60.0,42.0,10.0,0.458752,198.4055555555556,3.1594444444444445,7.079722222222222
1622383068.0,338096000.0,37.814566,-122.452116,3.980312,0.88276,-0.469824,60.0,19.0,4.0,0.402347,1622383068.0,338180966.0,37.842198,-122.460936,6.970329,0.132138,-0.991231,37.0,8.0,0.0,0.574095,1622383068.0,366864850.0,37.824374,-122.47689,11.537304,0.999881,0.015404,60.0,19.0,10.0,0.616873,1622383068.0,367694350.0,37.816727,-122.447909,9.117069,0.800202,-0.599731,37.0,13.0,0.0,0.436752,1622383068.0,368052630.0,37.823134,-122.462949,11.330662,0.981702,0.190423,60.0,42.0,10.0,0.456724,198.4,3.16,7.08
1622383069.0,338096000.0,37.814557,-122.452095,3.978533,0.882876,-0.469606,60.0,19.0,4.0,0.40045,1622383069.0,338180966.0,37.842166,-122.460931,7.021705,0.118906,-0.992906,37.0,8.0,0.0,0.571693,1622383069.0,366864850.0,37.824375,-122.476822,11.561103,0.999852,0.017207,60.0,19.0,10.0,0.614293,1622383069.0,367694350.0,37.816702,-122.447866,9.114781,0.799337,-0.600883,37.0,13.0,0.0,0.434757,1622383069.0,368052630.0,37.823144,-122.462884,11.301568,0.981472,0.191607,60.0,42.0,10.0,0.454702,198.39444444444445,3.160555555555556,7.080277777777778
1622383070.0,338096000.0,37.814549,-122.452074,3.976889,0.88301,-0.469353,60.0,19.0,4.0,0.398554,1622383070.0,338180966.0,37.842134,-122.460926,7.072671,0.106103,-0.994355,37.0,8.0,0.0,0.569261,1622383070.0,366864850.0,37.824376,-122.476754,11.583922,0.999819,0.019027,60.0,19.0,10.0,0.611708,1622383070.0,367694350.0,37.816677,-122.447824,9.112497,0.798487,-0.602012,37.0,13.0,0.0,0.432765,1622383070.0,368052630.0,37.823154,-122.462819,11.273489,0.981242,0.192779,60.0,42.0,10.0,0.452685,198.38888888888889,3.161111111111111,7.080555555555556
1622383071.0,338096000.0,37.81454,-122.452054,3.975382,0.883163,-0.469067,60.0,19.0,4.0,0.396659,1622383071.0,338180966.0,37.842101,-122.460921,7.123131,0.093719,-0.995599,37.0,8.0,0.0,0.566802,1622383071.0,366864850.0,37.824377,-122.476686,11.605763,0.999782,0.020864,60.0,19.0,10.0,0.609117,1622383071.0,367694350.0,37.816651,-122.447781,9.110216,0.797652,-0.603118,37.0,13.0,0.0,0.430775,1622383071.0,368052630.0,37.823164,-122.462754,11.246426,0.981014,0.193938,60.0,42.0,10.0,0.450673,198.38333333333333,3.161666666666666,7.0808333333333335
1622383072.0,338096000.0,37.814532,-122.452033,3.97401,0.883333,-0.468746,60.0,19.0,4.0,0.394764,1622383072.0,338180966.0,37.842068,-122.460917,7.172993,0.081743,-0.996653,37.0,8.0,0.0,0.564314,1622383072.0,366864850.0,37.824378,-122.476619,11.626626,0.999742,0.022718,60.0,19.0,10.0,0.606522,1622383072.0,367694350.0,37.816626,-122.447738,9.107938,0.796832,-0.604201,37.0,13.0,0.0,0.428788,1622383072.0,368052630.0,37.823174,-122.462689,11.220378,0.980787,0.195084,60.0,42.0,10.0,0.448666,198.37777777777777,3.1622222222222223,7.081111111111111
1622383073.0,338096000.0,37.814523,-122.452013,3.972775,0.883522,-0.46839,60.0,19.0,4.0,0.39287,1622383073.0,338180966.0,37.842035,-122.460914,7.222172,0.070166,-0.997535,37.0,8.0,0.0,0.5618,1622383073.0,366864850.0,37.82438,-122.47655,11.646513,0.999698,0.024591,60.0,19.0,10.0,0.603921,1622383073.0,367694350.0,37.8166,-122.447696,9.10566,0.796026,-0.605262,37.0,13.0,0.0,0.426803,1622383073.0,368052630.0,37.823184,-122.462625,11.195344,0.980561,0.196216,60.0,42.0,10.0,0.446664,198.37222222222223,3.162777777777778,7.081388888888889
1622383074.0,338096000.0,37.814514,-122.451992,3.971677,0.883728,-0.468,60.0,19.0,4.0,0.390976,1622383074.0,338180966.0,37.842002,-122.460911,7.270586,0.058976,-0.998259,37.0,8.0,0.0,0.559259,1622383074.0,366864850.0,37.824381,-122.476482,11.665426,0.999649,0.026481,60.0,19.0,10.0,0.601317,1622383074.0,367694350.0,37.816575,-122.447653,9.103383,0.795236,-0.6063,37.0,13.0,0.0,0.42482,1622383074.0,368052630.0,37.823195,-122.46256,11.171324,0.980336,0.197335,60.0,42.0,10.0,0.444667,198.36666666666667,3.163333333333333,7.081666666666667
1622383075.0,338096000.0,37.814506,-122.451972,3.970715,0.883953,-0.467576,60.0,19.0,4.0,0.389083,1622383075.0,338180966.0,37.841968,-122.460909,7.318158,0.048163,-0.998839,37.0,8.0,0.0,0.556693,1622383075.0,366864850.0,37.824382,-122.476414,11.683366,0.999597,0.028391,60.0,19.0,10.0,0.598707,1622383075.0,367694350.0,37.816549,-122.447611,9.101105,0.79446,-0.607316,37.0,13.0,0.0,0.422841,1622383075.0,368052630.0,37.823205,-122.462496,11.148316,0.980113,0.198439,60.0,42.0,10.0,0.442674,198.36111111111111,3.1638888888888888,7.081944444444445
1622383076.0,338096000.0,37.814497,-122.451951,3.96989,0.884196,-0.467117,60.0,19.0,4.0,0.38719,1622383076.0,338180966.0,37.841934,-122.460906,7.364816,0.037716,-0.999289,37.0,8.0,0.0,0.554102,1622383076.0,366864850.0,37.824384,-122.476346,11.700335,0.99954,0.030319,60.0,19.0,10.0,0.596094,1622383076.0,367694350.0,37.816524,-122.447569,9.098825,0.7937,-0.60831,37.0,13.0,0.0,0.420863,1622383076.0,368052630.0,37.823215,-122.462432,11.126321,0.979892,0.199529,60.0,42.0,10.0,0.440685,198.35555555555555,3.1644444444444444,7.082222222222223
1622383077.0,338096000.0,37.814489,-122.451931,3.969203,0.884456,-0.466623,60.0,19.0,4.0,0.385297,1622383077.0,338180966.0,37.8419,-122.460905,7.41049,0.027624,-0.999618,37.0,8.0,0.0,0.551487,1622383077.0,366864850.0,37.824385,-122.476277,11.716333,0.999479,0.032267,60.0,19.0,10.0,0.593477,1622383077.0,367694350.0,37.816498,-122.447526,9.096542,0.792955,-0.609281,37.0,13.0,0.0,0.418889,1622383077.0,368052630.0,37.823225,-122.462368,11.105337,0.979672,0.200604,60.0,42.0,10.0,0.4387,198.35,3.165,7.0825
1622383078.0,338096000.0,37.81448,-122.45191,3.968616,0.884727,-0.46611,60.0,19.0,4.0,0.383405,1622383078.0,338180966.0,37.841866,-122.460904,7.455115,0.017877,-0.99984,37.0,8.0,0.0,0.548849,1622383078.0,366864850.0,37.824387,-122.476208,11.731363,0.999414,0.034234,60.0,19.0,10.0,0.590856,1622383078.0,367694350.0,37.816472,-122.447484,9.094256,0.792225,-0.610229,37.0,13.0,0.0,0.416916,1622383078.0,368052630.0,37.823236,-122.462305,11.085364,0.979455,0.201663,60.0,42.0,10.0,0.436719,198.34444444444443,3.165555555555556,7.082777777777777
1622383079.0,338096000.0,37.814471,-122.451889,3.967985,0.884978,-0.465633,60.0,19.0,4.0,0.381512,1622383079.0,338180966.0,37.841832,-122.460903,7.498629,0.008466,-0.999964,37.0,8.0,0.0,0.546188,1622383079.0,366864850.0,37.824389,-122.47614,11.745425,0.999344,0.036222,60.0,19.0,10.0,0.588232,1622383079.0,367694350.0,37.816447,-122.447442,9.091965,0.791511,-0.611155,37.0,13.0,0.0,0.414947,1622383079.0,368052630.0,37.823246,-122.462241,11.066401,0.97924,0.202706,60.0,42.0,10.0,0.434742,198.3388888888889,3.166111111111112,7.083055555555555
1622383080.0,338096000.0,37.814463,-122.451869,3.967274,0.885201,-0.465209,60.0,19.0,4.0,0.37962,1622383080.0,338180966.0,37.841797,-122.460902,7.540975,-0.000621,-1.0,37.0,8.0,0.0,0.543504,1622383080.0,366864850.0,37.824391,-122.476071,11.758523,0.999269,0.038231,60.0,19.0,10.0,0.585605,1622383080.0,367694350.0,37.816421,-122.4474,9.089668,0.790812,-0.612059,37.0,13.0,0.0,0.412979,1622383080.0,368052630.0,37.823256,-122.462178,11.048449,0.979026,0.203734,60.0,42.0,10.0,0.432768,198.3333333333333,3.1666666666666665,7.083333333333333
1622383081.0,338096000.0,37.814454,-122.451848,3.966481,0.885397,-0.464835,60.0,19.0,4.0,0.377727,1622383081.0,338180966.0,37.841762,-122.460903,7.582096,-0.009392,-0.999956,37.0,8.0,0.0,0.5408,1622383081.0,366864850.0,37.824393,-122.476002,11.770656,0.999189,0.04026,60.0,19.0,10.0,0.582974,1622383081.0,367694350.0,37.816395,-122.447358,9.087366,0.790129,-0.612941,37.0,13.0,0.0,0.411015,1622383081.0,368052630.0,37.823267,-122.462114,11.031505,0.978815,0.204745,60.0,42.0,10.0,0.430798,198.32777777777773,3.167222222222222,7.083611111111111
1622383082.0,338096000.0,37.814446,-122.451828,3.965607,0.885566,-0.464513,60.0,19.0,4.0,0.375835,1622383082.0,338180966.0,37.841727,-122.460903,7.621941,-0.017858,-0.999841,37.0,8.0,0.0,0.538075,1622383082.0,366864850.0,37.824395,-122.475933,11.781828,0.999104,0.042311,60.0,19.0,10.0,0.580341,1622383082.0,367694350.0,37.81637,-122.447316,9.085056,0.789461,-0.613801,37.0,13.0,0.0,0.409052,1622383082.0,368052630.0,37.823277,-122.462051,11.01557,0.978607,0.205739,60.0,42.0,10.0,0.42883,198.32222222222225,3.167777777777778,7.083888888888889
1622383083.0,338096000.0,37.814437,-122.451807,3.964651,0.885708,-0.464243,60.0,19.0,4.0,0.373944,1622383083.0,338180966.0,37.841692,-122.460904,7.66046,-0.026027,-0.999661,37.0,8.0,0.0,0.53533,1622383083.0,366864850.0,37.824398,-122.475864,11.79204,0.999015,0.044384,60.0,19.0,10.0,0.577706,1622383083.0,367694350.0,37.816344,-122.447274,9.082738,0.788809,-0.614638,37.0,13.0,0.0,0.407093,1622383083.0,368052630.0,37.823288,-122.461988,11.000642,0.978401,0.206716,60.0,42.0,10.0,0.426866,198.31666666666663,3.168333333333333,7.0841666666666665
1622383084.0,338096000.0,37.814429,-122.451787,3.963613,0.885822,-0.464025,60.0,19.0,4.0,0.372052,1622383084.0,338180966.0,37.841656,-122.460905,7.697606,-0.033908,-0.999425,37.0,8.0,0.0,0.532566,1622383084.0,366864850.0,37.8244,-122.475795,11.801292,0.998919,0.046479,60.0,19.0,10.0,0.575068,1622383084.0,367694350.0,37.816318,-122.447232,9.080412,0.788173,-0.615453,37.0,13.0,0.0,0.405135,1622383084.0,368052630.0,37.823298,-122.461925,10.986722,0.978198,0.207675,60.0,42.0,10.0,0.424904,198.3111111111111,3.168888888888889,7.084444444444444
1622383085.0,338096000.0,37.81442,-122.451766,3.962493,0.88591,-0.463858,60.0,19.0,4.0,0.370161,1622383085.0,338180966.0,37.841621,-122.460906,7.733335,-0.04151,-0.999138,37.0,8.0,0.0,0.529783,1622383085.0,366864850.0,37.824403,-122.475726,11.809589,0.998818,0.048597,60.0,19.0,10.0,0.572428,1622383085.0,367694350.0,37.816292,-122.44719,9.078076,0.787553,-0.616246,37.0,13.0,0.0,0.40318,1622383085.0,368052630.0,37.823309,-122.461862,10.973808,0.977997,0.208617,60.0,42.0,10.0,0.422945,198.3055555555556,3.1694444444444443,7.084722222222222
1622383086.0,338096000.0,37.814412,-122.451745,3.96129,0.88597,-0.463743,60.0,19.0,4.0,0.368271,1622383086.0,338180966.0,37.841585,-122.460908,7.767606,-0.04884,-0.998807,37.0,8.0,0.0,0.526984,1622383086.0,366864850.0,37.824405,-122.475657,11.81693,0.998712,0.050738,60.0,19.0,10.0,0.569786,1622383086.0,367694350.0,37.816266,-122.447148,9.07573,0.786949,-0.617017,37.0,13.0,0.0,0.401228,1622383086.0,368052630.0,37.823319,-122.461799,10.9619,0.9778,0.209541,60.0,42.0,10.0,0.420989,198.3,3.17,7.085
1622383087.0,338096000.0,37.814403,-122.451725,3.960006,0.886003,-0.46368,60.0,19.0,4.0,0.366381,1622383087.0,338180966.0,37.841549,-122.460911,7.800378,-0.055908,-0.998436,37.0,8.0,0.0,0.524167,1622383087.0,366864850.0,37.824408,-122.475588,11.823318,0.9986,0.052903,60.0,19.0,10.0,0.567143,1622383087.0,367694350.0,37.81624,-122.447106,9.073373,0.786362,-0.617767,37.0,13.0,0.0,0.399278,1622383087.0,368052630.0,37.82333,-122.461736,10.950998,0.977605,0.210446,60.0,42.0,10.0,0.419034,198.29444444444445,3.170555555555556,7.085277777777778
1622383088.0,338096000.0,37.814395,-122.451704,3.958639,0.886009,-0.463668,60.0,19.0,4.0,0.364491,1622383088.0,338180966.0,37.841513,-122.460913,7.831615,-0.062721,-0.998031,37.0,8.0,0.0,0.521334,1622383088.0,366864850.0,37.824411,-122.475519,11.828755,0.998481,0.055093,60.0,19.0,10.0,0.564498,1622383088.0,367694350.0,37.816214,-122.447064,9.071004,0.78579,-0.618494,37.0,13.0,0.0,0.397331,1622383088.0,368052630.0,37.823341,-122.461674,10.9411,0.977414,0.211333,60.0,42.0,10.0,0.417082,198.2888888888889,3.171111111111111,7.085555555555556
1622383089.0,338096000.0,37.814386,-122.451684,3.957189,0.885988,-0.463709,60.0,19.0,4.0,0.362603,1622383089.0,338180966.0,37.841477,-122.460916,7.86128,-0.069286,-0.997597,37.0,8.0,0.0,0.518487,1622383089.0,366864850.0,37.824414,-122.47545,11.833244,0.998357,0.057306,60.0,19.0,10.0,0.561852,1622383089.0,367694350.0,37.816188,-122.447023,9.068623,0.785234,-0.619199,37.0,13.0,0.0,0.395386,1622383089.0,368052630.0,37.823351,-122.461611,10.932207,0.977226,0.212201,60.0,42.0,10.0,0.415132,198.28333333333333,3.171666666666667,7.085833333333333
1622383090.0,338096000.0,37.814378,-122.451663,3.955658,0.885939,-0.463801,60.0,19.0,4.0,0.360715,1622383090.0,338180966.0,37.841441,-122.460919,7.889339,-0.07561,-0.997137,37.0,8.0,0.0,0.515624,1622383090.0,366864850.0,37.824417,-122.475381,11.836785,0.998226,0.059545,60.0,19.0,10.0,0.559205,1622383090.0,367694350.0,37.816162,-122.446981,9.066229,0.784695,-0.619882,37.0,13.0,0.0,0.393444,1622383090.0,368052630.0,37.823362,-122.461548,10.924317,0.977041,0.213049,60.0,42.0,10.0,0.413183,198.27777777777777,3.172222222222222,7.086111111111111
1622383091.0,338096000.0,37.814369,-122.451643,3.954044,0.885863,-0.463946,60.0,19.0,4.0,0.358827,1622383091.0,338180966.0,37.841404,-122.460923,7.915762,-0.081699,-0.996657,37.0,8.0,0.0,0.512748,1622383091.0,366864850.0,37.82442,-122.475311,11.839382,0.998088,0.06181,60.0,19.0,10.0,0.556558,1622383091.0,367694350.0,37.816136,-122.446939,9.063821,0.784172,-0.620544,37.0,13.0,0.0,0.391504,1622383091.0,368052630.0,37.823373,-122.461486,10.91743,0.97686,0.213878,60.0,42.0,10.0,0.411236,198.2722222222222,3.1727777777777777,7.086388888888889
1622383092.0,338096000.0,37.814361,-122.451622,3.952347,0.88576,-0.464143,60.0,19.0,4.0,0.356941,1622383092.0,338180966.0,37.841368,-122.460926,7.940518,-0.087561,-0.996159,37.0,8.0,0.0,0.509859,1622383092.0,366864850.0,37.824424,-122.475242,11.841036,0.997943,0.064101,60.0,19.0,10.0,0.55391,1622383092.0,367694350.0,37.81611,-122.446898,9.061398,0.783665,-0.621183,37.0,13.0,0.0,0.389567,1622383092.0,368052630.0,37.823384,-122.461423,10.911546,0.976683,0.214687,60.0,42.0,10.0,0.40929,198.26666666666668,3.1733333333333333,7.086666666666667
1622383093.0,338096000.0,37.814352,-122.451602,3.950569,0.88563,-0.464392,60.0,19.0,4.0,0.355055,1622383093.0,338180966.0,37.841331,-122.460931,7.963578,-0.093201,-0.995647,37.0,8.0,0.0,0.506958,1622383093.0,366864850.0,37.824427,-122.475173,11.841749,0.997792,0.066419,60.0,19.0,10.0,0.551261,1622383093.0,367694350.0,37.816084,-122.446856,9.058961,0.783175,-0.621801,37.0,13.0,0.0,0.387632,1622383093.0,368052630.0,37.823394,-122.461361,10.906663,0.976509,0.215476,60.0,42.0,10.0,0.407345,198.26111111111112,3.173888888888889,7.086944444444445
1622383094.0,338096000.0,37.814344,-122.451581,3.948709,0.885472,-0.464693,60.0,19.0,4.0,0.353171,1622383094.0,338180966.0,37.841294,-122.460935,7.984915,-0.098626,-0.995125,37.0,8.0,0.0,0.504045,1622383094.0,366864850.0,37.824431,-122.475104,11.841524,0.997633,0.068764,60.0,19.0,10.0,0.548613,1622383094.0,367694350.0,37.816058,-122.446814,9.056508,0.782702,-0.622397,37.0,13.0,0.0,0.385699,1622383094.0,368052630.0,37.823405,-122.461299,10.902782,0.976339,0.216245,60.0,42.0,10.0,0.405401,198.2555555555556,3.1744444444444446,7.087222222222223
1622383095.0,338096000.0,37.814335,-122.451561,3.946767,0.885286,-0.465046,60.0,19.0,4.0,0.351287,1622383095.0,338180966.0,37.841258,-122.460939,8.004504,-0.10384,-0.994594,37.0,8.0,0.0,0.501122,1622383095.0,366864850.0,37.824435,-122.475035,11.840364,0.997467,0.071137,60.0,19.0,10.0,0.545965,1622383095.0,367694350.0,37.816032,-122.446773,9.054039,0.782245,-0.622971,37.0,13.0,0.0,0.383769,1622383095.0,368052630.0,37.823416,-122.461236,10.899901,0.976173,0.216994,60.0,42.0,10.0,0.403458,198.25,3.175,7.0875
1622383096.0,338096000.0,37.814327,-122.45154,3.944745,0.885073,-0.465452,60.0,19.0,4.0,0.349405,1622383096.0,338180966.0,37.841221,-122.460944,8.02232,-0.10885,-0.994058,37.0,8.0,0.0,0.498189,1622383096.0,366864850.0,37.824439,-122.474965,11.83827,0.997292,0.073538,60.0,19.0,10.0,0.543317,1622383096.0,367694350.0,37.816006,-122.446731,9.051554,0.781805,-0.623523,37.0,13.0,0.0,0.381842,1622383096.0,368052630.0,37.823427,-122.461174,10.898021,0.976011,0.217722,60.0,42.0,10.0,0.401516,198.24444444444444,3.1755555555555555,7.087777777777778
1622383097.0,338096000.0,37.814318,-122.45152,3.942641,0.884832,-0.46591,60.0,19.0,4.0,0.347523,1622383097.0,338180966.0,37.841184,-122.460949,8.03834,-0.113659,-0.99352,37.0,8.0,0.0,0.495247,1622383097.0,366864850.0,37.824443,-122.474896,11.835245,0.99711,0.075968,60.0,19.0,10.0,0.54067,1622383097.0,367694350.0,37.81598,-122.44669,9.048997,0.781391,-0.624042,37.0,13.0,0.0,0.379917,1622383097.0,368052630.0,37.823438,-122.461112,10.897141,0.975853,0.218429,60.0,42.0,10.0,0.399574,198.23888888888888,3.176111111111111,7.088055555555556
1622383098.0,338096000.0,37.81431,-122.451499,3.940456,0.884563,-0.46642,60.0,19.0,4.0,0.345643,1622383098.0,338180966.0,37.841147,-122.460955,8.052544,-0.118274,-0.992981,37.0,8.0,0.0,0.492297,1622383098.0,366864850.0,37.824447,-122.474827,11.831291,0.99692,0.078427,60.0,19.0,10.0,0.538024,1622383098.0,367694350.0,37.815954,-122.446649,9.046153,0.78104,-0.624481,37.0,13.0,0.0,0.377994,1622383098.0,368052630.0,37.823449,-122.461049,10.89726,0.975699,0.219115,60.0,42.0,10.0,0.397632,198.2333333333333,3.1766666666666667,7.088333333333333
1622383099.0,338096000.0,37.814301,-122.451479,3.938191,0.884266,-0.466984,60.0,19.0,4.0,0.343764,1622383099.0,338180966.0,37.84111,-122.46096,8.064909,-0.122697,-0.992444,37.0,8.0,0.0,0.48934,1622383099.0,366864850.0,37.824451,-122.474758,11.826412,0.996721,0.080917,60.0,19.0,10.0,0.535378,1622383099.0,367694350.0,37.815928,-122.446607,9.042965,0.780763,-0.624828,37.0,13.0,0.0,0.376074,1622383099.0,368052630.0,37.82346,-122.460987,10.898377,0.97555,0.219779,60.0,42.0,10.0,0.395691,198.2277777777778,3.1772222222222224,7.088611111111111
1622383100.0,338096000.0,37.814293,-122.451459,3.935847,0.88394,-0.467599,60.0,19.0,4.0,0.341886,1622383100.0,338180966.0,37.841073,-122.460966,8.075417,-0.126934,-0.991911,37.0,8.0,0.0,0.486376,1622383100.0,366864850.0,37.824455,-122.474689,11.820609,0.996513,0.083437,60.0,19.0,10.0,0.532734,1622383100.0,367694350.0,37.815902,-122.446566,9.039432,0.780558,-0.625083,37.0,13.0,0.0,0.374156,1622383100.0,368052630.0,37.823471,-122.460925,10.900493,0.975405,0.220422,60.0,42.0,10.0,0.393749,198.22222222222223,3.1777777777777776,7.088888888888889
1622383101.0,338096000.0,37.814284,-122.451438,3.933423,0.883587,-0.468268,60.0,19.0,4.0,0.34001,1622383101.0,338180966.0,37.841036,-122.460972,8.084048,-0.130989,-0.991384,37.0,8.0,0.0,0.483406,1622383101.0,366864850.0,37.82446,-122.47462,11.814163,0.996298,0.085971,60.0,19.0,10.0,0.530092,1622383101.0,367694350.0,37.815875,-122.446525,9.035553,0.780428,-0.625246,37.0,13.0,0.0,0.372241,1622383101.0,368052630.0,37.823482,-122.460863,10.903606,0.975264,0.221044,60.0,42.0,10.0,0.391807,198.21666666666667,3.178333333333333,7.089166666666666
1622383102.0,338096000.0,37.814276,-122.451418,3.93092,0.883204,-0.468989,60.0,19.0,4.0,0.338135,1622383102.0,338180966.0,37.840999,-122.460978,8.090787,-0.134865,-0.990864,37.0,8.0,0.0,0.480431,1622383102.0,366864850.0,37.824465,-122.474551,11.808183,0.996081,0.088448,60.0,19.0,10.0,0.527451,1622383102.0,367694350.0,37.815849,-122.446483,9.031327,0.780371,-0.625317,37.0,13.0,0.0,0.370328,1622383102.0,368052630.0,37.823494,-122.4608,10.907717,0.975128,0.221644,60.0,42.0,10.0,0.389864,198.2111111111111,3.178888888888889,7.089444444444444
1622383103.0,338096000.0,37.814267,-122.451398,3.92834,0.882792,-0.469763,60.0,19.0,4.0,0.336261,1622383103.0,338180966.0,37.840962,-122.460985,8.095616,-0.138565,-0.990353,37.0,8.0,0.0,0.477452,1622383103.0,366864850.0,37.82447,-122.474482,11.802941,0.995865,0.09085,60.0,19.0,10.0,0.524812,1622383103.0,367694350.0,37.815823,-122.446442,9.026755,0.780387,-0.625296,37.0,13.0,0.0,0.368417,1622383103.0,368052630.0,37.823505,-122.460738,10.912825,0.974996,0.222222,60.0,42.0,10.0,0.387921,198.20555555555555,3.1794444444444445,7.089722222222222
1622383104.0,338096000.0,37.814259,-122.451377,3.925681,0.882352,-0.47059,60.0,19.0,4.0,0.334389,1622383104.0,338180966.0,37.840925,-122.460991,8.09852,-0.142093,-0.989853,37.0,8.0,0.0,0.474469,1622383104.0,366864850.0,37.824474,-122.474413,11.798429,0.99565,0.093177,60.0,19.0,10.0,0.522175,1622383104.0,367694350.0,37.815797,-122.446401,9.021836,0.780478,-0.625184,37.0,13.0,0.0,0.366509,1622383104.0,368052630.0,37.823516,-122.460676,10.918929,0.974869,0.222779,60.0,42.0,10.0,0.385977,198.2,3.18,7.09
1622383105.0,338096000.0,37.81425,-122.451357,3.922946,0.881882,-0.47147,60.0,19.0,4.0,0.332519,1622383105.0,338180966.0,37.840887,-122.460998,8.099484,-0.145452,-0.989365,37.0,8.0,0.0,0.471484,1622383105.0,366864850.0,37.82448,-122.474345,11.794642,0.995436,0.095428,60.0,19.0,10.0,0.519539,1622383105.0,367694350.0,37.815771,-122.446359,9.01657,0.780642,-0.624978,37.0,13.0,0.0,0.364603,1622383105.0,368052630.0,37.823527,-122.460613,10.926029,0.974747,0.223313,60.0,42.0,10.0,0.384032,198.19444444444449,3.180555555555556,7.090277777777778
1622383106.0,338096000.0,37.814242,-122.451337,3.920135,0.881382,-0.472404,60.0,19.0,4.0,0.33065,1622383106.0,338180966.0,37.84085,-122.461005,8.098494,-0.148644,-0.988891,37.0,8.0,0.0,0.468497,1622383106.0,366864850.0,37.824485,-122.474276,11.791573,0.995225,0.097603,60.0,19.0,10.0,0.516903,1622383106.0,367694350.0,37.815745,-122.446318,9.010959,0.78088,-0.624681,37.0,13.0,0.0,0.362699,1622383106.0,368052630.0,37.823538,-122.460551,10.934125,0.974629,0.223825,60.0,42.0,10.0,0.382086,198.1888888888889,3.181111111111111,7.090555555555556
1622383107.0,338096000.0,37.814233,-122.451317,3.917248,0.880853,-0.47339,60.0,19.0,4.0,0.328783,1622383107.0,338180966.0,37.840813,-122.461012,8.095537,-0.151672,-0.988431,37.0,8.0,0.0,0.46551,1622383107.0,366864850.0,37.82449,-122.474207,11.789217,0.995018,0.0997,60.0,19.0,10.0,0.514269,1622383107.0,367694350.0,37.815719,-122.446277,9.005004,0.781193,-0.62429,37.0,13.0,0.0,0.360797,1622383107.0,368052630.0,37.82355,-122.460489,10.943216,0.974517,0.224314,60.0,42.0,10.0,0.380139,198.1833333333333,3.181666666666666,7.090833333333333
1622383108.0,338096000.0,37.814225,-122.451296,3.914286,0.880293,-0.47443,60.0,19.0,4.0,0.326918,1622383108.0,338180966.0,37.840776,-122.461019,8.090602,-0.154538,-0.987987,37.0,8.0,0.0,0.462522,1622383108.0,366864850.0,37.824496,-122.474138,11.787567,0.994813,0.101721,60.0,19.0,10.0,0.511636,1622383108.0,367694350.0,37.815693,-122.446236,8.998705,0.781579,-0.623806,37.0,13.0,0.0,0.358898,1622383108.0,368052630.0,37.823561,-122.460426,10.953302,0.974409,0.224782,60.0,42.0,10.0,0.37819,198.17777777777772,3.1822222222222223,7.091111111111111
1622383109.0,338096000.0,37.814216,-122.451276,3.911251,0.879704,-0.475522,60.0,19.0,4.0,0.325054,1622383109.0,338180966.0,37.840739,-122.461027,8.083676,-0.157245,-0.98756,37.0,8.0,0.0,0.459535,1622383109.0,366864850.0,37.824501,-122.47407,11.786618,0.994612,0.103664,60.0,19.0,10.0,0.509003,1622383109.0,367694350.0,37.815667,-122.446195,8.992067,0.78204,-0.623229,37.0,13.0,0.0,0.357,1622383109.0,368052630.0,37.823573,-122.460364,10.964383,0.974306,0.225227,60.0,42.0,10.0,0.376239,198.17222222222225,3.182777777777778,7.091388888888889
1622383110.0,338096000.0,37.814207,-122.451256,3.908143,0.879083,-0.476669,60.0,19.0,4.0,0.323193,1622383110.0,338180966.0,37.840702,-122.461034,8.074748,-0.159794,-0.98715,37.0,8.0,0.0,0.456549,1622383110.0,366864850.0,37.824507,-122.474001,11.786365,0.994416,0.10553,60.0,19.0,10.0,0.506371,1622383110.0,367694350.0,37.815641,-122.446153,8.985089,0.782574,-0.622557,37.0,13.0,0.0,0.355105,1622383110.0,368052630.0,37.823584,-122.460301,10.976457,0.974208,0.22565,60.0,42.0,10.0,0.374286,198.16666666666663,3.183333333333333,7.091666666666667
1622383111.0,338096000.0,37.814199,-122.451236,3.904963,0.878431,-0.477868,60.0,19.0,4.0,0.321333,1622383111.0,338180966.0,37.840666,-122.461042,8.06381,-0.162186,-0.98676,37.0,8.0,0.0,0.453566,1622383111.0,366864850.0,37.824513,-122.473932,11.786802,0.994225,0.107317,60.0,19.0,10.0,0.503739,1622383111.0,367694350.0,37.815615,-122.446112,8.977777,0.783183,-0.621791,37.0,13.0,0.0,0.353212,1622383111.0,368052630.0,37.823595,-122.460238,10.989526,0.974116,0.22605,60.0,42.0,10.0,0.372331,198.1611111111111,3.1838888888888888,7.091944444444445
1622383112.0,338096000.0,37.81419,-122.451216,3.901711,0.877748,-0.479122,60.0,19.0,4.0,0.319475,1622383112.0,338180966.0,37.840629,-122.461049,8.050851,-0.164423,-0.98639,37.0,8.0,0.0,0.450585,1622383112.0,366864850.0,37.824518,-122.473864,11.787925,0.994039,0.109026,60.0,19.0,10.0,0.501108,1622383112.0,367694350.0,37.815589,-122.446071,8.970131,0.783866,-0.62093,37.0,13.0,0.0,0.35132,1622383112.0,368052630.0,37.823607,-122.460176,11.003588,0.974028,0.226428,60.0,42.0,10.0,0.370374,198.1555555555556,3.1844444444444444,7.092222222222222
1622383113.0,338096000.0,37.814181,-122.451196,3.89839,0.877034,-0.480429,60.0,19.0,4.0,0.317619,1622383113.0,338180966.0,37.840592,-122.461057,8.035862,-0.166507,-0.98604,37.0,8.0,0.0,0.447609,1622383113.0,366864850.0,37.824524,-122.473795,11.789729,0.993859,0.110656,60.0,19.0,10.0,0.498476,1622383113.0,367694350.0,37.815563,-122.44603,8.962157,0.784623,-0.619973,37.0,13.0,0.0,0.349431,1622383113.0,368052630.0,37.823618,-122.460113,11.018643,0.973945,0.226783,60.0,42.0,10.0,0.368415,198.15,3.185,7.0925
1622383114.0,338096000.0,37.814173,-122.451176,3.895,0.876287,-0.481789,60.0,19.0,4.0,0.315766,1622383114.0,338180966.0,37.840555,-122.461065,8.018836,-0.168437,-0.985712,37.0,8.0,0.0,0.444638,1622383114.0,366864850.0,37.82453,-122.473726,11.792209,0.993685,0.112208,60.0,19.0,10.0,0.495845,1622383114.0,367694350.0,37.815538,-122.445989,8.953858,0.785454,-0.61892,37.0,13.0,0.0,0.347543,1622383114.0,368052630.0,37.82363,-122.46005,11.034457,0.973867,0.22712,60.0,42.0,10.0,0.366453,198.14444444444445,3.185555555555556,7.092777777777778
1622383115.0,338096000.0,37.814164,-122.451156,3.891542,0.875508,-0.483204,60.0,19.0,4.0,0.313914,1622383115.0,338180966.0,37.840519,-122.461073,7.999764,-0.170215,-0.985407,37.0,8.0,0.0,0.441672,1622383115.0,366864850.0,37.824536,-122.473658,11.795361,0.993517,0.11368,60.0,19.0,10.0,0.493213,1622383115.0,367694350.0,37.815512,-122.445948,8.945239,0.786358,-0.61777,37.0,13.0,0.0,0.345658,1622383115.0,368052630.0,37.823642,-122.459987,11.050089,0.973789,0.227454,60.0,42.0,10.0,0.364488,198.13888888888889,3.186111111111111,7.093055555555556
1622383116.0,338096000.0,37.814155,-122.451136,3.888017,0.874696,-0.484672,60.0,19.0,4.0,0.312065,1622383116.0,338180966.0,37.840482,-122.461081,7.978641,-0.171841,-0.985125,37.0,8.0,0.0,0.438712,1622383116.0,366864850.0,37.824543,-122.473589,11.79918,0.993357,0.115074,60.0,19.0,10.0,0.490581,1622383116.0,367694350.0,37.815487,-122.445906,8.936303,0.787337,-0.616523,37.0,13.0,0.0,0.343774,1622383116.0,368052630.0,37.823653,-122.459924,11.065304,0.97371,0.227789,60.0,42.0,10.0,0.36252,198.13333333333333,3.1866666666666665,7.093333333333334
1622383117.0,338096000.0,37.814147,-122.451116,3.884427,0.873851,-0.486194,60.0,19.0,4.0,0.310218,1622383117.0,338180966.0,37.840446,-122.461089,7.95546,-0.173316,-0.984866,37.0,8.0,0.0,0.43576,1622383117.0,366864850.0,37.824549,-122.47352,11.803663,0.993204,0.116388,60.0,19.0,10.0,0.487948,1622383117.0,367694350.0,37.815461,-122.445865,8.927057,0.788389,-0.615177,37.0,13.0,0.0,0.341892,1622383117.0,368052630.0,37.823665,-122.459861,11.080104,0.973632,0.228126,60.0,42.0,10.0,0.36055,198.12777777777777,3.187222222222222,7.093611111111112
1622383118.0,338096000.0,37.814138,-122.451096,3.880772,0.872972,-0.487771,60.0,19.0,4.0,0.308374,1622383118.0,338180966.0,37.84041,-122.461097,7.930215,-0.174638,-0.984633,37.0,8.0,0.0,0.432816,1622383118.0,366864850.0,37.824555,-122.473452,11.808807,0.993058,0.117623,60.0,19.0,10.0,0.485314,1622383118.0,367694350.0,37.815436,-122.445824,8.917506,0.789515,-0.613731,37.0,13.0,0.0,0.340011,1622383118.0,368052630.0,37.823677,-122.459798,11.094486,0.973552,0.228464,60.0,42.0,10.0,0.358577,198.12222222222223,3.187777777777778,7.0938888888888885
1622383119.0,338096000.0,37.814129,-122.451076,3.877055,0.872059,-0.489401,60.0,19.0,4.0,0.306532,1622383119.0,338180966.0,37.840374,-122.461105,7.902901,-0.175809,-0.984424,37.0,8.0,0.0,0.429881,1622383119.0,366864850.0,37.824562,-122.473383,11.814607,0.992921,0.118779,60.0,19.0,10.0,0.482679,1622383119.0,367694350.0,37.81541,-122.445783,8.907655,0.790714,-0.612186,37.0,13.0,0.0,0.338132,1622383119.0,368052630.0,37.823688,-122.459734,11.108453,0.973473,0.228804,60.0,42.0,10.0,0.356601,198.11666666666667,3.188333333333333,7.094166666666666
1622383120.0,338096000.0,37.81412,-122.451056,3.873276,0.871112,-0.491085,60.0,19.0,4.0,0.304692,1622383120.0,338180966.0,37.840338,-122.461113,7.873514,-0.176827,-0.984242,37.0,8.0,0.0,0.426956,1622383120.0,366864850.0,37.824568,-122.473314,11.82106,0.992791,0.119855,60.0,19.0,10.0,0.480044,1622383120.0,367694350.0,37.815385,-122.445741,8.897512,0.791986,-0.610539,37.0,13.0,0.0,0.336255,1622383120.0,368052630.0,37.8237,-122.459671,11.122003,0.973392,0.229145,60.0,42.0,10.0,0.354624,198.11111111111111,3.188888888888889,7.094444444444444
1622383121.0,338096000.0,37.814112,-122.451037,3.869437,0.870129,-0.492824,60.0,19.0,4.0,0.302855,1622383121.0,338180966.0,37.840302,-122.461121,7.84205,-0.177691,-0.984086,37.0,8.0,0.0,0.424041,1622383121.0,366864850.0,37.824575,-122.473246,11.828164,0.992671,0.120851,60.0,19.0,10.0,0.477407,1622383121.0,367694350.0,37.81536,-122.4457,8.887083,0.793331,-0.60879,37.0,13.0,0.0,0.334379,1622383121.0,368052630.0,37.823712,-122.459608,11.135137,0.973312,0.229487,60.0,42.0,10.0,0.352643,198.10555555555555,3.1894444444444443,7.094722222222222
1622383122.0,338096000.0,37.814103,-122.451017,3.865539,0.869111,-0.494617,60.0,19.0,4.0,0.30102,1622383122.0,338180966.0,37.840266,-122.461129,7.808506,-0.178401,-0.983958,37.0,8.0,0.0,0.421137,1622383122.0,366864850.0,37.824581,-122.473177,11.835915,0.992559,0.121769,60.0,19.0,10.0,0.474769,1622383122.0,367694350.0,37.815335,-122.445659,8.876375,0.794749,-0.606938,37.0,13.0,0.0,0.332505,1622383122.0,368052630.0,37.823724,-122.459544,11.147854,0.97323,0.229831,60.0,42.0,10.0,0.350661,198.1,3.19,7.095
1622383123.0,338096000.0,37.814094,-122.450997,3.861584,0.868057,-0.496464,60.0,19.0,4.0,0.299189,1622383123.0,338180966.0,37.84023,-122.461138,7.772878,-0.178954,-0.983857,37.0,8.0,0.0,0.418246,1622383123.0,366864850.0,37.824588,-122.473108,11.844311,0.992455,0.122607,60.0,19.0,10.0,0.472129,1622383123.0,367694350.0,37.81531,-122.445618,8.865396,0.796239,-0.604982,37.0,13.0,0.0,0.330632,1622383123.0,368052630.0,37.823736,-122.459481,11.160156,0.973149,0.230177,60.0,42.0,10.0,0.348676,198.09444444444443,3.190555555555556,7.095277777777778
1622383124.0,338096000.0,37.814085,-122.450978,3.857573,0.866967,-0.498365,60.0,19.0,4.0,0.297359,1622383124.0,338180966.0,37.840195,-122.461146,7.735164,-0.17935,-0.983785,37.0,8.0,0.0,0.415367,1622383124.0,366864850.0,37.824595,-122.473039,11.853349,0.992361,0.123365,60.0,19.0,10.0,0.469488,1622383124.0,367694350.0,37.815285,-122.445576,8.854154,0.797801,-0.602921,37.0,13.0,0.0,0.32876,1622383124.0,368052630.0,37.823747,-122.459417,11.172041,0.973067,0.230524,60.0,42.0,10.0,0.34669,198.0888888888889,3.1911111111111112,7.095555555555555
1622383125.0,338096000.0,37.814076,-122.450958,3.853508,0.86584,-0.500321,60.0,19.0,4.0,0.295533,1622383125.0,338180966.0,37.84016,-122.461154,7.695364,-0.179587,-0.983742,37.0,8.0,0.0,0.412503,1622383125.0,366864850.0,37.824602,-122.47297,11.863028,0.992277,0.124044,60.0,19.0,10.0,0.466845,1622383125.0,367694350.0,37.815261,-122.445535,8.842658,0.799435,-0.600753,37.0,13.0,0.0,0.32689,1622383125.0,368052630.0,37.823759,-122.459353,11.183509,0.972984,0.230873,60.0,42.0,10.0,0.344701,198.0833333333333,3.191666666666667,7.095833333333333
1622383126.0,338096000.0,37.814067,-122.450938,3.849391,0.864675,-0.502331,60.0,19.0,4.0,0.293709,1622383126.0,338180966.0,37.840125,-122.461162,7.653476,-0.179662,-0.983728,37.0,8.0,0.0,0.409653,1622383126.0,366864850.0,37.824608,-122.472901,11.873345,0.992201,0.124644,60.0,19.0,10.0,0.4642,1622383126.0,367694350.0,37.815236,-122.445493,8.830916,0.80114,-0.598477,37.0,13.0,0.0,0.325021,1622383126.0,368052630.0,37.823771,-122.45929,11.194562,0.972901,0.231223,60.0,42.0,10.0,0.34271,198.07777777777773,3.192222222222222,7.096111111111111
1622383127.0,338096000.0,37.814058,-122.450919,3.845223,0.863472,-0.504396,60.0,19.0,4.0,0.291889,1622383127.0,338180966.0,37.84009,-122.46117,7.60995,-0.179601,-0.983739,37.0,8.0,0.0,0.406819,1622383127.0,366864850.0,37.824615,-122.472832,11.884299,0.992136,0.125166,60.0,19.0,10.0,0.461553,1622383127.0,367694350.0,37.815211,-122.445452,8.818939,0.802915,-0.596093,37.0,13.0,0.0,0.323153,1622383127.0,368052630.0,37.823783,-122.459226,11.205199,0.972817,0.231575,60.0,42.0,10.0,0.340717,198.07222222222225,3.1927777777777777,7.096388888888889
1622383128.0,338096000.0,37.814049,-122.450899,3.841007,0.862231,-0.506516,60.0,19.0,4.0,0.290071,1622383128.0,338180966.0,37.840055,-122.461178,7.566586,-0.179522,-0.983754,37.0,8.0,0.0,0.404,1622383128.0,366864850.0,37.824622,-122.472763,11.895888,0.99208,0.125608,60.0,19.0,10.0,0.458903,1622383128.0,367694350.0,37.815187,-122.445411,8.806735,0.804762,-0.593598,37.0,13.0,0.0,0.321286,1622383128.0,368052630.0,37.823795,-122.459162,11.215419,0.972733,0.231929,60.0,42.0,10.0,0.338722,198.06666666666663,3.1933333333333334,7.096666666666667
1622383129.0,338096000.0,37.81404,-122.45088,3.836743,0.86095,-0.508689,60.0,19.0,4.0,0.288256,1622383129.0,338180966.0,37.840021,-122.461186,7.523833,-0.179454,-0.983766,37.0,8.0,0.0,0.401198,1622383129.0,366864850.0,37.824629,-122.472694,11.908111,0.992034,0.125971,60.0,19.0,10.0,0.456251,1622383129.0,367694350.0,37.815163,-122.445369,8.794316,0.806677,-0.590992,37.0,13.0,0.0,0.319419,1622383129.0,368052630.0,37.823807,-122.459098,11.225223,0.972648,0.232284,60.0,42.0,10.0,0.336726,198.0611111111111,3.193888888888889,7.0969444444444445
1622383130.0,338096000.0,37.814031,-122.450861,3.832433,0.85963,-0.510918,60.0,19.0,4.0,0.286445,1622383130.0,338180966.0,37.839987,-122.461194,7.481691,-0.179396,-0.983777,37.0,8.0,0.0,0.398412,1622383130.0,366864850.0,37.824636,-122.472625,11.920967,0.991998,0.126256,60.0,19.0,10.0,0.453597,1622383130.0,367694350.0,37.815139,-122.445328,8.781692,0.808663,-0.588273,37.0,13.0,0.0,0.317554,1622383130.0,368052630.0,37.823819,-122.459034,11.234612,0.972563,0.232641,60.0,42.0,10.0,0.334728,198.0555555555556,3.1944444444444446,7.097222222222222
1622383131.0,338096000.0,37.814022,-122.450841,3.828081,0.858269,-0.5132,60.0,19.0,4.0,0.284636,1622383131.0,338180966.0,37.839953,-122.461202,7.440161,-0.17935,-0.983785,37.0,8.0,0.0,0.395641,1622383131.0,366864850.0,37.824643,-122.472556,11.934455,0.991971,0.126463,60.0,19.0,10.0,0.450939,1622383131.0,367694350.0,37.815115,-122.445286,8.768875,0.810717,-0.585439,37.0,13.0,0.0,0.31569,1622383131.0,368052630.0,37.823831,-122.45897,11.243584,0.972477,0.233,60.0,42.0,10.0,0.332728,198.05,3.195,7.0975
1622383132.0,338096000.0,37.814013,-122.450822,3.823687,0.856867,-0.515538,60.0,19.0,4.0,0.282831,1622383132.0,338180966.0,37.839919,-122.46121,7.399242,-0.179314,-0.983792,37.0,8.0,0.0,0.392886,1622383132.0,366864850.0,37.82465,-122.472486,11.948575,0.991955,0.126591,60.0,19.0,10.0,0.448279,1622383132.0,367694350.0,37.815091,-122.445244,8.755876,0.812838,-0.582489,37.0,13.0,0.0,0.313826,1622383132.0,368052630.0,37.823844,-122.458906,11.25214,0.97239,0.233361,60.0,42.0,10.0,0.330727,198.04444444444445,3.1955555555555555,7.097777777777778
1622383133.0,338096000.0,37.814004,-122.450803,3.819254,0.855423,-0.51793,60.0,19.0,4.0,0.281029,1622383133.0,338180966.0,37.839885,-122.461217,7.358935,-0.179291,-0.983796,37.0,8.0,0.0,0.390146,1622383133.0,366864850.0,37.824657,-122.472417,11.963326,0.991948,0.126642,60.0,19.0,10.0,0.445616,1622383133.0,367694350.0,37.815068,-122.445203,8.742708,0.815027,-0.579422,37.0,13.0,0.0,0.311964,1622383133.0,368052630.0,37.823856,-122.458842,11.26028,0.972303,0.233724,60.0,42.0,10.0,0.328724,198.0388888888889,3.196111111111111,7.098055555555556
1622383134.0,338096000.0,37.813995,-122.450784,3.814783,0.853937,-0.520376,60.0,19.0,4.0,0.27923,1622383134.0,338180966.0,37.839852,-122.461225,7.31924,-0.179278,-0.983798,37.0,8.0,0.0,0.387421,1622383134.0,366864850.0,37.824664,-122.472348,11.978708,0.991952,0.126615,60.0,19.0,10.0,0.442949,1622383134.0,367694350.0,37.815044,-122.445161,8.729383,0.817283,-0.576236,37.0,13.0,0.0,0.310101,1622383134.0,368052630.0,37.823868,-122.458778,11.268004,0.972215,0.234088,60.0,42.0,10.0,0.32672,198.03333333333333,3.1966666666666668,7.098333333333334
1622383135.0,338096000.0,37.813986,-122.450765,3.810278,0.852408,-0.522877,60.0,19.0,4.0,0.277435,1622383135.0,338180966.0,37.839818,-122.461233,7.280155,-0.179278,-0.983798,37.0,8.0,0.0,0.38471,1622383135.0,366864850.0,37.824671,-122.472278,11.994721,0.991965,0.126511,60.0,19.0,10.0,0.440279,1622383135.0,367694350.0,37.815021,-122.445119,8.715915,0.819604,-0.57293,37.0,13.0,0.0,0.308239,1622383135.0,368052630.0,37.82388,-122.458714,11.275313,0.972127,0.234455,60.0,42.0,10.0,0.324715,198.02777777777777,3.1972222222222224,7.098611111111111
1622383136.0,338096000.0,37.813976,-122.450746,3.805739,0.850836,-0.525432,60.0,19.0,4.0,0.275643,1622383136.0,338180966.0,37.839785,-122.46124,7.241683,-0.17929,-0.983796,37.0,8.0,0.0,0.382014,1622383136.0,366864850.0,37.824678,-122.472208,12.011366,0.991988,0.12633,60.0,19.0,10.0,0.437605,1622383136.0,367694350.0,37.814998,-122.445077,8.702318,0.821991,-0.569501,37.0,13.0,0.0,0.306378,1622383136.0,368052630.0,37.823892,-122.45865,11.282205,0.972038,0.234824,60.0,42.0,10.0,0.322708,198.0222222222222,3.1977777777777776,7.098888888888889
1622383137.0,338096000.0,37.813967,-122.450727,3.80117,0.849219,-0.528042,60.0,19.0,4.0,0.273855,1622383137.0,338180966.0,37.839752,-122.461248,7.203821,-0.179314,-0.983792,37.0,8.0,0.0,0.379333,1622383137.0,366864850.0,37.824685,-122.472138,12.028642,0.992021,0.126073,60.0,19.0,10.0,0.434928,1622383137.0,367694350.0,37.814975,-122.445035,8.688606,0.824441,-0.565948,37.0,13.0,0.0,0.304517,1622383137.0,368052630.0,37.823905,-122.458585,11.288681,0.971948,0.235194,60.0,42.0,10.0,0.320701,198.01666666666668,3.1983333333333333,7.099166666666667
1622383138.0,338096000.0,37.813958,-122.450708,3.796573,0.847556,-0.530706,60.0,19.0,4.0,0.27207,1622383138.0,338180966.0,37.839719,-122.461256,7.166571,-0.17935,-0.983785,37.0,8.0,0.0,0.376665,1622383138.0,366864850.0,37.824692,-122.472069,12.046551,0.992063,0.125739,60.0,19.0,10.0,0.432247,1622383138.0,367694350.0,37.814952,-122.444993,8.674793,0.826954,-0.56227,37.0,13.0,0.0,0.302656,1622383138.0,368052630.0,37.823917,-122.458521,11.294742,0.971858,0.235567,60.0,42.0,10.0,0.318692,198.01111111111112,3.198888888888889,7.099444444444444
1622383139.0,338096000.0,37.813949,-122.450689,3.791949,0.845848,-0.533424,60.0,19.0,4.0,0.270289,1622383139.0,338180966.0,37.839687,-122.461263,7.129933,-0.179399,-0.983776,37.0,8.0,0.0,0.374011,1622383139.0,366864850.0,37.824699,-122.471999,12.065094,0.992115,0.12533,60.0,19.0,10.0,0.429562,1622383139.0,367694350.0,37.81493,-122.444951,8.660896,0.829528,-0.558465,37.0,13.0,0.0,0.300795,1622383139.0,368052630.0,37.823929,-122.458457,11.300387,0.971767,0.235942,60.0,42.0,10.0,0.316682,198.0055555555556,3.1994444444444445,7.099722222222222
1622383140.0,338096000.0,37.813939,-122.45067,3.787302,0.844094,-0.536196,60.0,19.0,4.0,0.268512,1622383140.0,338180966.0,37.839654,-122.461271,7.093906,-0.179461,-0.983765,37.0,8.0,0.0,0.371371,1622383140.0,366864850.0,37.824706,-122.471928,12.084271,0.992176,0.124845,60.0,19.0,10.0,0.426872,1622383140.0,367694350.0,37.814907,-122.444909,8.64693,0.832163,-0.554531,37.0,13.0,0.0,0.298934,1622383140.0,368052630.0,37.823942,-122.458392,11.305616,0.971676,0.236318,60.0,42.0,10.0,0.314671,198.0,3.2,7.1
1622383141.0,338096000.0,37.81393,-122.450652,3.782634,0.842292,-0.539022,60.0,19.0,4.0,0.266738,1622383141.0,338180966.0,37.839622,-122.461278,7.05849,-0.179535,-0.983752,37.0,8.0,0.0,0.368744,1622383141.0,366864850.0,37.824713,-122.471858,12.104084,0.992247,0.124285,60.0,19.0,10.0,0.424179,1622383141.0,367694350.0,37.814885,-122.444867,8.632911,0.834858,-0.550465,37.0,13.0,0.0,0.297074,1622383141.0,368052630.0,37.823954,-122.458328,11.310429,0.971583,0.236698,60.0,42.0,10.0,0.312659,197.99444444444444,3.200555555555556,7.1002777777777775
1622383142.0,338096000.0,37.81392,-122.450633,3.777948,0.840441,-0.541903,60.0,19.0,4.0,0.264969,1622383142.0,338180966.0,37.83959,-122.461285,7.023686,-0.179623,-0.983735,37.0,8.0,0.0,0.36613,1622383142.0,366864850.0,37.82472,-122.471788,12.124535,0.992326,0.123651,60.0,19.0,10.0,0.42148,1622383142.0,367694350.0,37.814863,-122.444825,8.618857,0.837611,-0.546268,37.0,13.0,0.0,0.295213,1622383142.0,368052630.0,37.823966,-122.458264,11.314827,0.97149,0.237079,60.0,42.0,10.0,0.310647,197.98888888888888,3.201111111111111,7.100555555555555
1622383143.0,338096000.0,37.813911,-122.450614,3.773245,0.838542,-0.544837,60.0,19.0,4.0,0.263203,1622383143.0,338180966.0,37.839558,-122.461293,6.989494,-0.179724,-0.983717,37.0,8.0,0.0,0.363529,1622383143.0,366864850.0,37.824727,-122.471717,12.145626,0.992414,0.122943,60.0,19.0,10.0,0.418778,1622383143.0,367694350.0,37.814841,-122.444783,8.604784,0.84042,-0.541936,37.0,13.0,0.0,0.293352,1622383143.0,368052630.0,37.823979,-122.458199,11.318809,0.971397,0.237462,60.0,42.0,10.0,0.308634,197.9833333333333,3.2016666666666667,7.100833333333333
1622383144.0,338096000.0,37.813901,-122.450596,3.76853,0.836593,-0.547824,60.0,19.0,4.0,0.261441,1622383144.0,338180966.0,37.839526,-122.4613,6.955913,-0.179839,-0.983696,37.0,8.0,0.0,0.36094,1622383144.0,366864850.0,37.824734,-122.471647,12.167358,0.99251,0.122161,60.0,19.0,10.0,0.41607,1622383144.0,367694350.0,37.81482,-122.44474,8.590712,0.843285,-0.537467,37.0,13.0,0.0,0.29149,1622383144.0,368052630.0,37.823991,-122.458135,11.322375,0.971302,0.237848,60.0,42.0,10.0,0.30662,197.9777777777778,3.2022222222222223,7.101111111111111
1622383145.0,338096000.0,37.813892,-122.450577,3.763804,0.834594,-0.550865,60.0,19.0,4.0,0.259684,1622383145.0,338180966.0,37.839494,-122.461308,6.922944,-0.179967,-0.983673,37.0,8.0,0.0,0.358364,1622383145.0,366864850.0,37.824741,-122.471576,12.189733,0.992615,0.121305,60.0,19.0,10.0,0.413357,1622383145.0,367694350.0,37.814798,-122.444698,8.576658,0.846203,-0.532861,37.0,13.0,0.0,0.289628,1622383145.0,368052630.0,37.824004,-122.458071,11.325526,0.971207,0.238236,60.0,42.0,10.0,0.304605,197.97222222222223,3.202777777777778,7.101388888888889
1622383146.0,338096000.0,37.813882,-122.450559,3.75907,0.832543,-0.55396,60.0,19.0,4.0,0.25793,1622383146.0,338180966.0,37.839463,-122.461315,6.890586,-0.180109,-0.983647,37.0,8.0,0.0,0.3558,1622383146.0,366864850.0,37.824747,-122.471505,12.212754,0.992728,0.120378,60.0,19.0,10.0,0.410639,1622383146.0,367694350.0,37.814777,-122.444655,8.562642,0.849173,-0.528115,37.0,13.0,0.0,0.287765,1622383146.0,368052630.0,37.824016,-122.458006,11.328261,0.971111,0.238627,60.0,42.0,10.0,0.30259,197.96666666666667,3.203333333333333,7.101666666666667
1622383147.0,338096000.0,37.813873,-122.450541,3.754332,0.830441,-0.557107,60.0,19.0,4.0,0.256181,1622383147.0,338180966.0,37.839432,-122.461322,6.85884,-0.180265,-0.983618,37.0,8.0,0.0,0.353248,1622383147.0,366864850.0,37.824754,-122.471434,12.236424,0.992849,0.119378,60.0,19.0,10.0,0.407916,1622383147.0,367694350.0,37.814756,-122.444613,8.548684,0.852193,-0.523227,37.0,13.0,0.0,0.285902,1622383147.0,368052630.0,37.824029,-122.457942,11.33058,0.971015,0.23902,60.0,42.0,10.0,0.300575,197.9611111111111,3.203888888888889,7.101944444444444
1622383148.0,338096000.0,37.813863,-122.450522,3.749591,0.828285,-0.560308,60.0,19.0,4.0,0.254436,1622383148.0,338180966.0,37.8394,-122.461329,6.827706,-0.180435,-0.983587,37.0,8.0,0.0,0.350708,1622383148.0,366864850.0,37.824761,-122.471363,12.260745,0.992977,0.118306,60.0,19.0,10.0,0.405188,1622383148.0,367694350.0,37.814736,-122.44457,8.534804,0.855262,-0.518196,37.0,13.0,0.0,0.284038,1622383148.0,368052630.0,37.824041,-122.457877,11.332484,0.970917,0.239415,60.0,42.0,10.0,0.298559,197.95555555555555,3.2044444444444444,7.102222222222222
1622383149.0,338096000.0,37.813853,-122.450504,3.744852,0.826075,-0.56356,60.0,19.0,4.0,0.252696,1622383149.0,338180966.0,37.839369,-122.461337,6.797184,-0.18062,-0.983553,37.0,8.0,0.0,0.348179,1622383149.0,366864850.0,37.824768,-122.471292,12.28572,0.993113,0.117164,60.0,19.0,10.0,0.402453,1622383149.0,367694350.0,37.814715,-122.444527,8.521022,0.858377,-0.513019,37.0,13.0,0.0,0.282173,1622383149.0,368052630.0,37.824054,-122.457813,11.333973,0.970819,0.239813,60.0,42.0,10.0,0.296543,197.95,3.205,7.1025
1622383150.0,338096000.0,37.813843,-122.450486,3.740117,0.82381,-0.566866,60.0,19.0,4.0,0.25096,1622383150.0,338180966.0,37.839338,-122.461344,6.767273,-0.180819,-0.983516,37.0,8.0,0.0,0.345662,1622383150.0,366864850.0,37.824774,-122.47122,12.311352,0.993255,0.115951,60.0,19.0,10.0,0.399713,1622383150.0,367694350.0,37.814695,-122.444485,8.507361,0.861537,-0.507696,37.0,13.0,0.0,0.280307,1622383150.0,368052630.0,37.824066,-122.457748,11.335046,0.97072,0.240213,60.0,42.0,10.0,0.294527,197.94444444444449,3.205555555555556,7.102777777777778
1622383151.0,338096000.0,37.813834,-122.450468,3.735389,0.82149,-0.570223,60.0,19.0,4.0,0.249228,1622383151.0,338180966.0,37.839308,-122.461351,6.737974,-0.181032,-0.983477,37.0,8.0,0.0,0.343155,1622383151.0,366864850.0,37.824781,-122.471149,12.337645,0.993404,0.114669,60.0,19.0,10.0,0.396967,1622383151.0,367694350.0,37.814675,-122.444442,8.493843,0.864738,-0.502223,37.0,13.0,0.0,0.27844,1622383151.0,368052630.0,37.824079,-122.457684,11.335704,0.97062,0.240616,60.0,42.0,10.0,0.292511,197.9388888888889,3.206111111111111,7.103055555555556
1622383152.0,338096000.0,37.813824,-122.45045,3.730672,0.819113,-0.573632,60.0,19.0,4.0,0.247501,1622383152.0,338180966.0,37.839277,-122.461358,6.709287,-0.18126,-0.983435,37.0,8.0,0.0,0.34066,1622383152.0,366864850.0,37.824788,-122.471077,12.364602,0.993559,0.113317,60.0,19.0,10.0,0.394215,1622383152.0,367694350.0,37.814655,-122.444399,8.480489,0.86798,-0.4966,37.0,13.0,0.0,0.276572,1622383152.0,368052630.0,37.824091,-122.45762,11.335946,0.97052,0.241022,60.0,42.0,10.0,0.290495,197.9333333333333,3.2066666666666666,7.1033333333333335
1622383153.0,338096000.0,37.813814,-122.450432,3.725968,0.816679,-0.577093,60.0,19.0,4.0,0.245779,1622383153.0,338180966.0,37.839246,-122.461365,6.681213,-0.181503,-0.98339,37.0,8.0,0.0,0.338174,1622383153.0,366864850.0,37.824794,-122.471005,12.392226,0.99372,0.111897,60.0,19.0,10.0,0.391457,1622383153.0,367694350.0,37.814636,-122.444356,8.467323,0.871259,-0.490824,37.0,13.0,0.0,0.274702,1622383153.0,368052630.0,37.824104,-122.457555,11.335773,0.970418,0.24143,60.0,42.0,10.0,0.288478,197.92777777777772,3.207222222222222,7.103611111111111
1622383154.0,338096000.0,37.813804,-122.450414,3.721281,0.814186,-0.580604,60.0,19.0,4.0,0.244061,1622383154.0,338180966.0,37.839216,-122.461372,6.65375,-0.18176,-0.983343,37.0,8.0,0.0,0.3357,1622383154.0,366864850.0,37.8248,-122.470933,12.420522,0.993886,0.110409,60.0,19.0,10.0,0.388692,1622383154.0,367694350.0,37.814616,-122.444312,8.45437,0.874573,-0.484894,37.0,13.0,0.0,0.272831,1622383154.0,368052630.0,37.824117,-122.457491,11.335185,0.970316,0.241841,60.0,42.0,10.0,0.286462,197.92222222222225,3.207777777777778,7.103888888888889
1622383155.0,338096000.0,37.813794,-122.450397,3.716615,0.811634,-0.584167,60.0,19.0,4.0,0.242349,1622383155.0,338180966.0,37.839186,-122.461379,6.626899,-0.182033,-0.983292,37.0,8.0,0.0,0.333235,1622383155.0,366864850.0,37.824807,-122.47086,12.449493,0.994058,0.108854,60.0,19.0,10.0,0.385921,1622383155.0,367694350.0,37.814598,-122.444269,8.441653,0.877919,-0.478808,37.0,13.0,0.0,0.270958,1622383155.0,368052630.0,37.824129,-122.457426,11.334182,0.970213,0.242255,60.0,42.0,10.0,0.284446,197.91666666666663,3.208333333333333,7.104166666666667
1622383156.0,338096000.0,37.813784,-122.450379,3.711972,0.809022,-0.587779,60.0,19.0,4.0,0.240641,1622383156.0,338180966.0,37.839156,-122.461386,6.600661,-0.182321,-0.983239,37.0,8.0,0.0,0.33078,1622383156.0,366864850.0,37.824813,-122.470788,12.479143,0.994234,0.107232,60.0,19.0,10.0,0.383143,1622383156.0,367694350.0,37.814579,-122.444226,8.429197,0.881296,-0.472565,37.0,13.0,0.0,0.269084,1622383156.0,368052630.0,37.824142,-122.457362,11.332763,0.970109,0.242671,60.0,42.0,10.0,0.28243,197.9111111111111,3.2088888888888887,7.104444444444445
1622383157.0,338096000.0,37.813774,-122.450361,3.707357,0.806348,-0.591441,60.0,19.0,4.0,0.238938,1622383157.0,338180966.0,37.839126,-122.461394,6.575035,-0.182624,-0.983183,37.0,8.0,0.0,0.328335,1622383157.0,366864850.0,37.824819,-122.470715,12.509477,0.994415,0.105545,60.0,19.0,10.0,0.380358,1622383157.0,367694350.0,37.81456,-122.444182,8.417028,0.884699,-0.466164,37.0,13.0,0.0,0.267207,1622383157.0,368052630.0,37.824155,-122.457297,11.330929,0.970004,0.24309,60.0,42.0,10.0,0.280415,197.9055555555556,3.2094444444444443,7.104722222222223
1622383158.0,338096000.0,37.813764,-122.450344,3.702773,0.803612,-0.595153,60.0,19.0,4.0,0.237241,1622383158.0,338180966.0,37.839096,-122.461401,6.550021,-0.182942,-0.983124,37.0,8.0,0.0,0.325899,1622383158.0,366864850.0,37.824825,-122.470642,12.5405,0.994599,0.103792,60.0,19.0,10.0,0.377566,1622383158.0,367694350.0,37.814542,-122.444139,8.405172,0.888125,-0.459601,37.0,13.0,0.0,0.265329,1622383158.0,368052630.0,37.824168,-122.457233,11.32868,0.969898,0.243513,60.0,42.0,10.0,0.2784,197.9,3.21,7.105
1622383159.0,338096000.0,37.813753,-122.450326,3.698223,0.800814,-0.598914,60.0,19.0,4.0,0.235549,1622383159.0,338180966.0,37.839066,-122.461408,6.52562,-0.183276,-0.983061,37.0,8.0,0.0,0.323473,1622383159.0,366864850.0,37.824831,-122.470569,12.572215,0.994787,0.101975,60.0,19.0,10.0,0.374766,1622383159.0,367694350.0,37.814524,-122.444095,8.393656,0.891573,-0.452878,37.0,13.0,0.0,0.263448,1622383159.0,368052630.0,37.82418,-122.457169,11.326016,0.969791,0.243938,60.0,42.0,10.0,0.276385,197.89444444444445,3.210555555555556,7.105277777777777
1622383160.0,338096000.0,37.813743,-122.450309,3.693711,0.797951,-0.602722,60.0,19.0,4.0,0.233862,1622383160.0,338180966.0,37.839036,-122.461415,6.501831,-0.183625,-0.982996,37.0,8.0,0.0,0.321055,1622383160.0,366864850.0,37.824837,-122.470496,12.604628,0.994978,0.100095,60.0,19.0,10.0,0.37196,1622383160.0,367694350.0,37.814507,-122.444051,8.382506,0.895038,-0.445991,37.0,13.0,0.0,0.261566,1622383160.0,368052630.0,37.824193,-122.457104,11.322937,0.969683,0.244366,60.0,42.0,10.0,0.274371,197.88888888888889,3.2111111111111112,7.105555555555555
1622383161.0,338096000.0,37.813733,-122.450292,3.689242,0.795023,-0.606579,60.0,19.0,4.0,0.23218,1622383161.0,338180966.0,37.839007,-122.461422,6.478655,-0.18399,-0.982928,37.0,8.0,0.0,0.318646,1622383161.0,366864850.0,37.824843,-122.470423,12.637743,0.995172,0.098151,60.0,19.0,10.0,0.369145,1622383161.0,367694350.0,37.814489,-122.444007,8.371751,0.898517,-0.43894,37.0,13.0,0.0,0.25968,1622383161.0,368052630.0,37.824206,-122.45704,11.319443,0.969574,0.244797,60.0,42.0,10.0,0.272358,197.88333333333333,3.211666666666667,7.105833333333333
1622383162.0,338096000.0,37.813723,-122.450275,3.684818,0.79203,-0.610483,60.0,19.0,4.0,0.230504,1622383162.0,338180966.0,37.838977,-122.461429,6.456092,-0.18437,-0.982857,37.0,8.0,0.0,0.316246,1622383162.0,366864850.0,37.824849,-122.470349,12.671565,0.995367,0.096146,60.0,19.0,10.0,0.366323,1622383162.0,367694350.0,37.814472,-122.443963,8.361418,0.902006,-0.431723,37.0,13.0,0.0,0.257793,1622383162.0,368052630.0,37.824219,-122.456976,11.315535,0.969465,0.245231,60.0,42.0,10.0,0.270345,197.87777777777777,3.212222222222222,7.106111111111111
1622383163.0,338096000.0,37.813712,-122.450257,3.680444,0.788969,-0.614433,60.0,19.0,4.0,0.228833,1622383163.0,338180966.0,37.838948,-122.461436,6.434142,-0.184767,-0.982782,37.0,8.0,0.0,0.313854,1622383163.0,366864850.0,37.824855,-122.470275,12.7061,0.995565,0.094079,60.0,19.0,10.0,0.363493,1622383163.0,367694350.0,37.814456,-122.443919,8.351537,0.905503,-0.42434,37.0,13.0,0.0,0.255903,1622383163.0,368052630.0,37.824232,-122.456912,11.311211,0.969354,0.245669,60.0,42.0,10.0,0.268333,197.87222222222223,3.2127777777777777,7.106388888888889
1622383164.0,338096000.0,37.813702,-122.45024,3.676123,0.785841,-0.618429,60.0,19.0,4.0,0.227168,1622383164.0,338180966.0,37.838919,-122.461442,6.412805,-0.185178,-0.982705,37.0,8.0,0.0,0.31147,1622383164.0,366864850.0,37.82486,-122.470201,12.741353,0.995763,0.091952,60.0,19.0,10.0,0.360655,1622383164.0,367694350.0,37.814439,-122.443875,8.342137,0.909003,-0.416791,37.0,13.0,0.0,0.254009,1622383164.0,368052630.0,37.824244,-122.456847,11.306472,0.969242,0.246109,60.0,42.0,10.0,0.266322,197.86666666666667,3.2133333333333334,7.1066666666666665
1622383165.0,338096000.0,37.813691,-122.450224,3.671861,0.782643,-0.62247,60.0,19.0,4.0,0.225509,1622383165.0,338180966.0,37.838889,-122.461449,6.392081,-0.185606,-0.982624,37.0,8.0,0.0,0.309093,1622383165.0,366864850.0,37.824865,-122.470127,12.777328,0.995963,0.089765,60.0,19.0,10.0,0.357809,1622383165.0,367694350.0,37.814423,-122.44383,8.333248,0.912502,-0.409073,37.0,13.0,0.0,0.252113,1622383165.0,368052630.0,37.824257,-122.456783,11.301319,0.969129,0.246553,60.0,42.0,10.0,0.264312,197.86111111111111,3.213888888888889,7.106944444444444
1622383166.0,338096000.0,37.813681,-122.450207,3.66766,0.779376,-0.626556,60.0,19.0,4.0,0.223856,1622383166.0,338180966.0,37.83886,-122.461456,6.37197,-0.186049,-0.98254,37.0,8.0,0.0,0.306725,1622383166.0,366864850.0,37.824871,-122.470052,12.814032,0.996163,0.087519,60.0,19.0,10.0,0.354955,1622383166.0,367694350.0,37.814408,-122.443786,8.3249,0.915996,-0.401187,37.0,13.0,0.0,0.250214,1622383166.0,368052630.0,37.82427,-122.456719,11.295751,0.969015,0.247,60.0,42.0,10.0,0.262303,197.85555555555555,3.214444444444444,7.107222222222222
1622383167.0,338096000.0,37.81367,-122.45019,3.663533,0.776073,-0.630643,60.0,19.0,4.0,0.222209,1622383167.0,338180966.0,37.838831,-122.461463,6.352473,-0.186508,-0.982453,37.0,8.0,0.0,0.304363,1622383167.0,366864850.0,37.824876,-122.469977,12.851471,0.996363,0.085216,60.0,19.0,10.0,0.352092,1622383167.0,367694350.0,37.814392,-122.443741,8.317124,0.919482,-0.393132,37.0,13.0,0.0,0.248312,1622383167.0,368052630.0,37.824283,-122.456655,11.289768,0.968901,0.24745,60.0,42.0,10.0,0.260295,197.85,3.215,7.1075
1622383168.0,338096000.0,37.813659,-122.450173,3.659509,0.772874,-0.634559,60.0,19.0,4.0,0.220568,1622383168.0,338180966.0,37.838803,-122.46147,6.333589,-0.186983,-0.982363,37.0,8.0,0.0,0.302009,1622383168.0,366864850.0,37.824881,-122.469902,12.889649,0.996562,0.082855,60.0,19.0,10.0,0.34922,1622383168.0,367694350.0,37.814377,-122.443696,8.30995,0.922955,-0.384908,37.0,13.0,0.0,0.246406,1622383168.0,368052630.0,37.824296,-122.456591,11.283371,0.968785,0.247904,60.0,42.0,10.0,0.258288,197.84444444444443,3.2155555555555555,7.107777777777778
1622383169.0,338096000.0,37.813649,-122.450157,3.655582,0.769819,-0.638263,60.0,19.0,4.0,0.218932,1622383169.0,338180966.0,37.838774,-122.461477,6.315319,-0.187474,-0.98227,37.0,8.0,0.0,0.299662,1622383169.0,366864850.0,37.824886,-122.469827,12.928572,0.99676,0.080438,60.0,19.0,10.0,0.346339,1622383169.0,367694350.0,37.814362,-122.443651,8.303412,0.926411,-0.376514,37.0,13.0,0.0,0.244497,1622383169.0,368052630.0,37.824309,-122.456527,11.276559,0.968667,0.248362,60.0,42.0,10.0,0.256282,197.8388888888889,3.216111111111111,7.108055555555556
1622383170.0,338096000.0,37.813638,-122.45014,3.651738,0.766909,-0.641756,60.0,19.0,4.0,0.217303,1622383170.0,338180966.0,37.838745,-122.461484,6.297662,-0.18798,-0.982173,37.0,8.0,0.0,0.297321,1622383170.0,366864850.0,37.824891,-122.469752,12.968248,0.996956,0.077966,60.0,19.0,10.0,0.343449,1622383170.0,367694350.0,37.814348,-122.443606,8.297541,0.929845,-0.367952,37.0,13.0,0.0,0.242584,1622383170.0,368052630.0,37.824322,-122.456463,11.269332,0.968549,0.248822,60.0,42.0,10.0,0.254278,197.8333333333333,3.216666666666667,7.108333333333333
1622383171.0,338096000.0,37.813627,-122.450124,3.647965,0.764149,-0.64504,60.0,19.0,4.0,0.215679,1622383171.0,338180966.0,37.838716,-122.461491,6.28062,-0.188502,-0.982073,37.0,8.0,0.0,0.294987,1622383171.0,366864850.0,37.824895,-122.469676,13.008681,0.99715,0.075439,60.0,19.0,10.0,0.340551,1622383171.0,367694350.0,37.814334,-122.443561,8.292368,0.933253,-0.35922,37.0,13.0,0.0,0.240668,1622383171.0,368052630.0,37.824335,-122.456399,11.261691,0.96843,0.249287,60.0,42.0,10.0,0.252275,197.82777777777773,3.2172222222222224,7.108611111111111
1622383172.0,338096000.0,37.813616,-122.450108,3.644251,0.761541,-0.648116,60.0,19.0,4.0,0.214061,1622383172.0,338180966.0,37.838688,-122.461498,6.264191,-0.18904,-0.981969,37.0,8.0,0.0,0.292658,1622383172.0,366864850.0,37.8249,-122.4696,13.049257,0.99734,0.072886,60.0,19.0,10.0,0.337642,1622383172.0,367694350.0,37.81432,-122.443516,8.287929,0.93663,-0.350321,37.0,13.0,0.0,0.238747,1622383172.0,368052630.0,37.824348,-122.456335,11.253636,0.968309,0.249754,60.0,42.0,10.0,0.250273,197.82222222222225,3.2177777777777776,7.108888888888889
1622383173.0,338096000.0,37.813605,-122.450091,3.640583,0.75909,-0.650986,60.0,19.0,4.0,0.212448,1622383173.0,338180966.0,37.838659,-122.461505,6.248377,-0.189594,-0.981863,37.0,8.0,0.0,0.290336,1622383173.0,366864850.0,37.824904,-122.469524,13.087499,0.997518,0.070418,60.0,19.0,10.0,0.334725,1622383173.0,367694350.0,37.814306,-122.44347,8.284254,0.939971,-0.341254,37.0,13.0,0.0,0.236823,1622383173.0,368052630.0,37.824361,-122.456271,11.245166,0.968187,0.250226,60.0,42.0,10.0,0.248273,197.81666666666663,3.2183333333333333,7.109166666666667
1622383174.0,338096000.0,37.813594,-122.450075,3.636951,0.756797,-0.65365,60.0,19.0,4.0,0.21084,1622383174.0,338180966.0,37.838631,-122.461512,6.233177,-0.190163,-0.981753,37.0,8.0,0.0,0.28802,1622383174.0,366864850.0,37.824909,-122.469447,13.122776,0.997681,0.068061,60.0,19.0,10.0,0.331798,1622383174.0,367694350.0,37.814293,-122.443425,8.281378,0.943272,-0.33202,37.0,13.0,0.0,0.234894,1622383174.0,368052630.0,37.824374,-122.456207,11.236282,0.968064,0.250701,60.0,42.0,10.0,0.246275,197.8111111111111,3.218888888888889,7.109444444444445
1622383175.0,338096000.0,37.813583,-122.450059,3.633345,0.754666,-0.656109,60.0,19.0,4.0,0.209238,1622383175.0,338180966.0,37.838603,-122.461519,6.218592,-0.190748,-0.981639,37.0,8.0,0.0,0.285709,1622383175.0,366864850.0,37.824913,-122.469371,13.155078,0.997832,0.065811,60.0,19.0,10.0,0.328864,1622383175.0,367694350.0,37.814281,-122.443379,8.279336,0.946528,-0.322621,37.0,13.0,0.0,0.232961,1622383175.0,368052630.0,37.824387,-122.456144,11.226984,0.96794,0.251181,60.0,42.0,10.0,0.244278,197.8055555555556,3.219444444444445,7.109722222222223
1622383176.0,338096000.0,37.813572,-122.450043,3.629755,0.752698,-0.658366,60.0,19.0,4.0,0.20764,1622383176.0,338180966.0,37.838574,-122.461526,6.204621,-0.191348,-0.981522,37.0,8.0,0.0,0.283403,1622383176.0,366864850.0,37.824917,-122.469294,13.184398,0.997971,0.063666,60.0,19.0,10.0,0.325922,1622383176.0,367694350.0,37.814268,-122.443333,8.278159,0.949734,-0.313057,37.0,13.0,0.0,0.231023,1622383176.0,368052630.0,37.8244,-122.45608,11.217437,0.967816,0.25166,60.0,42.0,10.0,0.242283,197.8,3.22,7.11
1622383177.0,338096000.0,37.813561,-122.450027,3.626173,0.750897,-0.66042,60.0,19.0,4.0,0.206048,1622383177.0,338180966.0,37.838546,-122.461533,6.191266,-0.191964,-0.981402,37.0,8.0,0.0,0.281103,1622383177.0,366864850.0,37.824921,-122.469217,13.210726,0.998099,0.061624,60.0,19.0,10.0,0.322973,1622383177.0,367694350.0,37.814256,-122.443287,8.277884,0.952885,-0.303332,37.0,13.0,0.0,0.22908,1622383177.0,368052630.0,37.824413,-122.456016,11.208305,0.967694,0.252126,60.0,42.0,10.0,0.24029,197.79444444444445,3.2205555555555554,7.110277777777778
1622383178.0,338096000.0,37.81355,-122.450011,3.622591,0.749263,-0.662272,60.0,19.0,4.0,0.20446,1622383178.0,338180966.0,37.838518,-122.46154,6.178525,-0.192595,-0.981278,37.0,8.0,0.0,0.278807,1622383178.0,366864850.0,37.824924,-122.469139,13.234055,0.998217,0.059684,60.0,19.0,10.0,0.320018,1622383178.0,367694350.0,37.814245,-122.443241,8.278544,0.955976,-0.293446,37.0,13.0,0.0,0.227133,1622383178.0,368052630.0,37.824426,-122.455953,11.199754,0.967577,0.252575,60.0,42.0,10.0,0.238298,197.7888888888889,3.221111111111111,7.110555555555556
1622383179.0,338096000.0,37.813539,-122.449995,3.619002,0.7478,-0.663924,60.0,19.0,4.0,0.202876,1622383179.0,338180966.0,37.83849,-122.461547,6.166399,-0.193241,-0.981151,37.0,8.0,0.0,0.276516,1622383179.0,366864850.0,37.824928,-122.469062,13.254377,0.998326,0.057843,60.0,19.0,10.0,0.317058,1622383179.0,367694350.0,37.814233,-122.443194,8.280174,0.959001,-0.283402,37.0,13.0,0.0,0.225181,1622383179.0,368052630.0,37.824439,-122.455889,11.191781,0.967465,0.253006,60.0,42.0,10.0,0.236308,197.78333333333333,3.2216666666666667,7.110833333333334
1622383180.0,338096000.0,37.813528,-122.449979,3.615399,0.746509,-0.665375,60.0,19.0,4.0,0.201297,1622383180.0,338180966.0,37.838462,-122.461554,6.154889,-0.193903,-0.981021,37.0,8.0,0.0,0.274229,1622383180.0,366864850.0,37.824932,-122.468985,13.271685,0.998425,0.056101,60.0,19.0,10.0,0.314093,1622383180.0,367694350.0,37.814222,-122.443148,8.282808,0.961957,-0.273202,37.0,13.0,0.0,0.223223,1622383180.0,368052630.0,37.824452,-122.455826,11.184389,0.967356,0.253421,60.0,42.0,10.0,0.23432,197.77777777777777,3.2222222222222223,7.111111111111111
1622383181.0,338096000.0,37.813517,-122.449963,3.611777,0.745391,-0.666627,60.0,19.0,4.0,0.199721,1622383181.0,338180966.0,37.838434,-122.461561,6.143995,-0.194579,-0.980887,37.0,8.0,0.0,0.271946,1622383181.0,366864850.0,37.824935,-122.468907,13.285972,0.998516,0.054454,60.0,19.0,10.0,0.311124,1622383181.0,367694350.0,37.814212,-122.443101,8.286482,0.964837,-0.262849,37.0,13.0,0.0,0.221261,1622383181.0,368052630.0,37.824465,-122.455763,11.177576,0.967252,0.253818,60.0,42.0,10.0,0.232333,197.7722222222222,3.222777777777778,7.1113888888888885
1622383182.0,338096000.0,37.813506,-122.449948,3.608131,0.744449,-0.667679,60.0,19.0,4.0,0.19815,1622383182.0,338180966.0,37.838406,-122.461568,6.133716,-0.195271,-0.980749,37.0,8.0,0.0,0.269668,1622383182.0,366864850.0,37.824938,-122.468829,13.297232,0.9986,0.052902,60.0,19.0,10.0,0.308152,1622383182.0,367694350.0,37.814202,-122.443054,8.291229,0.967637,-0.252346,37.0,13.0,0.0,0.219293,1622383182.0,368052630.0,37.824479,-122.455699,11.171342,0.967152,0.254197,60.0,42.0,10.0,0.230347,197.76666666666668,3.223333333333333,7.111666666666666
1622383183.0,338096000.0,37.813494,-122.449932,3.604457,0.743683,-0.668532,60.0,19.0,4.0,0.196583,1622383183.0,338180966.0,37.838378,-122.461575,6.124053,-0.195977,-0.980609,37.0,8.0,0.0,0.267393,1622383183.0,366864850.0,37.824942,-122.468751,13.305459,0.998676,0.051444,60.0,19.0,10.0,0.305177,1622383183.0,367694350.0,37.814192,-122.443007,8.297085,0.970352,-0.241696,37.0,13.0,0.0,0.217319,1622383183.0,368052630.0,37.824492,-122.455636,11.165686,0.967057,0.254559,60.0,42.0,10.0,0.228363,197.76111111111112,3.223888888888889,7.111944444444444
1622383184.0,338096000.0,37.813483,-122.449916,3.600751,0.743095,-0.669186,60.0,19.0,4.0,0.19502,1622383184.0,338180966.0,37.838351,-122.461582,6.115006,-0.196698,-0.980464,37.0,8.0,0.0,0.265121,1622383184.0,366864850.0,37.824945,-122.468674,13.310649,0.998745,0.050078,60.0,19.0,10.0,0.3022,1622383184.0,367694350.0,37.814183,-122.44296,8.304083,0.972977,-0.230904,37.0,13.0,0.0,0.21534,1622383184.0,368052630.0,37.824505,-122.455573,11.16061,0.966967,0.254903,60.0,42.0,10.0,0.226379,197.7555555555556,3.2244444444444444,7.112222222222222
1622383185.0,338096000.0,37.813472,-122.449901,3.597012,0.742686,-0.66964,60.0,19.0,4.0,0.193459,1622383185.0,338180966.0,37.838323,-122.461589,6.106576,-0.197433,-0.980316,37.0,8.0,0.0,0.262852,1622383185.0,366864850.0,37.824948,-122.468596,13.312795,0.998808,0.048803,60.0,19.0,10.0,0.299222,1622383185.0,367694350.0,37.814174,-122.442913,8.312259,0.975506,-0.219973,37.0,13.0,0.0,0.213354,1622383185.0,368052630.0,37.824518,-122.45551,11.156111,0.966881,0.255229,60.0,42.0,10.0,0.224397,197.75,3.225,7.1125
1622383186.0,338096000.0,37.813461,-122.449885,3.593237,0.742456,-0.669895,60.0,19.0,4.0,0.191903,1622383186.0,338180966.0,37.838295,-122.461596,6.098762,-0.198182,-0.980165,37.0,8.0,0.0,0.260587,1622383186.0,366864850.0,37.824951,-122.468518,13.311894,0.998866,0.047619,60.0,19.0,10.0,0.296243,1622383186.0,367694350.0,37.814166,-122.442865,8.321647,0.977936,-0.208906,37.0,13.0,0.0,0.211363,1622383186.0,368052630.0,37.824531,-122.455446,11.152191,0.966799,0.255538,60.0,42.0,10.0,0.222415,197.74444444444444,3.225555555555556,7.112777777777778
1622383187.0,338096000.0,37.81345,-122.449869,3.589425,0.742407,-0.669949,60.0,19.0,4.0,0.190349,1622383187.0,338180966.0,37.838268,-122.461603,6.091565,-0.198946,-0.98001,37.0,8.0,0.0,0.258324,1622383187.0,366864850.0,37.824954,-122.46844,13.307941,0.998917,0.046525,60.0,19.0,10.0,0.293265,1622383187.0,367694350.0,37.814158,-122.442818,8.332281,0.980261,-0.197709,37.0,13.0,0.0,0.209365,1622383187.0,368052630.0,37.824544,-122.455383,11.148849,0.966722,0.255828,60.0,42.0,10.0,0.220434,197.73888888888888,3.226111111111111,7.113055555555556
1622383188.0,338096000.0,37.813439,-122.449854,3.585576,0.742539,-0.669803,60.0,19.0,4.0,0.188799,1622383188.0,338180966.0,37.83824,-122.46161,6.085003,-0.199705,-0.979856,37.0,8.0,0.0,0.256064,1622383188.0,366864850.0,37.824957,-122.468362,13.300932,0.998963,0.04552,60.0,19.0,10.0,0.290287,1622383188.0,367694350.0,37.81415,-122.44277,8.344052,0.982465,-0.186449,37.0,13.0,0.0,0.207362,1622383188.0,368052630.0,37.824558,-122.45532,11.146084,0.96665,0.256101,60.0,42.0,10.0,0.218454,197.7333333333333,3.2266666666666666,7.113333333333333
1622383189.0,338096000.0,37.813428,-122.449838,3.581691,0.742852,-0.669456,60.0,19.0,4.0,0.187251,1622383189.0,338180966.0,37.838212,-122.461617,6.07915,-0.200383,-0.979718,37.0,8.0,0.0,0.253806,1622383189.0,366864850.0,37.82496,-122.468284,13.290863,0.999005,0.044603,60.0,19.0,10.0,0.287311,1622383189.0,367694350.0,37.814143,-122.442722,8.356386,0.984501,-0.175377,37.0,13.0,0.0,0.205351,1622383189.0,368052630.0,37.824571,-122.455257,11.143897,0.966582,0.256356,60.0,42.0,10.0,0.216474,197.7277777777778,3.227222222222222,7.113611111111111
1622383190.0,338096000.0,37.813416,-122.449823,3.57777,0.743347,-0.668906,60.0,19.0,4.0,0.185706,1622383190.0,338180966.0,37.838185,-122.461624,6.074024,-0.200962,-0.979599,37.0,8.0,0.0,0.25155,1622383190.0,366864850.0,37.824962,-122.468207,13.277732,0.999041,0.043774,60.0,19.0,10.0,0.284337,1622383190.0,367694350.0,37.814136,-122.442674,8.369072,0.986368,-0.164557,37.0,13.0,0.0,0.203335,1622383190.0,368052630.0,37.824584,-122.455194,11.142288,0.96652,0.256593,60.0,42.0,10.0,0.214495,197.72222222222223,3.227777777777778,7.113888888888889
1622383191.0,338096000.0,37.813405,-122.449807,3.573817,0.744024,-0.668152,60.0,19.0,4.0,0.184163,1622383191.0,338180966.0,37.838157,-122.461631,6.069624,-0.201441,-0.979501,37.0,8.0,0.0,0.249296,1622383191.0,366864850.0,37.824965,-122.468129,13.261535,0.999074,0.043034,60.0,19.0,10.0,0.281366,1622383191.0,367694350.0,37.81413,-122.442625,8.382038,0.988072,-0.153992,37.0,13.0,0.0,0.201312,1622383191.0,368052630.0,37.824597,-122.455131,11.141256,0.966462,0.256811,60.0,42.0,10.0,0.212516,197.71666666666667,3.228333333333333,7.114166666666667
1622383192.0,338096000.0,37.813394,-122.449791,3.569834,0.744884,-0.667194,60.0,19.0,4.0,0.182623,1622383192.0,338180966.0,37.83813,-122.461639,6.065949,-0.201819,-0.979423,37.0,8.0,0.0,0.247044,1622383192.0,366864850.0,37.824968,-122.468051,13.24227,0.999102,0.04238,60.0,19.0,10.0,0.278399,1622383192.0,367694350.0,37.814124,-122.442577,8.395215,0.989624,-0.143681,37.0,13.0,0.0,0.199283,1622383192.0,368052630.0,37.82461,-122.455068,11.1408,0.966408,0.257012,60.0,42.0,10.0,0.210537,197.7111111111111,3.2288888888888887,7.114444444444445
1622383193.0,338096000.0,37.813383,-122.449776,3.565825,0.745925,-0.66603,60.0,19.0,4.0,0.181085,1622383193.0,338180966.0,37.838102,-122.461646,6.062998,-0.202097,-0.979366,37.0,8.0,0.0,0.244793,1622383193.0,366864850.0,37.82497,-122.467974,13.219935,0.999125,0.041815,60.0,19.0,10.0,0.275436,1622383193.0,367694350.0,37.814118,-122.442528,8.408535,0.991032,-0.133626,37.0,13.0,0.0,0.197249,1622383193.0,368052630.0,37.824624,-122.455005,11.140922,0.96636,0.257194,60.0,42.0,10.0,0.208559,197.70555555555555,3.2294444444444443,7.114722222222222
1622383194.0,338096000.0,37.813372,-122.44976,3.561794,0.747148,-0.664658,60.0,19.0,4.0,0.179549,1622383194.0,338180966.0,37.838075,-122.461653,6.06077,-0.202274,-0.979329,37.0,8.0,0.0,0.242543,1622383194.0,366864850.0,37.824973,-122.467896,13.194526,0.999145,0.041336,60.0,19.0,10.0,0.272478,1622383194.0,367694350.0,37.814113,-122.44248,8.421931,0.992304,-0.123828,37.0,13.0,0.0,0.195209,1622383194.0,368052630.0,37.824637,-122.454942,11.141621,0.966316,0.257359,60.0,42.0,10.0,0.20658,197.7,3.23,7.115
1622383195.0,338096000.0,37.813361,-122.449745,3.557747,0.748551,-0.663077,60.0,19.0,4.0,0.178014,1622383195.0,338180966.0,37.838047,-122.46166,6.059266,-0.20235,-0.979313,37.0,8.0,0.0,0.240294,1622383195.0,366864850.0,37.824975,-122.467819,13.166044,0.999161,0.040946,60.0,19.0,10.0,0.269526,1622383195.0,367694350.0,37.814108,-122.442431,8.435341,0.993448,-0.114285,37.0,13.0,0.0,0.193164,1622383195.0,368052630.0,37.82465,-122.454879,11.142897,0.966277,0.257505,60.0,42.0,10.0,0.204602,197.69444444444449,3.230555555555556,7.115277777777778
1622383196.0,338096000.0,37.81335,-122.449729,3.55369,0.750136,-0.661284,60.0,19.0,4.0,0.176481,1622383196.0,338180966.0,37.83802,-122.461667,6.058485,-0.202325,-0.979319,37.0,8.0,0.0,0.238045,1622383196.0,366864850.0,37.824978,-122.467742,13.134486,0.999174,0.040644,60.0,19.0,10.0,0.26658,1622383196.0,367694350.0,37.814104,-122.442381,8.448703,0.994472,-0.104997,37.0,13.0,0.0,0.191114,1622383196.0,368052630.0,37.824663,-122.454816,11.144749,0.966243,0.257633,60.0,42.0,10.0,0.202623,197.6888888888889,3.231111111111112,7.115555555555556
1622383197.0,338096000.0,37.81334,-122.449713,3.549631,0.751899,-0.659278,60.0,19.0,4.0,0.174949,1622383197.0,338180966.0,37.837993,-122.461674,6.058426,-0.202198,-0.979345,37.0,8.0,0.0,0.235796,1622383197.0,366864850.0,37.82498,-122.467665,13.099851,0.999182,0.04043,60.0,19.0,10.0,0.263641,1622383197.0,367694350.0,37.8141,-122.442332,8.461957,0.995385,-0.095965,37.0,13.0,0.0,0.189059,1622383197.0,368052630.0,37.824677,-122.454752,11.147178,0.966214,0.257742,60.0,42.0,10.0,0.200644,197.6833333333333,3.2316666666666665,7.115833333333334
1622383198.0,338096000.0,37.813329,-122.449698,3.545576,0.753841,-0.657056,60.0,19.0,4.0,0.173418,1622383198.0,338180966.0,37.837965,-122.461682,6.059091,-0.201971,-0.979392,37.0,8.0,0.0,0.233548,1622383198.0,366864850.0,37.824983,-122.467589,13.062139,0.999187,0.040305,60.0,19.0,10.0,0.260709,1622383198.0,367694350.0,37.814096,-122.442283,8.475046,0.996192,-0.087186,37.0,13.0,0.0,0.187,1622383198.0,368052630.0,37.82469,-122.454689,11.150183,0.966189,0.257834,60.0,42.0,10.0,0.198664,197.67777777777772,3.232222222222222,7.116111111111112
1622383199.0,338096000.0,37.813318,-122.449682,3.541534,0.755961,-0.654617,60.0,19.0,4.0,0.171888,1622383199.0,338180966.0,37.837938,-122.461689,6.06048,-0.201642,-0.979459,37.0,8.0,0.0,0.2313,1622383199.0,366864850.0,37.824985,-122.467512,13.021349,0.999189,0.04027,60.0,19.0,10.0,0.257787,1622383199.0,367694350.0,37.814092,-122.442234,8.487914,0.996901,-0.07866,37.0,13.0,0.0,0.184936,1622383199.0,368052630.0,37.824703,-122.454626,11.153765,0.96617,0.257907,60.0,42.0,10.0,0.196684,197.67222222222225,3.2327777777777778,7.116388888888889
1622383200.0,338096000.0,37.813307,-122.449667,3.537516,0.758256,-0.651957,60.0,19.0,4.0,0.170358,1622383200.0,338180966.0,37.83791,-122.461696,6.062593,-0.201213,-0.979548,37.0,8.0,0.0,0.229051,1622383200.0,366864850.0,37.824988,-122.467436,12.977481,0.999187,0.040326,60.0,19.0,10.0,0.254873,1622383200.0,367694350.0,37.814089,-122.442184,8.500508,0.99752,-0.070386,37.0,13.0,0.0,0.182867,1622383200.0,368052630.0,37.824717,-122.454563,11.157923,0.966155,0.257962,60.0,42.0,10.0,0.194703,197.66666666666663,3.2333333333333334,7.116666666666666
1622383201.0,338096000.0,37.813297,-122.449651,3.533532,0.760725,-0.649074,60.0,19.0,4.0,0.168829,1622383201.0,338180966.0,37.837883,-122.461703,6.065431,-0.200683,-0.979656,37.0,8.0,0.0,0.226801,1622383201.0,366864850.0,37.82499,-122.46736,12.931163,0.999181,0.040458,60.0,19.0,10.0,0.251969,1622383201.0,367694350.0,37.814086,-122.442134,8.512775,0.998054,-0.062361,37.0,13.0,0.0,0.180795,1622383201.0,368052630.0,37.82473,-122.4545,11.162551,0.966145,0.258001,60.0,42.0,10.0,0.192722,197.6611111111111,3.233888888888889,7.116944444444444
1622383202.0,338096000.0,37.813286,-122.449635,3.529592,0.763367,-0.645966,60.0,19.0,4.0,0.167301,1622383202.0,338180966.0,37.837855,-122.46171,6.068996,-0.200052,-0.979785,37.0,8.0,0.0,0.22455,1622383202.0,366864850.0,37.824992,-122.467284,12.884909,0.999175,0.040609,60.0,19.0,10.0,0.249076,1622383202.0,367694350.0,37.814084,-122.442085,8.524667,0.998509,-0.054584,37.0,13.0,0.0,0.178719,1622383202.0,368052630.0,37.824743,-122.454437,11.167222,0.966137,0.25803,60.0,42.0,10.0,0.19074,197.6555555555556,3.2344444444444447,7.117222222222222
1622383203.0,338096000.0,37.813275,-122.449619,3.525709,0.766178,-0.642628,60.0,19.0,4.0,0.165772,1622383203.0,338180966.0,37.837828,-122.461717,6.073288,-0.199322,-0.979934,37.0,8.0,0.0,0.222299,1622383203.0,366864850.0,37.824995,-122.467209,12.839346,0.999169,0.040764,60.0,19.0,10.0,0.246193,1622383203.0,367694350.0,37.814082,-122.442035,8.536136,0.998892,-0.047054,37.0,13.0,0.0,0.176639,1622383203.0,368052630.0,37.824757,-122.454374,11.171829,0.966131,0.258052,60.0,42.0,10.0,0.188757,197.65,3.235,7.1175
1622383204.0,338096000.0,37.813265,-122.449603,3.521896,0.769157,-0.63906,60.0,19.0,4.0,0.164242,1622383204.0,338180966.0,37.8378,-122.461724,6.078309,-0.198492,-0.980103,37.0,8.0,0.0,0.220045,1622383204.0,366864850.0,37.824997,-122.467134,12.794474,0.999162,0.040923,60.0,19.0,10.0,0.24332,1622383204.0,367694350.0,37.81408,-122.441985,8.547134,0.999209,-0.039768,37.0,13.0,0.0,0.174557,1622383204.0,368052630.0,37.82477,-122.45431,11.176373,0.966127,0.258065,60.0,42.0,10.0,0.186773,197.64444444444445,3.2355555555555555,7.1177777777777775
1622383205.0,338096000.0,37.813255,-122.449588,3.518166,0.772301,-0.635257,60.0,19.0,4.0,0.162713,1622383205.0,338180966.0,37.837773,-122.461732,6.08406,-0.197563,-0.98029,37.0,8.0,0.0,0.21779,1622383205.0,366864850.0,37.825,-122.467059,12.750294,0.999156,0.041086,60.0,19.0,10.0,0.240457,1622383205.0,367694350.0,37.814078,-122.441935,8.55762,0.999464,-0.032725,37.0,13.0,0.0,0.172471,1622383205.0,368052630.0,37.824783,-122.454247,11.180853,0.966126,0.258071,60.0,42.0,10.0,0.184788,197.63888888888889,3.236111111111111,7.118055555555555
1622383206.0,338096000.0,37.813244,-122.449572,3.514535,0.775607,-0.631216,60.0,19.0,4.0,0.161182,1622383206.0,338180966.0,37.837745,-122.461739,6.090543,-0.196535,-0.980497,37.0,8.0,0.0,0.215534,1622383206.0,366864850.0,37.825002,-122.466984,12.706806,0.999149,0.041253,60.0,19.0,10.0,0.237604,1622383206.0,367694350.0,37.814077,-122.441885,8.567548,0.999664,-0.025922,37.0,13.0,0.0,0.170382,1622383206.0,368052630.0,37.824797,-122.454184,11.18527,0.966126,0.258069,60.0,42.0,10.0,0.182803,197.63333333333333,3.236666666666667,7.118333333333333
1622383207.0,338096000.0,37.813234,-122.449556,3.511017,0.779072,-0.626934,60.0,19.0,4.0,0.159651,1622383207.0,338180966.0,37.837717,-122.461746,6.097761,-0.19541,-0.980722,37.0,8.0,0.0,0.213275,1622383207.0,366864850.0,37.825005,-122.46691,12.664009,0.999142,0.041424,60.0,19.0,10.0,0.234761,1622383207.0,367694350.0,37.814076,-122.441835,8.57688,0.999813,-0.019357,37.0,13.0,0.0,0.168291,1622383207.0,368052630.0,37.82481,-122.454121,11.189623,0.966129,0.25806,60.0,42.0,10.0,0.180817,197.62777777777777,3.237222222222222,7.118611111111111
1622383208.0,338096000.0,37.813224,-122.44954,3.507629,0.782692,-0.622409,60.0,19.0,4.0,0.158118,1622383208.0,338180966.0,37.83769,-122.461753,6.105714,-0.194188,-0.980964,37.0,8.0,0.0,0.211013,1622383208.0,366864850.0,37.825007,-122.466836,12.621904,0.999134,0.041599,60.0,19.0,10.0,0.231927,1622383208.0,367694350.0,37.814075,-122.441784,8.585576,0.999915,-0.013028,37.0,13.0,0.0,0.166197,1622383208.0,368052630.0,37.824823,-122.454057,11.193912,0.966134,0.258043,60.0,42.0,10.0,0.17883,197.62222222222223,3.2377777777777776,7.118888888888889
1622383209.0,338096000.0,37.813214,-122.449524,3.504389,0.786464,-0.617636,60.0,19.0,4.0,0.156584,1622383209.0,338180966.0,37.837662,-122.461759,6.114406,-0.192869,-0.981225,37.0,8.0,0.0,0.208749,1622383209.0,366864850.0,37.825009,-122.466762,12.58049,0.999127,0.041778,60.0,19.0,10.0,0.229103,1622383209.0,367694350.0,37.814075,-122.441734,8.593599,0.999976,-0.006934,37.0,13.0,0.0,0.164101,1622383209.0,368052630.0,37.824837,-122.453994,11.198137,0.96614,0.258018,60.0,42.0,10.0,0.176842,197.61666666666667,3.2383333333333333,7.119166666666667
1622383210.0,338096000.0,37.813204,-122.449507,3.501314,0.790383,-0.612613,60.0,19.0,4.0,0.155048,1622383210.0,338180966.0,37.837634,-122.461766,6.123839,-0.191454,-0.981502,37.0,8.0,0.0,0.206482,1622383210.0,366864850.0,37.825012,-122.466688,12.539768,0.999119,0.041962,60.0,19.0,10.0,0.226288,1622383210.0,367694350.0,37.814075,-122.441684,8.600912,0.999999,-0.001072,37.0,13.0,0.0,0.162004,1622383210.0,368052630.0,37.82485,-122.453931,11.202299,0.966149,0.257985,60.0,42.0,10.0,0.174853,197.61111111111111,3.238888888888889,7.1194444444444445
1622383211.0,338096000.0,37.813194,-122.449491,3.498423,0.794445,-0.607336,60.0,19.0,4.0,0.15351,1622383211.0,338180966.0,37.837606,-122.461773,6.134016,-0.189945,-0.981795,37.0,8.0,0.0,0.204211,1622383211.0,366864850.0,37.825014,-122.466615,12.499738,0.999111,0.042149,60.0,19.0,10.0,0.223482,1622383211.0,367694350.0,37.814075,-122.441633,8.607482,0.99999,0.00456,37.0,13.0,0.0,0.159905,1622383211.0,368052630.0,37.824864,-122.453867,11.206398,0.96616,0.257945,60.0,42.0,10.0,0.172864,197.60555555555555,3.239444444444445,7.119722222222222
1622383212.0,338096000.0,37.813184,-122.449475,3.495736,0.798646,-0.601802,60.0,19.0,4.0,0.151969,1622383212.0,338180966.0,37.837579,-122.46178,6.144939,-0.188342,-0.982104,37.0,8.0,0.0,0.201938,1622383212.0,366864850.0,37.825017,-122.466542,12.460399,0.999103,0.04234,60.0,19.0,10.0,0.220685,1622383212.0,367694350.0,37.814075,-122.441583,8.613276,0.99995,0.009965,37.0,13.0,0.0,0.157804,1622383212.0,368052630.0,37.824877,-122.453804,11.210432,0.966173,0.257896,60.0,42.0,10.0,0.170874,197.6,3.24,7.12
1622383213.0,338096000.0,37.813174,-122.449459,3.493273,0.802979,-0.596008,60.0,19.0,4.0,0.150426,1622383213.0,338180966.0,37.837551,-122.461787,6.156611,-0.186646,-0.982427,37.0,8.0,0.0,0.19966,1622383213.0,366864850.0,37.825019,-122.466469,12.421752,0.999095,0.042536,60.0,19.0,10.0,0.217897,1622383213.0,367694350.0,37.814075,-122.441532,8.618262,0.999885,0.015143,37.0,13.0,0.0,0.155703,1622383213.0,368052630.0,37.82489,-122.45374,11.214403,0.966187,0.257841,60.0,42.0,10.0,0.168883,197.59444444444443,3.2405555555555554,7.120277777777778
1622383214.0,338096000.0,37.813165,-122.449442,3.491057,0.807439,-0.589951,60.0,19.0,4.0,0.14888,1622383214.0,338180966.0,37.837523,-122.461794,6.169035,-0.184858,-0.982765,37.0,8.0,0.0,0.197379,1622383214.0,366864850.0,37.825022,-122.466396,12.383797,0.999086,0.042736,60.0,19.0,10.0,0.215118,1622383214.0,367694350.0,37.814076,-122.441482,8.622412,0.999798,0.020097,37.0,13.0,0.0,0.153601,1622383214.0,368052630.0,37.824904,-122.453677,11.218311,0.966204,0.257777,60.0,42.0,10.0,0.166892,197.5888888888889,3.241111111111111,7.120555555555556
1622383215.0,338096000.0,37.813155,-122.449426,3.489109,0.812021,-0.583628,60.0,19.0,4.0,0.147331,1622383215.0,338180966.0,37.837495,-122.4618,6.182215,-0.182979,-0.983117,37.0,8.0,0.0,0.195093,1622383215.0,366864850.0,37.825024,-122.466324,12.346534,0.999078,0.04294,60.0,19.0,10.0,0.212347,1622383215.0,367694350.0,37.814076,-122.441432,8.625696,0.999692,0.024828,37.0,13.0,0.0,0.151498,1622383215.0,368052630.0,37.824917,-122.453613,11.222155,0.966223,0.257706,60.0,42.0,10.0,0.1649,197.5833333333333,3.2416666666666667,7.120833333333334
1622383216.0,338096000.0,37.813146,-122.449409,3.487452,0.816719,-0.577036,60.0,19.0,4.0,0.145778,1622383216.0,338180966.0,37.837466,-122.461807,6.196154,-0.181011,-0.983481,37.0,8.0,0.0,0.192803,1622383216.0,366864850.0,37.825026,-122.466251,12.309962,0.999069,0.043148,60.0,19.0,10.0,0.209584,1622383216.0,367694350.0,37.814077,-122.441381,8.628089,0.999569,0.02934,37.0,13.0,0.0,0.149394,1622383216.0,368052630.0,37.82493,-122.45355,11.225935,0.966244,0.257627,60.0,42.0,10.0,0.162907,197.57777777777773,3.2422222222222223,7.121111111111111
1622383217.0,338096000.0,37.813136,-122.449392,3.48611,0.821525,-0.570172,60.0,19.0,4.0,0.144222,1622383217.0,338180966.0,37.837438,-122.461813,6.210855,-0.178955,-0.983857,37.0,8.0,0.0,0.190508,1622383217.0,366864850.0,37.825029,-122.466179,12.274082,0.99906,0.04336,60.0,19.0,10.0,0.20683,1622383217.0,367694350.0,37.814079,-122.441331,8.629564,0.999434,0.033632,37.0,13.0,0.0,0.147291,1622383217.0,368052630.0,37.824944,-122.453486,11.229652,0.966267,0.257541,60.0,42.0,10.0,0.160913,197.57222222222225,3.242777777777778,7.121388888888889
1622383218.0,338096000.0,37.813127,-122.449376,3.485108,0.826433,-0.563035,60.0,19.0,4.0,0.142662,1622383218.0,338180966.0,37.83741,-122.46182,6.226136,-0.176841,-0.984239,37.0,8.0,0.0,0.188208,1622383218.0,366864850.0,37.825031,-122.466108,12.238894,0.99905,0.043576,60.0,19.0,10.0,0.204084,1622383218.0,367694350.0,37.81408,-122.44128,8.630098,0.999289,0.037707,37.0,13.0,0.0,0.145188,1622383218.0,368052630.0,37.824957,-122.453423,11.233306,0.966292,0.257447,60.0,42.0,10.0,0.158919,197.56666666666663,3.243333333333333,7.121666666666667
1622383219.0,338096000.0,37.813118,-122.449359,3.484471,0.831435,-0.555622,60.0,19.0,4.0,0.141097,1622383219.0,338180966.0,37.837382,-122.461826,6.241253,-0.174785,-0.984607,37.0,8.0,0.0,0.185903,1622383219.0,366864850.0,37.825034,-122.466036,12.204398,0.99904,0.043796,60.0,19.0,10.0,0.201345,1622383219.0,367694350.0,37.814082,-122.441229,8.629667,0.999136,0.041567,37.0,13.0,0.0,0.143086,1622383219.0,368052630.0,37.824971,-122.453359,11.236896,0.96632,0.257345,60.0,42.0,10.0,0.156924,197.5611111111111,3.243888888888889,7.121944444444445
1622383220.0,338096000.0,37.813109,-122.449342,3.484225,0.836524,-0.54793,60.0,19.0,4.0,0.139528,1622383220.0,338180966.0,37.837353,-122.461833,6.256016,-0.172816,-0.984954,37.0,8.0,0.0,0.183593,1622383220.0,366864850.0,37.825036,-122.465965,12.170594,0.999031,0.044021,60.0,19.0,10.0,0.198614,1622383220.0,367694350.0,37.814083,-122.441179,8.628251,0.998977,0.045212,37.0,13.0,0.0,0.140984,1622383220.0,368052630.0,37.824984,-122.453296,11.240422,0.966349,0.257236,60.0,42.0,10.0,0.154929,197.5555555555556,3.2444444444444445,7.122222222222222
1622383221.0,338096000.0,37.8131,-122.449325,3.484396,0.841691,-0.539959,60.0,19.0,4.0,0.137953,1622383221.0,338180966.0,37.837325,-122.461839,6.270424,-0.170932,-0.985283,37.0,8.0,0.0,0.181278,1622383221.0,366864850.0,37.825039,-122.465893,12.137482,0.999021,0.044249,60.0,19.0,10.0,0.195891,1622383221.0,367694350.0,37.814085,-122.441129,8.625828,0.998816,0.048644,37.0,13.0,0.0,0.138883,1622383221.0,368052630.0,37.824997,-122.453232,11.243885,0.96638,0.257119,60.0,42.0,10.0,0.152933,197.55,3.245,7.1225
1622383222.0,338096000.0,37.813091,-122.449308,3.485013,0.846928,-0.531707,60.0,19.0,4.0,0.136374,1622383222.0,338180966.0,37.837296,-122.461845,6.284471,-0.169133,-0.985593,37.0,8.0,0.0,0.178957,1622383222.0,366864850.0,37.825041,-122.465822,12.105062,0.99901,0.044482,60.0,19.0,10.0,0.193175,1622383222.0,367694350.0,37.814087,-122.441078,8.622381,0.998654,0.051864,37.0,13.0,0.0,0.136783,1622383222.0,368052630.0,37.825011,-122.453168,11.247285,0.966413,0.256994,60.0,42.0,10.0,0.150936,197.54444444444445,3.245555555555556,7.122777777777777
1622383223.0,338096000.0,37.813083,-122.44929,3.486103,0.852226,-0.523174,60.0,19.0,4.0,0.134789,1622383223.0,338180966.0,37.837267,-122.461852,6.298157,-0.167419,-0.985886,37.0,8.0,0.0,0.176633,1622383223.0,366864850.0,37.825044,-122.465752,12.073333,0.999,0.044719,60.0,19.0,10.0,0.190467,1622383223.0,367694350.0,37.814089,-122.441028,8.617891,0.998493,0.054873,37.0,13.0,0.0,0.134685,1622383223.0,368052630.0,37.825024,-122.453105,11.250622,0.966448,0.256862,60.0,42.0,10.0,0.148938,197.5388888888889,3.246111111111111,7.123055555555555
1622383224.0,338096000.0,37.813074,-122.449273,3.487695,0.857576,-0.514358,60.0,19.0,4.0,0.133198,1622383224.0,338180966.0,37.837239,-122.461858,6.311478,-0.165787,-0.986162,37.0,8.0,0.0,0.174303,1622383224.0,366864850.0,37.825046,-122.465681,12.042297,0.998989,0.04496,60.0,19.0,10.0,0.187766,1622383224.0,367694350.0,37.814091,-122.440977,8.612341,0.998336,0.057672,37.0,13.0,0.0,0.132589,1622383224.0,368052630.0,37.825037,-122.453041,11.253895,0.966485,0.256722,60.0,42.0,10.0,0.14694,197.53333333333333,3.2466666666666666,7.123333333333333
1622383225.0,338096000.0,37.813066,-122.449255,3.489818,0.862967,-0.50526,60.0,19.0,4.0,0.131601,1622383225.0,338180966.0,37.83721,-122.461864,6.324431,-0.164238,-0.986421,37.0,8.0,0.0,0.171969,1622383225.0,366864850.0,37.825049,-122.46561,12.011953,0.998978,0.045205,60.0,19.0,10.0,0.185071,1622383225.0,367694350.0,37.814093,-122.440927,8.605717,0.998183,0.060261,37.0,13.0,0.0,0.130495,1622383225.0,368052630.0,37.825051,-122.452977,11.257104,0.966524,0.256575,60.0,42.0,10.0,0.144942,197.52777777777777,3.2472222222222222,7.123611111111111
1622383226.0,338096000.0,37.813058,-122.449238,3.492502,0.868391,-0.49588,60.0,19.0,4.0,0.129997,1622383226.0,338180966.0,37.837181,-122.46187,6.337014,-0.162771,-0.986664,37.0,8.0,0.0,0.169631,1622383226.0,366864850.0,37.825051,-122.46554,11.982301,0.998966,0.045454,60.0,19.0,10.0,0.182384,1622383226.0,367694350.0,37.814096,-122.440877,8.598005,0.998036,0.062642,37.0,13.0,0.0,0.128403,1622383226.0,368052630.0,37.825064,-122.452914,11.260251,0.966566,0.25642,60.0,42.0,10.0,0.142942,197.5222222222222,3.247777777777778,7.123888888888889
1622383227.0,338096000.0,37.81305,-122.44922,3.49574,0.873805,-0.486276,60.0,19.0,4.0,0.128386,1622383227.0,338180966.0,37.837152,-122.461876,6.349226,-0.161385,-0.986892,37.0,8.0,0.0,0.167289,1622383227.0,366864850.0,37.825054,-122.46547,11.953341,0.998955,0.045707,60.0,19.0,10.0,0.179703,1622383227.0,367694350.0,37.814098,-122.440826,8.589191,0.997897,0.064814,37.0,13.0,0.0,0.126314,1622383227.0,368052630.0,37.825077,-122.45285,11.263335,0.966609,0.256257,60.0,42.0,10.0,0.140943,197.51666666666668,3.248333333333333,7.1241666666666665
1622383228.0,338096000.0,37.813042,-122.449202,3.499403,0.879077,-0.476679,60.0,19.0,4.0,0.126768,1622383228.0,338180966.0,37.837123,-122.461882,6.361063,-0.160079,-0.987104,37.0,8.0,0.0,0.164942,1622383228.0,366864850.0,37.825056,-122.4654,11.925073,0.998943,0.045964,60.0,19.0,10.0,0.177028,1622383228.0,367694350.0,37.814101,-122.440776,8.579263,0.997768,0.066779,37.0,13.0,0.0,0.124227,1622383228.0,368052630.0,37.825091,-122.452786,11.266355,0.966654,0.256086,60.0,42.0,10.0,0.138942,197.51111111111112,3.2488888888888887,7.124444444444444
1622383229.0,338096000.0,37.813034,-122.449184,3.503441,0.884177,-0.467151,60.0,19.0,4.0,0.125143,1622383229.0,338180966.0,37.837094,-122.461888,6.372524,-0.158854,-0.987302,37.0,8.0,0.0,0.162591,1622383229.0,366864850.0,37.825059,-122.46533,11.897497,0.998931,0.046225,60.0,19.0,10.0,0.17436,1622383229.0,367694350.0,37.814104,-122.440726,8.568212,0.997649,0.068535,37.0,13.0,0.0,0.122144,1622383229.0,368052630.0,37.825104,-122.452722,11.269312,0.966701,0.255909,60.0,42.0,10.0,0.136941,197.5055555555556,3.2494444444444444,7.124722222222222
1622383230.0,338096000.0,37.813027,-122.449166,3.50784,0.889108,-0.457697,60.0,19.0,4.0,0.123511,1622383230.0,338180966.0,37.837065,-122.461894,6.383607,-0.157707,-0.987486,37.0,8.0,0.0,0.160237,1622383230.0,366864850.0,37.825061,-122.465261,11.870614,0.998919,0.046491,60.0,19.0,10.0,0.171698,1622383230.0,367694350.0,37.814106,-122.440676,8.556026,0.997541,0.070083,37.0,13.0,0.0,0.120064,1622383230.0,368052630.0,37.825118,-122.452658,11.272206,0.96675,0.255723,60.0,42.0,10.0,0.13494,197.5,3.25,7.125
1622383231.0,338096000.0,37.813019,-122.449148,3.512586,0.893873,-0.448321,60.0,19.0,4.0,0.121872,1622383231.0,338180966.0,37.837036,-122.4619,6.39431,-0.15664,-0.987656,37.0,8.0,0.0,0.157879,1622383231.0,366864850.0,37.825064,-122.465191,11.844422,0.998906,0.04676,60.0,19.0,10.0,0.169042,1622383231.0,367694350.0,37.814109,-122.440626,8.542699,0.997446,0.071424,37.0,13.0,0.0,0.117988,1622383231.0,368052630.0,37.825131,-122.452595,11.275037,0.966801,0.25553,60.0,42.0,10.0,0.132937,197.49444444444444,3.250555555555556,7.125277777777778
1622383232.0,338096000.0,37.813012,-122.449129,3.517663,0.898474,-0.439027,60.0,19.0,4.0,0.120225,1622383232.0,338180966.0,37.837007,-122.461906,6.404632,-0.15565,-0.987812,37.0,8.0,0.0,0.155517,1622383232.0,366864850.0,37.825067,-122.465122,11.818923,0.998893,0.047033,60.0,19.0,10.0,0.166392,1622383232.0,367694350.0,37.814112,-122.440576,8.528222,0.997364,0.072556,37.0,13.0,0.0,0.115915,1622383232.0,368052630.0,37.825144,-122.452531,11.277806,0.966854,0.255329,60.0,42.0,10.0,0.130935,197.48888888888888,3.251111111111112,7.125555555555556
1622383233.0,338096000.0,37.813005,-122.449111,3.523056,0.902915,-0.42982,60.0,19.0,4.0,0.118571,1622383233.0,338180966.0,37.836977,-122.461912,6.414571,-0.154738,-0.987956,37.0,8.0,0.0,0.153151,1622383233.0,366864850.0,37.825069,-122.465053,11.794117,0.99888,0.04731,60.0,19.0,10.0,0.163748,1622383233.0,367694350.0,37.814115,-122.440526,8.51259,0.997297,0.073478,37.0,13.0,0.0,0.113847,1622383233.0,368052630.0,37.825158,-122.452467,11.280511,0.966909,0.255121,60.0,42.0,10.0,0.128932,197.4833333333333,3.2516666666666665,7.1258333333333335
1622383234.0,338096000.0,37.812998,-122.449092,3.528753,0.907199,-0.420703,60.0,19.0,4.0,0.116911,1622383234.0,338180966.0,37.836948,-122.461917,6.424125,-0.153903,-0.988086,37.0,8.0,0.0,0.150783,1622383234.0,366864850.0,37.825072,-122.464984,11.770002,0.998867,0.047591,60.0,19.0,10.0,0.161109,1622383234.0,367694350.0,37.814118,-122.440477,8.495798,0.997244,0.074191,37.0,13.0,0.0,0.111783,1622383234.0,368052630.0,37.825171,-122.452403,11.283154,0.966966,0.254905,60.0,42.0,10.0,0.126928,197.4777777777778,3.252222222222222,7.126111111111111
1622383235.0,338096000.0,37.812991,-122.449073,3.534738,0.911329,-0.41168,60.0,19.0,4.0,0.115243,1622383235.0,338180966.0,37.836919,-122.461923,6.433295,-0.153145,-0.988204,37.0,8.0,0.0,0.148411,1622383235.0,366864850.0,37.825074,-122.464915,11.74658,0.998853,0.047876,60.0,19.0,10.0,0.158476,1622383235.0,367694350.0,37.814121,-122.440427,8.477841,0.997207,0.074693,37.0,13.0,0.0,0.109724,1622383235.0,368052630.0,37.825184,-122.452339,11.285734,0.967025,0.254681,60.0,42.0,10.0,0.124924,197.47222222222223,3.2527777777777778,7.126388888888889
1622383236.0,338096000.0,37.812984,-122.449055,3.540997,0.915308,-0.402754,60.0,19.0,4.0,0.113567,1622383236.0,338180966.0,37.836889,-122.461929,6.442077,-0.152463,-0.988309,37.0,8.0,0.0,0.146035,1622383236.0,366864850.0,37.825077,-122.464846,11.723851,0.998839,0.048165,60.0,19.0,10.0,0.155848,1622383236.0,367694350.0,37.814123,-122.440377,8.458717,0.997185,0.074984,37.0,13.0,0.0,0.10767,1622383236.0,368052630.0,37.825197,-122.452275,11.288251,0.967086,0.25445,60.0,42.0,10.0,0.122919,197.46666666666667,3.2533333333333334,7.126666666666667
1622383237.0,338096000.0,37.812978,-122.449036,3.547517,0.919141,-0.393928,60.0,19.0,4.0,0.111885,1622383237.0,338180966.0,37.83686,-122.461935,6.450472,-0.151857,-0.988402,37.0,8.0,0.0,0.143657,1622383237.0,366864850.0,37.82508,-122.464778,11.701814,0.998825,0.048458,60.0,19.0,10.0,0.153225,1622383237.0,367694350.0,37.814126,-122.440328,8.438425,0.997179,0.075061,37.0,13.0,0.0,0.105621,1622383237.0,368052630.0,37.825211,-122.452211,11.290705,0.967149,0.254211,60.0,42.0,10.0,0.120914,197.4611111111111,3.253888888888889,7.126944444444445
1622383238.0,338096000.0,37.812971,-122.449016,3.554284,0.922831,-0.385205,60.0,19.0,4.0,0.110196,1622383238.0,338180966.0,37.83683,-122.46194,6.458478,-0.151326,-0.988484,37.0,8.0,0.0,0.141276,1622383238.0,366864850.0,37.825082,-122.464709,11.680469,0.998811,0.048754,60.0,19.0,10.0,0.150606,1622383238.0,367694350.0,37.814129,-122.440279,8.416963,0.997189,0.074923,37.0,13.0,0.0,0.103578,1622383238.0,368052630.0,37.825224,-122.452147,11.293097,0.967213,0.253965,60.0,42.0,10.0,0.118908,197.45555555555555,3.2544444444444443,7.127222222222223
1622383239.0,338096000.0,37.812965,-122.448997,3.561284,0.926381,-0.376588,60.0,19.0,4.0,0.1085,1622383239.0,338180966.0,37.836801,-122.461946,6.466095,-0.150871,-0.988553,37.0,8.0,0.0,0.138893,1622383239.0,366864850.0,37.825085,-122.464641,11.659817,0.998796,0.049055,60.0,19.0,10.0,0.147993,1622383239.0,367694350.0,37.814132,-122.44023,8.394334,0.997216,0.074569,37.0,13.0,0.0,0.10154,1622383239.0,368052630.0,37.825237,-122.452083,11.295426,0.96728,0.253711,60.0,42.0,10.0,0.116902,197.45,3.255,7.1275
1622383240.0,338096000.0,37.812959,-122.448978,3.568505,0.929794,-0.36808,60.0,19.0,4.0,0.106796,1622383240.0,338180966.0,37.836771,-122.461952,6.473322,-0.15049,-0.988612,37.0,8.0,0.0,0.136506,1622383240.0,366864850.0,37.825087,-122.464573,11.639857,0.998781,0.049359,60.0,19.0,10.0,0.145384,1622383240.0,367694350.0,37.814135,-122.440181,8.370538,0.997258,0.073997,37.0,13.0,0.0,0.099509,1622383240.0,368052630.0,37.825251,-122.452019,11.297693,0.967349,0.253449,60.0,42.0,10.0,0.114895,197.44444444444449,3.2555555555555555,7.127777777777778
1622383241.0,338096000.0,37.812953,-122.448959,3.575933,0.933075,-0.359682,60.0,19.0,4.0,0.105086,1622383241.0,338180966.0,37.836742,-122.461958,6.480158,-0.150183,-0.988658,37.0,8.0,0.0,0.134118,1622383241.0,366864850.0,37.82509,-122.464505,11.62059,0.998766,0.049667,60.0,19.0,10.0,0.14278,1622383241.0,367694350.0,37.814138,-122.440132,8.345578,0.997317,0.073204,37.0,13.0,0.0,0.097483,1622383241.0,368052630.0,37.825264,-122.451955,11.299898,0.967419,0.25318,60.0,42.0,10.0,0.112888,197.4388888888889,3.256111111111111,7.128055555555555
1622383242.0,338096000.0,37.812947,-122.448939,3.583555,0.936227,-0.351396,60.0,19.0,4.0,0.103369,1622383242.0,338180966.0,37.836712,-122.461963,6.486604,-0.149951,-0.988693,37.0,8.0,0.0,0.131726,1622383242.0,366864850.0,37.825093,-122.464437,11.602016,0.99875,0.049978,60.0,19.0,10.0,0.14018,1622383242.0,367694350.0,37.814141,-122.440083,8.31946,0.997391,0.072189,37.0,13.0,0.0,0.095464,1622383242.0,368052630.0,37.825277,-122.451891,11.30204,0.967492,0.252903,60.0,42.0,10.0,0.11088,197.4333333333333,3.256666666666667,7.128333333333333
1622383243.0,338096000.0,37.812941,-122.448919,3.591359,0.939253,-0.343224,60.0,19.0,4.0,0.101645,1622383243.0,338180966.0,37.836682,-122.461969,6.492658,-0.149793,-0.988717,37.0,8.0,0.0,0.129333,1622383243.0,366864850.0,37.825095,-122.464369,11.584134,0.998734,0.050293,60.0,19.0,10.0,0.137585,1622383243.0,367694350.0,37.814144,-122.440034,8.292189,0.99748,0.070948,37.0,13.0,0.0,0.093452,1622383243.0,368052630.0,37.82529,-122.451827,11.30412,0.967566,0.252619,60.0,42.0,10.0,0.108872,197.42777777777772,3.2572222222222225,7.128611111111111
1622383244.0,338096000.0,37.812935,-122.4489,3.599333,0.942158,-0.335169,60.0,19.0,4.0,0.099914,1622383244.0,338180966.0,37.836653,-122.461975,6.49832,-0.149708,-0.98873,37.0,8.0,0.0,0.126937,1622383244.0,366864850.0,37.825098,-122.464301,11.566945,0.998718,0.050612,60.0,19.0,10.0,0.134993,1622383244.0,367694350.0,37.814146,-122.439986,8.263772,0.997583,0.069479,37.0,13.0,0.0,0.091447,1622383244.0,368052630.0,37.825303,-122.451763,11.306138,0.967642,0.252327,60.0,42.0,10.0,0.106864,197.42222222222225,3.2577777777777777,7.128888888888889
1622383245.0,338096000.0,37.81293,-122.44888,3.607463,0.944945,-0.32723,60.0,19.0,4.0,0.098176,1622383245.0,338180966.0,37.836623,-122.46198,6.503591,-0.149697,-0.988732,37.0,8.0,0.0,0.12454,1622383245.0,366864850.0,37.825101,-122.464233,11.550448,0.998702,0.050934,60.0,19.0,10.0,0.132405,1622383245.0,367694350.0,37.814149,-122.439938,8.234216,0.9977,0.067779,37.0,13.0,0.0,0.089449,1622383245.0,368052630.0,37.825317,-122.451699,11.308094,0.96772,0.252027,60.0,42.0,10.0,0.104855,197.41666666666663,3.2583333333333333,7.129166666666666
1622383246.0,338096000.0,37.812924,-122.44886,3.615739,0.947616,-0.319411,60.0,19.0,4.0,0.096431,1622383246.0,338180966.0,37.836593,-122.461986,6.50847,-0.149759,-0.988723,37.0,8.0,0.0,0.122141,1622383246.0,366864850.0,37.825104,-122.464166,11.534645,0.998685,0.05126,60.0,19.0,10.0,0.129821,1622383246.0,367694350.0,37.814152,-122.43989,8.203533,0.99783,0.065844,37.0,13.0,0.0,0.087459,1622383246.0,368052630.0,37.82533,-122.451635,11.309988,0.9678,0.25172,60.0,42.0,10.0,0.102846,197.4111111111111,3.258888888888889,7.129444444444444
1622383247.0,338096000.0,37.812919,-122.44884,3.624149,0.950177,-0.311711,60.0,19.0,4.0,0.09468,1622383247.0,338180966.0,37.836563,-122.461992,6.512957,-0.149894,-0.988702,37.0,8.0,0.0,0.119739,1622383247.0,366864850.0,37.825106,-122.464098,11.519534,0.998668,0.051589,60.0,19.0,10.0,0.127241,1622383247.0,367694350.0,37.814154,-122.439842,8.171731,0.997971,0.063671,37.0,13.0,0.0,0.085477,1622383247.0,368052630.0,37.825343,-122.451571,11.311821,0.967882,0.251405,60.0,42.0,10.0,0.100836,197.4055555555556,3.2594444444444446,7.129722222222222
1622383248.0,338096000.0,37.812914,-122.44882,3.632681,0.95263,-0.304132,60.0,19.0,4.0,0.092922,1622383248.0,338180966.0,37.836534,-122.461998,6.517053,-0.150102,-0.98867,37.0,8.0,0.0,0.117337,1622383248.0,366864850.0,37.825109,-122.464031,11.505116,0.998651,0.051922,60.0,19.0,10.0,0.124663,1622383248.0,367694350.0,37.814157,-122.439794,8.138825,0.998122,0.061257,37.0,13.0,0.0,0.083502,1622383248.0,368052630.0,37.825356,-122.451507,11.313591,0.967966,0.251083,60.0,42.0,10.0,0.098826,197.4,3.26,7.13
1622383249.0,338096000.0,37.812908,-122.448799,3.641324,0.954978,-0.296675,60.0,19.0,4.0,0.091158,1622383249.0,338180966.0,37.836504,-122.462003,6.520758,-0.150383,-0.988628,37.0,8.0,0.0,0.114933,1622383249.0,366864850.0,37.825112,-122.463964,11.49139,0.998634,0.052258,60.0,19.0,10.0,0.122089,1622383249.0,367694350.0,37.814159,-122.439746,8.104828,0.998282,0.058597,37.0,13.0,0.0,0.081535,1622383249.0,368052630.0,37.825369,-122.451443,11.315299,0.968051,0.250752,60.0,42.0,10.0,0.096816,197.39444444444445,3.2605555555555554,7.130277777777778
1622383250.0,338096000.0,37.812904,-122.448779,3.650067,0.957226,-0.28934,60.0,19.0,4.0,0.089386,1622383250.0,338180966.0,37.836474,-122.462009,6.524072,-0.150737,-0.988574,37.0,8.0,0.0,0.112527,1622383250.0,366864850.0,37.825115,-122.463896,11.478358,0.998616,0.052597,60.0,19.0,10.0,0.119519,1622383250.0,367694350.0,37.814161,-122.439699,8.069754,0.998448,0.055686,37.0,13.0,0.0,0.079578,1622383250.0,368052630.0,37.825382,-122.451378,11.316946,0.968139,0.250415,60.0,42.0,10.0,0.094805,197.38888888888889,3.261111111111111,7.130555555555556
1622383251.0,338096000.0,37.812899,-122.448758,3.6589,0.959377,-0.282128,60.0,19.0,4.0,0.087609,1622383251.0,338180966.0,37.836444,-122.462015,6.526996,-0.151164,-0.988509,37.0,8.0,0.0,0.11012,1622383251.0,366864850.0,37.825117,-122.463829,11.466019,0.998598,0.05294,60.0,19.0,10.0,0.116951,1622383251.0,367694350.0,37.814163,-122.439652,8.033622,0.99862,0.052521,37.0,13.0,0.0,0.077628,1622383251.0,368052630.0,37.825396,-122.451314,11.318532,0.968228,0.250069,60.0,42.0,10.0,0.092794,197.38333333333333,3.2616666666666667,7.130833333333333
1622383252.0,338096000.0,37.812894,-122.448738,3.667811,0.961433,-0.27504,60.0,19.0,4.0,0.085825,1622383252.0,338180966.0,37.836414,-122.462021,6.52953,-0.151663,-0.988432,37.0,8.0,0.0,0.107712,1622383252.0,366864850.0,37.82512,-122.463762,11.454372,0.998579,0.053286,60.0,19.0,10.0,0.114386,1622383252.0,367694350.0,37.814165,-122.439605,7.99645,0.998794,0.049096,37.0,13.0,0.0,0.075688,1622383252.0,368052630.0,37.825409,-122.45125,11.320056,0.968319,0.249716,60.0,42.0,10.0,0.090783,197.37777777777777,3.2622222222222224,7.131111111111111
1622383253.0,338096000.0,37.812889,-122.448717,3.676791,0.963398,-0.268074,60.0,19.0,4.0,0.084034,1622383253.0,338180966.0,37.836384,-122.462026,6.531675,-0.152235,-0.988344,37.0,8.0,0.0,0.105303,1622383253.0,366864850.0,37.825123,-122.463695,11.443419,0.998561,0.053635,60.0,19.0,10.0,0.111823,1622383253.0,367694350.0,37.814167,-122.439558,7.958257,0.998969,0.045407,37.0,13.0,0.0,0.073757,1622383253.0,368052630.0,37.825422,-122.451186,11.321519,0.968412,0.249356,60.0,42.0,10.0,0.088771,197.37222222222223,3.262777777777778,7.131388888888889
1622383254.0,338096000.0,37.812885,-122.448696,3.68583,0.965276,-0.261233,60.0,19.0,4.0,0.082237,1622383254.0,338180966.0,37.836354,-122.462032,6.533432,-0.15288,-0.988245,37.0,8.0,0.0,0.102894,1622383254.0,366864850.0,37.825126,-122.463628,11.433158,0.998542,0.053987,60.0,19.0,10.0,0.109263,1622383254.0,367694350.0,37.814169,-122.439511,7.919067,0.999141,0.041448,37.0,13.0,0.0,0.071835,1622383254.0,368052630.0,37.825435,-122.451122,11.32292,0.968507,0.248987,60.0,42.0,10.0,0.086759,197.36666666666667,3.263333333333333,7.131666666666667
1622383255.0,338096000.0,37.81288,-122.448676,3.694917,0.967069,-0.254516,60.0,19.0,4.0,0.080434,1622383255.0,338180966.0,37.836325,-122.462038,6.534803,-0.153597,-0.988134,37.0,8.0,0.0,0.100483,1622383255.0,366864850.0,37.825129,-122.463561,11.423591,0.998522,0.054342,60.0,19.0,10.0,0.106705,1622383255.0,367694350.0,37.81417,-122.439465,7.878903,0.999307,0.037213,37.0,13.0,0.0,0.069922,1622383255.0,368052630.0,37.825448,-122.451057,11.324261,0.968603,0.248611,60.0,42.0,10.0,0.084746,197.36111111111111,3.263888888888889,7.131944444444445
1622383256.0,338096000.0,37.812876,-122.448655,3.704043,0.96878,-0.247922,60.0,19.0,4.0,0.078624,1622383256.0,338180966.0,37.836295,-122.462044,6.535787,-0.154388,-0.98801,37.0,8.0,0.0,0.098072,1622383256.0,366864850.0,37.825132,-122.463494,11.414716,0.998503,0.054701,60.0,19.0,10.0,0.10415,1622383256.0,367694350.0,37.814171,-122.439419,7.83779,0.999465,0.032696,37.0,13.0,0.0,0.06802,1622383256.0,368052630.0,37.825461,-122.450993,11.32554,0.968702,0.248228,60.0,42.0,10.0,0.082733,197.35555555555555,3.2644444444444445,7.132222222222223
1622383257.0,338096000.0,37.812872,-122.448634,3.7132,0.970413,-0.241452,60.0,19.0,4.0,0.076809,1622383257.0,338180966.0,37.836265,-122.46205,6.536386,-0.155251,-0.987875,37.0,8.0,0.0,0.09566,1622383257.0,366864850.0,37.825134,-122.463428,11.406535,0.998483,0.055062,60.0,19.0,10.0,0.101596,1622383257.0,367694350.0,37.814173,-122.439373,7.795757,0.999611,0.027892,37.0,13.0,0.0,0.066127,1622383257.0,368052630.0,37.825474,-122.450929,11.326759,0.968802,0.247836,60.0,42.0,10.0,0.08072,197.35,3.265,7.1325
1622383258.0,338096000.0,37.812867,-122.448613,3.722377,0.97197,-0.235106,60.0,19.0,4.0,0.074987,1622383258.0,338180966.0,37.836235,-122.462056,6.536602,-0.156187,-0.987727,37.0,8.0,0.0,0.093248,1622383258.0,366864850.0,37.825137,-122.463361,11.399047,0.998463,0.055426,60.0,19.0,10.0,0.099044,1622383258.0,367694350.0,37.814174,-122.439327,7.752833,0.99974,0.022793,37.0,13.0,0.0,0.064244,1622383258.0,368052630.0,37.825487,-122.450865,11.327916,0.968904,0.247437,60.0,42.0,10.0,0.078707,197.34444444444443,3.265555555555556,7.132777777777778
1622383259.0,338096000.0,37.812863,-122.448591,3.731566,0.973454,-0.228883,60.0,19.0,4.0,0.073159,1622383259.0,338180966.0,37.836205,-122.462062,6.536436,-0.157196,-0.987567,37.0,8.0,0.0,0.090835,1622383259.0,366864850.0,37.82514,-122.463294,11.392252,0.998442,0.055793,60.0,19.0,10.0,0.096494,1622383259.0,367694350.0,37.814174,-122.439282,7.70905,0.999849,0.017394,37.0,13.0,0.0,0.062372,1622383259.0,368052630.0,37.8255,-122.4508,11.329013,0.969008,0.247031,60.0,42.0,10.0,0.076693,197.3388888888889,3.266111111111111,7.133055555555556
1622383260.0,338096000.0,37.812859,-122.44857,3.740759,0.974868,-0.222783,60.0,19.0,4.0,0.071326,1622383260.0,338180966.0,37.836175,-122.462068,6.535888,-0.158279,-0.987394,37.0,8.0,0.0,0.088423,1622383260.0,366864850.0,37.825143,-122.463228,11.38615,0.998422,0.056162,60.0,19.0,10.0,0.093946,1622383260.0,367694350.0,37.814175,-122.439237,7.664442,0.999932,0.011687,37.0,13.0,0.0,0.060511,1622383260.0,368052630.0,37.825513,-122.450736,11.33005,0.969113,0.246616,60.0,42.0,10.0,0.074679,197.3333333333333,3.2666666666666666,7.133333333333334
1622383261.0,338096000.0,37.812856,-122.448549,3.749947,0.976215,-0.216806,60.0,19.0,4.0,0.069486,1622383261.0,338180966.0,37.836145,-122.462074,6.534962,-0.159435,-0.987208,37.0,8.0,0.0,0.08601,1622383261.0,366864850.0,37.825146,-122.463161,11.380742,0.998401,0.056535,60.0,19.0,10.0,0.091399,1622383261.0,367694350.0,37.814175,-122.439192,7.619047,0.999984,0.005664,37.0,13.0,0.0,0.05866,1622383261.0,368052630.0,37.825526,-122.450672,11.331026,0.969221,0.246194,60.0,42.0,10.0,0.072665,197.32777777777773,3.2672222222222222,7.133611111111111
1622383262.0,338096000.0,37.812852,-122.448527,3.759121,0.977497,-0.210951,60.0,19.0,4.0,0.06764,1622383262.0,338180966.0,37.836116,-122.46208,6.533658,-0.160665,-0.987009,37.0,8.0,0.0,0.083598,1622383262.0,366864850.0,37.825149,-122.463095,11.376027,0.998379,0.05691,60.0,19.0,10.0,0.088853,1622383262.0,367694350.0,37.814176,-122.439147,7.572903,1.0,-0.000682,37.0,13.0,0.0,0.05682,1622383262.0,368052630.0,37.825539,-122.450607,11.331941,0.96933,0.245764,60.0,42.0,10.0,0.07065,197.32222222222225,3.267777777777778,7.1338888888888885
1622383263.0,338096000.0,37.812848,-122.448506,3.768274,0.978716,-0.205218,60.0,19.0,4.0,0.065789,1622383263.0,338180966.0,37.836086,-122.462086,6.531979,-0.161968,-0.986796,37.0,8.0,0.0,0.081185,1622383263.0,366864850.0,37.825152,-122.463028,11.372005,0.998358,0.057287,60.0,19.0,10.0,0.086308,1622383263.0,367694350.0,37.814176,-122.439103,7.526052,0.999973,-0.007358,37.0,13.0,0.0,0.054991,1622383263.0,368052630.0,37.825551,-122.450543,11.332797,0.96944,0.245327,60.0,42.0,10.0,0.068636,197.31666666666663,3.268333333333333,7.134166666666666
1622383264.0,338096000.0,37.812845,-122.448484,3.777399,0.979876,-0.199605,60.0,19.0,4.0,0.063932,1622383264.0,338180966.0,37.836056,-122.462092,6.529926,-0.163346,-0.986569,37.0,8.0,0.0,0.078773,1622383264.0,366864850.0,37.825155,-122.462962,11.368677,0.998336,0.057667,60.0,19.0,10.0,0.083764,1622383264.0,367694350.0,37.814175,-122.439059,7.478538,0.999897,-0.014373,37.0,13.0,0.0,0.053173,1622383264.0,368052630.0,37.825564,-122.450479,11.333592,0.969553,0.244882,60.0,42.0,10.0,0.066621,197.3111111111111,3.2688888888888887,7.134444444444444
1622383265.0,338096000.0,37.812841,-122.448463,3.786486,0.980979,-0.194113,60.0,19.0,4.0,0.06207,1622383265.0,338180966.0,37.836026,-122.462099,6.527501,-0.164797,-0.986327,37.0,8.0,0.0,0.076361,1622383265.0,366864850.0,37.825158,-122.462895,11.366041,0.998314,0.05805,60.0,19.0,10.0,0.081221,1622383265.0,367694350.0,37.814175,-122.439015,7.430409,0.999764,-0.021735,37.0,13.0,0.0,0.051367,1622383265.0,368052630.0,37.825577,-122.450414,11.334327,0.969667,0.244429,60.0,42.0,10.0,0.064606,197.3055555555556,3.2694444444444444,7.134722222222222
1622383266.0,338096000.0,37.812838,-122.448441,3.79553,0.982027,-0.188741,60.0,19.0,4.0,0.060201,1622383266.0,338180966.0,37.835996,-122.462105,6.524707,-0.166324,-0.986071,37.0,8.0,0.0,0.07395,1622383266.0,366864850.0,37.825161,-122.462829,11.3641,0.998291,0.058435,60.0,19.0,10.0,0.078678,1622383266.0,367694350.0,37.814174,-122.438972,7.381714,0.999566,-0.029452,37.0,13.0,0.0,0.049572,1622383266.0,368052630.0,37.82559,-122.45035,11.335015,0.969783,0.24397,60.0,42.0,10.0,0.06259,197.3,3.27,7.135
1622383267.0,338096000.0,37.812834,-122.448419,3.804523,0.983022,-0.183488,60.0,19.0,4.0,0.058328,1622383267.0,338180966.0,37.835967,-122.462111,6.521546,-0.167925,-0.9858,37.0,8.0,0.0,0.07154,1622383267.0,366864850.0,37.825164,-122.462762,11.362851,0.998268,0.058822,60.0,19.0,10.0,0.076136,1622383267.0,367694350.0,37.814173,-122.438928,7.332507,0.999295,-0.037533,37.0,13.0,0.0,0.047789,1622383267.0,368052630.0,37.825603,-122.450286,11.335702,0.969898,0.24351,60.0,42.0,10.0,0.060574,197.29444444444445,3.270555555555556,7.135277777777778
1622383268.0,338096000.0,37.812831,-122.448397,3.813458,0.983967,-0.178353,60.0,19.0,4.0,0.056449,1622383268.0,338180966.0,37.835937,-122.462118,6.51802,-0.169602,-0.985513,37.0,8.0,0.0,0.06913,1622383268.0,366864850.0,37.825167,-122.462696,11.362297,0.998245,0.059212,60.0,19.0,10.0,0.073595,1622383268.0,367694350.0,37.814172,-122.438886,7.282844,0.998942,-0.045986,37.0,13.0,0.0,0.046018,1622383268.0,368052630.0,37.825616,-122.450221,11.336401,0.970013,0.243051,60.0,42.0,10.0,0.058559,197.2888888888889,3.271111111111112,7.135555555555555
1622383269.0,338096000.0,37.812828,-122.448375,3.822329,0.984863,-0.173336,60.0,19.0,4.0,0.054565,1622383269.0,338180966.0,37.835907,-122.462124,6.514132,-0.171354,-0.98521,37.0,8.0,0.0,0.066721,1622383269.0,366864850.0,37.825171,-122.462629,11.362435,0.998222,0.059603,60.0,19.0,10.0,0.071053,1622383269.0,367694350.0,37.81417,-122.438843,7.232786,0.998496,-0.054821,37.0,13.0,0.0,0.044258,1622383269.0,368052630.0,37.825628,-122.450157,11.337112,0.970128,0.242594,60.0,42.0,10.0,0.056543,197.28333333333333,3.2716666666666665,7.135833333333333
1622383270.0,338096000.0,37.812825,-122.448353,3.831129,0.985713,-0.168435,60.0,19.0,4.0,0.052675,1622383270.0,338180966.0,37.835877,-122.462131,6.509884,-0.173182,-0.98489,37.0,8.0,0.0,0.064313,1622383270.0,366864850.0,37.825174,-122.462563,11.363267,0.998199,0.059997,60.0,19.0,10.0,0.068511,1622383270.0,367694350.0,37.814168,-122.438801,7.182395,0.997947,-0.064047,37.0,13.0,0.0,0.042511,1622383270.0,368052630.0,37.825641,-122.450092,11.337834,0.970242,0.242137,60.0,42.0,10.0,0.054526,197.27777777777777,3.272222222222222,7.136111111111111
1622383271.0,338096000.0,37.812822,-122.448331,3.839851,0.986518,-0.163651,60.0,19.0,4.0,0.05078,1622383271.0,338180966.0,37.835848,-122.462137,6.50528,-0.175086,-0.984553,37.0,8.0,0.0,0.061906,1622383271.0,366864850.0,37.825177,-122.462496,11.364793,0.998175,0.060393,60.0,19.0,10.0,0.065969,1622383271.0,367694350.0,37.814166,-122.438759,7.131739,0.997283,-0.073671,37.0,13.0,0.0,0.040776,1622383271.0,368052630.0,37.825654,-122.450028,11.338568,0.970356,0.241681,60.0,42.0,10.0,0.05251,197.2722222222222,3.272777777777778,7.136388888888889
1622383272.0,338096000.0,37.812819,-122.448309,3.848489,0.987282,-0.158981,60.0,19.0,4.0,0.048881,1622383272.0,338180966.0,37.835818,-122.462144,6.500322,-0.177067,-0.984199,37.0,8.0,0.0,0.0595,1622383272.0,366864850.0,37.82518,-122.46243,11.366817,0.998151,0.060788,60.0,19.0,10.0,0.063427,1622383272.0,367694350.0,37.814164,-122.438717,7.08089,0.996491,-0.083704,37.0,13.0,0.0,0.039053,1622383272.0,368052630.0,37.825666,-122.449964,11.339314,0.970469,0.241227,60.0,42.0,10.0,0.050493,197.26666666666668,3.273333333333333,7.136666666666667
1622383273.0,338096000.0,37.812816,-122.448287,3.857038,0.988004,-0.154427,60.0,19.0,4.0,0.046976,1622383273.0,338180966.0,37.835788,-122.462151,6.495012,-0.179125,-0.983826,37.0,8.0,0.0,0.057095,1622383273.0,366864850.0,37.825183,-122.462364,11.368554,0.998127,0.061174,60.0,19.0,10.0,0.060885,1622383273.0,367694350.0,37.814161,-122.438676,7.029921,0.995558,-0.094153,37.0,13.0,0.0,0.037342,1622383273.0,368052630.0,37.825679,-122.449899,11.340071,0.970581,0.240773,60.0,42.0,10.0,0.048476,197.26111111111112,3.273888888888889,7.1369444444444445
1622383274.0,338096000.0,37.812813,-122.448264,3.865491,0.988688,-0.149985,60.0,19.0,4.0,0.045066,1622383274.0,338180966.0,37.835759,-122.462157,6.489356,-0.18126,-0.983435,37.0,8.0,0.0,0.054692,1622383274.0,366864850.0,37.825186,-122.462297,11.369811,0.998104,0.061548,60.0,19.0,10.0,0.058342,1622383274.0,367694350.0,37.814158,-122.438635,6.978912,0.994469,-0.105028,37.0,13.0,0.0,0.035644,1622383274.0,368052630.0,37.825692,-122.449835,11.34084,0.970694,0.240321,60.0,42.0,10.0,0.046459,197.2555555555556,3.2744444444444443,7.137222222222222
1622383275.0,338096000.0,37.812811,-122.448242,3.873844,0.989335,-0.145656,60.0,19.0,4.0,0.043152,1622383275.0,338180966.0,37.835729,-122.462164,6.483354,-0.183474,-0.983025,37.0,8.0,0.0,0.05229,1622383275.0,366864850.0,37.82519,-122.462231,11.370585,0.998082,0.06191,60.0,19.0,10.0,0.055799,1622383275.0,367694350.0,37.814155,-122.438594,6.927947,0.99321,-0.116336,37.0,13.0,0.0,0.033959,1622383275.0,368052630.0,37.825704,-122.44977,11.341621,0.970805,0.239869,60.0,42.0,10.0,0.044442,197.25,3.275,7.1375
1622383276.0,338096000.0,37.812808,-122.448219,3.88209,0.989947,-0.141439,60.0,19.0,4.0,0.041233,1622383276.0,338180966.0,37.8357,-122.462171,6.477012,-0.185766,-0.982594,37.0,8.0,0.0,0.04989,1622383276.0,366864850.0,37.825193,-122.462164,11.370878,0.99806,0.062261,60.0,19.0,10.0,0.053255,1622383276.0,367694350.0,37.814151,-122.438554,6.877113,0.991763,-0.128085,37.0,13.0,0.0,0.032285,1622383276.0,368052630.0,37.825717,-122.449706,11.342413,0.970917,0.239418,60.0,42.0,10.0,0.042424,197.24444444444444,3.275555555555556,7.137777777777778
1622383277.0,338096000.0,37.812806,-122.448197,3.890224,0.990525,-0.137333,60.0,19.0,4.0,0.039309,1622383277.0,338180966.0,37.83567,-122.462178,6.470333,-0.188137,-0.982143,37.0,8.0,0.0,0.047491,1622383277.0,366864850.0,37.825196,-122.462098,11.370689,0.998039,0.0626,60.0,19.0,10.0,0.050712,1622383277.0,367694350.0,37.814147,-122.438514,6.826504,0.990112,-0.140282,37.0,13.0,0.0,0.030625,1622383277.0,368052630.0,37.825729,-122.449641,11.343217,0.971027,0.238969,60.0,42.0,10.0,0.040406,197.23888888888888,3.276111111111111,7.138055555555556
1622383278.0,338096000.0,37.812803,-122.448174,3.898242,0.991071,-0.133337,60.0,19.0,4.0,0.03738,1622383278.0,338180966.0,37.835641,-122.462186,6.46332,-0.190587,-0.98167,37.0,8.0,0.0,0.045095,1622383278.0,366864850.0,37.825199,-122.462031,11.370017,0.998018,0.062927,60.0,19.0,10.0,0.048169,1622383278.0,367694350.0,37.814142,-122.438474,6.776218,0.988236,-0.152934,37.0,13.0,0.0,0.028977,1622383278.0,368052630.0,37.825742,-122.449577,11.344032,0.971138,0.23852,60.0,42.0,10.0,0.038388,197.2333333333333,3.276666666666667,7.138333333333334
1622383279.0,338096000.0,37.812801,-122.448152,3.906138,0.991586,-0.12945,60.0,19.0,4.0,0.035448,1622383279.0,338180966.0,37.835612,-122.462193,6.455977,-0.193117,-0.981176,37.0,8.0,0.0,0.0427,1622383279.0,366864850.0,37.825203,-122.461965,11.368863,0.997998,0.063243,60.0,19.0,10.0,0.045625,1622383279.0,367694350.0,37.814138,-122.438435,6.726355,0.986118,-0.166047,37.0,13.0,0.0,0.027342,1622383279.0,368052630.0,37.825755,-122.449512,11.344859,0.971247,0.238073,60.0,42.0,10.0,0.03637,197.2277777777778,3.277222222222222,7.138611111111112
1622383280.0,338096000.0,37.812798,-122.448129,3.913908,0.992072,-0.125671,60.0,19.0,4.0,0.03351,1622383280.0,338180966.0,37.835582,-122.4622,6.448308,-0.195728,-0.980658,37.0,8.0,0.0,0.040307,1622383280.0,366864850.0,37.825206,-122.461898,11.367227,0.997979,0.063547,60.0,19.0,10.0,0.043083,1622383280.0,367694350.0,37.814133,-122.438396,6.677025,0.983735,-0.179626,37.0,13.0,0.0,0.025719,1622383280.0,368052630.0,37.825767,-122.449448,11.345697,0.971357,0.237626,60.0,42.0,10.0,0.034352,197.22222222222223,3.2777777777777777,7.138888888888889
1622383281.0,338096000.0,37.812796,-122.448106,3.921547,0.99253,-0.122,60.0,19.0,4.0,0.031569,1622383281.0,338180966.0,37.835553,-122.462207,6.440318,-0.19842,-0.980117,37.0,8.0,0.0,0.037915,1622383281.0,366864850.0,37.825209,-122.461832,11.365109,0.99796,0.06384,60.0,19.0,10.0,0.04054,1622383281.0,367694350.0,37.814127,-122.438358,6.62834,0.981066,-0.193675,37.0,13.0,0.0,0.024109,1622383281.0,368052630.0,37.825779,-122.449383,11.346547,0.971466,0.23718,60.0,42.0,10.0,0.032333,197.21666666666667,3.2783333333333333,7.139166666666666
1622383282.0,338096000.0,37.812794,-122.448083,3.92905,0.992962,-0.118435,60.0,19.0,4.0,0.029623,1622383282.0,338180966.0,37.835524,-122.462215,6.43201,-0.201194,-0.979551,37.0,8.0,0.0,0.035527,1622383282.0,366864850.0,37.825213,-122.461765,11.362507,0.997942,0.064122,60.0,19.0,10.0,0.037998,1622383282.0,367694350.0,37.814121,-122.43832,6.580419,0.978087,-0.208196,37.0,13.0,0.0,0.022511,1622383282.0,368052630.0,37.825792,-122.449318,11.347409,0.971574,0.236736,60.0,42.0,10.0,0.030314,197.2111111111111,3.278888888888889,7.139444444444444
1622383283.0,338096000.0,37.812792,-122.448061,3.936413,0.993368,-0.114976,60.0,19.0,4.0,0.027673,1622383283.0,338180966.0,37.835495,-122.462222,6.423389,-0.20405,-0.978961,37.0,8.0,0.0,0.03314,1622383283.0,366864850.0,37.825216,-122.461699,11.359423,0.997925,0.064392,60.0,19.0,10.0,0.035457,1622383283.0,367694350.0,37.814115,-122.438282,6.533383,0.974775,-0.22319,37.0,13.0,0.0,0.020927,1622383283.0,368052630.0,37.825804,-122.449254,11.348282,0.971682,0.236292,60.0,42.0,10.0,0.028295,197.20555555555555,3.2794444444444446,7.139722222222222
1622383284.0,338096000.0,37.81279,-122.448038,3.943633,0.993751,-0.111621,60.0,19.0,4.0,0.02572,1622383284.0,338180966.0,37.835466,-122.46223,6.41446,-0.206988,-0.978343,37.0,8.0,0.0,0.030755,1622383284.0,366864850.0,37.82522,-122.461633,11.355856,0.997908,0.06465,60.0,19.0,10.0,0.032916,1622383284.0,367694350.0,37.814108,-122.438245,6.487364,0.971104,-0.238657,37.0,13.0,0.0,0.019354,1622383284.0,368052630.0,37.825817,-122.449189,11.349166,0.971789,0.23585,60.0,42.0,10.0,0.026275,197.2,3.28,7.14
1622383285.0,338096000.0,37.812788,-122.448015,3.950704,0.994111,-0.108371,60.0,19.0,4.0,0.023762,1622383285.0,338180966.0,37.835437,-122.462238,6.405228,-0.21001,-0.977699,37.0,8.0,0.0,0.028373,1622383285.0,366864850.0,37.825223,-122.461566,11.351806,0.997892,0.064897,60.0,19.0,10.0,0.030376,1622383285.0,367694350.0,37.814101,-122.438208,6.442493,0.967048,-0.254594,37.0,13.0,0.0,0.017794,1622383285.0,368052630.0,37.825829,-122.449125,11.350062,0.971897,0.235409,60.0,42.0,10.0,0.024256,197.19444444444449,3.2805555555555554,7.1402777777777775
1622383286.0,338096000.0,37.812786,-122.447992,3.957624,0.994449,-0.105224,60.0,19.0,4.0,0.0218,1622383286.0,338180966.0,37.835408,-122.462246,6.395697,-0.213116,-0.977027,37.0,8.0,0.0,0.025994,1622383286.0,366864850.0,37.825226,-122.4615,11.347273,0.997877,0.065133,60.0,19.0,10.0,0.027837,1622383286.0,367694350.0,37.814093,-122.438171,6.398913,0.96258,-0.270996,37.0,13.0,0.0,0.016247,1622383286.0,368052630.0,37.825842,-122.44906,11.350969,0.972003,0.234968,60.0,42.0,10.0,0.022236,197.1888888888889,3.281111111111111,7.140555555555555
1622383287.0,338096000.0,37.812784,-122.447969,3.964388,0.994766,-0.102179,60.0,19.0,4.0,0.019835,1622383287.0,338180966.0,37.835379,-122.462254,6.385873,-0.216307,-0.976325,37.0,8.0,0.0,0.023616,1622383287.0,366864850.0,37.82523,-122.461434,11.342257,0.997862,0.065358,60.0,19.0,10.0,0.025299,1622383287.0,367694350.0,37.814085,-122.438135,6.356766,0.957673,-0.287857,37.0,13.0,0.0,0.014712,1622383287.0,368052630.0,37.825854,-122.448995,11.351888,0.972109,0.234529,60.0,42.0,10.0,0.020215,197.1833333333333,3.2816666666666667,7.140833333333333
1622383288.0,338096000.0,37.812782,-122.447946,3.970994,0.995064,-0.099236,60.0,19.0,4.0,0.017866,1622383288.0,338180966.0,37.83535,-122.462262,6.375761,-0.219583,-0.975594,37.0,8.0,0.0,0.021242,1622383288.0,366864850.0,37.825233,-122.461367,11.336758,0.997848,0.065571,60.0,19.0,10.0,0.022762,1622383288.0,367694350.0,37.814077,-122.4381,6.316205,0.952299,-0.305167,37.0,13.0,0.0,0.013189,1622383288.0,368052630.0,37.825866,-122.448931,11.352818,0.972215,0.23409,60.0,42.0,10.0,0.018195,197.17777777777772,3.2822222222222224,7.141111111111111
1622383289.0,338096000.0,37.81278,-122.447922,3.977436,0.995343,-0.096394,60.0,19.0,4.0,0.015894,1622383289.0,338180966.0,37.835321,-122.46227,6.365366,-0.222945,-0.974831,37.0,8.0,0.0,0.01887,1622383289.0,366864850.0,37.825237,-122.461301,11.330775,0.997835,0.065773,60.0,19.0,10.0,0.020227,1622383289.0,367694350.0,37.814068,-122.438064,6.277382,0.946428,-0.322914,37.0,13.0,0.0,0.011678,1622383289.0,368052630.0,37.825878,-122.448866,11.35376,0.97232,0.233653,60.0,42.0,10.0,0.016174,197.17222222222225,3.2827777777777776,7.141388888888889
1622383290.0,338096000.0,37.812778,-122.447899,3.983713,0.995605,-0.093652,60.0,19.0,4.0,0.013918,1622383290.0,338180966.0,37.835292,-122.462278,6.354694,-0.226394,-0.974036,37.0,8.0,0.0,0.016501,1622383290.0,366864850.0,37.82524,-122.461235,11.324309,0.997822,0.065964,60.0,19.0,10.0,0.017693,1622383290.0,367694350.0,37.814058,-122.438029,6.240459,0.940033,-0.341082,37.0,13.0,0.0,0.010178,1622383290.0,368052630.0,37.825891,-122.448801,11.354712,0.972425,0.233217,60.0,42.0,10.0,0.014153,197.16666666666663,3.283333333333333,7.141666666666667
1622383291.0,338096000.0,37.812776,-122.447876,3.989821,0.99585,-0.091009,60.0,19.0,4.0,0.011939,1622383291.0,338180966.0,37.835264,-122.462287,6.34375,-0.22993,-0.973207,37.0,8.0,0.0,0.014135,1622383291.0,366864850.0,37.825244,-122.461169,11.31736,0.99781,0.066143,60.0,19.0,10.0,0.01516,1622383291.0,367694350.0,37.814049,-122.437995,6.2056,0.933086,-0.359653,37.0,13.0,0.0,0.008691,1622383291.0,368052630.0,37.825903,-122.448737,11.355677,0.972529,0.232781,60.0,42.0,10.0,0.012132,197.1611111111111,3.283888888888889,7.141944444444444
1622383292.0,338096000.0,37.812775,-122.447853,3.995757,0.996079,-0.088465,60.0,19.0,4.0,0.009957,1622383292.0,338180966.0,37.835235,-122.462295,6.332542,-0.233555,-0.972344,37.0,8.0,0.0,0.011771,1622383292.0,366864850.0,37.825247,-122.461102,11.309927,0.997799,0.066311,60.0,19.0,10.0,0.012629,1622383292.0,367694350.0,37.814038,-122.437961,6.172973,0.925559,-0.378604,37.0,13.0,0.0,0.007215,1622383292.0,368052630.0,37.825915,-122.448672,11.356652,0.972633,0.232347,60.0,42.0,10.0,0.010111,197.1555555555556,3.2844444444444445,7.142222222222222
1622383293.0,338096000.0,37.812773,-122.447829,4.001518,0.996294,-0.086019,60.0,19.0,4.0,0.007971,1622383293.0,338180966.0,37.835207,-122.462304,6.321075,-0.237268,-0.971444,37.0,8.0,0.0,0.009411,1622383293.0,366864850.0,37.82525,-122.461036,11.30201,0.997789,0.066468,60.0,19.0,10.0,0.010099,1622383293.0,367694350.0,37.814027,-122.437928,6.142749,0.917425,-0.39791,37.0,13.0,0.0,0.00575,1622383293.0,368052630.0,37.825927,-122.448607,11.357639,0.972736,0.231914,60.0,42.0,10.0,0.008089,197.15,3.285,7.1425
1622383294.0,338096000.0,37.812772,-122.447806,4.007101,0.996494,-0.083669,60.0,19.0,4.0,0.005983,1622383294.0,338180966.0,37.835178,-122.462313,6.309355,-0.24107,-0.970508,37.0,8.0,0.0,0.007053,1622383294.0,366864850.0,37.825254,-122.46097,11.29361,0.997779,0.066613,60.0,19.0,10.0,0.007571,1622383294.0,367694350.0,37.814016,-122.437895,6.115104,0.908658,-0.417541,37.0,13.0,0.0,0.004297,1622383294.0,368052630.0,37.82594,-122.448543,11.358637,0.972839,0.231482,60.0,42.0,10.0,0.006067,197.14444444444445,3.285555555555556,7.142777777777778
1622383295.0,338096000.0,37.81277,-122.447783,4.012504,0.99668,-0.081417,60.0,19.0,4.0,0.003991,1622383295.0,338180966.0,37.83515,-122.462322,6.297389,-0.244963,-0.969533,37.0,8.0,0.0,0.004699,1622383295.0,366864850.0,37.825257,-122.460904,11.284725,0.99777,0.066748,60.0,19.0,10.0,0.005046,1622383295.0,367694350.0,37.814004,-122.437862,6.090214,0.899236,-0.437464,37.0,13.0,0.0,0.002854,1622383295.0,368052630.0,37.825952,-122.448478,11.359647,0.972942,0.231051,60.0,42.0,10.0,0.004045,197.13888888888889,3.286111111111111,7.143055555555556
1622383296.0,338096000.0,37.812769,-122.447759,4.017724,0.996854,-0.07926,60.0,19.0,4.0,0.001997,1622383296.0,338180966.0,37.835122,-122.462331,6.285183,-0.248946,-0.968517,37.0,8.0,0.0,0.002348,1622383296.0,366864850.0,37.825261,-122.460838,11.275358,0.997762,0.06687,60.0,19.0,10.0,0.002522,1622383296.0,367694350.0,37.813992,-122.43783,6.068259,0.889137,-0.457642,37.0,13.0,0.0,0.001422,1622383296.0,368052630.0,37.825964,-122.448413,11.360667,0.973044,0.23062,60.0,42.0,10.0,0.002023,197.13333333333333,3.286666666666666,7.1433333333333335
1622383297.0,338096000.0,37.812767,-122.447736,4.017724,0.996854,-0.07926,60.0,19.0,4.0,0.0,1622383297.0,338180966.0,37.835094,-122.46234,6.285183,-0.248946,-0.968517,37.0,8.0,0.0,0.0,1622383297.0,366864850.0,37.825264,-122.460772,11.275358,0.997762,0.06687,60.0,19.0,10.0,0.0,1622383297.0,367694350.0,37.813979,-122.437799,6.068259,0.889137,-0.457642,37.0,13.0,0.0,0.0,1622383297.0,368052630.0,37.825976,-122.448349,11.360667,0.973044,0.23062,60.0,42.0,10.0,0.0,197.12777777777777,3.2872222222222223,7.143611111111111
