Timestamp,MMSI,Latitude,Longitude,Speed,Course-sin,Course-cos,Length,Width,Vesseltype,Distance,Timestamp,MMSI,Latitude,Longitude,Speed,Course-sin,Course-cos,Length,Width,Vesseltype,Distance,WindDirection,WindSpeed,Visibility
1628845421.0,338404000.0,37.834606,-122.457123,7.51266,0.550404,-0.834898,36.0,26.0,4.0,1.0,1628845421.0,368084240.0,37.83335,-122.43781,10.94085,-0.953368,-0.30181,52.0,34.0,10.0,1.0,286.43888888888887,6.465833333333333,10.0
1628845422.0,338404000.0,37.834577,-122.457099,7.518634,0.5513,-0.834307,36.0,26.0,4.0,0.998399,1628845422.0,368084240.0,37.833335,-122.437871,10.94369,-0.952585,-0.304272,52.0,34.0,10.0,0.998159,286.43333333333334,6.465,10.0
1628845423.0,338404000.0,37.834548,-122.457075,7.524956,0.552189,-0.833719,36.0,26.0,4.0,0.996796,1628845423.0,368084240.0,37.833319,-122.437932,10.94657,-0.951807,-0.306698,52.0,34.0,10.0,0.996318,286.4277777777778,6.464166666666666,10.0
1628845424.0,338404000.0,37.834519,-122.45705,7.531627,0.553069,-0.833135,36.0,26.0,4.0,0.995191,1628845424.0,368084240.0,37.833304,-122.437993,10.949489,-0.951033,-0.309089,52.0,34.0,10.0,0.994477,286.4222222222222,6.463333333333333,10.0
1628845425.0,338404000.0,37.83449,-122.457026,7.538646,0.553942,-0.832555,36.0,26.0,4.0,0.993584,1628845425.0,368084240.0,37.833288,-122.438054,10.952442,-0.950264,-0.311445,52.0,34.0,10.0,0.992636,286.4166666666667,6.4625,10.0
1628845426.0,338404000.0,37.834461,-122.457001,7.546014,0.554806,-0.83198,36.0,26.0,4.0,0.991975,1628845426.0,368084240.0,37.833272,-122.438115,10.955428,-0.9495,-0.313767,52.0,34.0,10.0,0.990795,286.4111111111111,6.461666666666667,10.0
1628845427.0,338404000.0,37.834432,-122.456977,7.55373,0.555663,-0.831408,36.0,26.0,4.0,0.990364,1628845427.0,368084240.0,37.833256,-122.438176,10.958444,-0.948741,-0.316054,52.0,34.0,10.0,0.988954,286.4055555555556,6.460833333333333,10.0
1628845428.0,338404000.0,37.834403,-122.456952,7.561794,0.556511,-0.83084,36.0,26.0,4.0,0.98875,1628845428.0,368084240.0,37.83324,-122.438237,10.961487,-0.947988,-0.318307,52.0,34.0,10.0,0.987113,286.4,6.46,10.0
1628845429.0,338404000.0,37.834374,-122.456928,7.570206,0.55735,-0.830277,36.0,26.0,4.0,0.987134,1628845429.0,368084240.0,37.833224,-122.438298,10.964554,-0.94724,-0.320525,52.0,34.0,10.0,0.985272,286.39444444444445,6.4591666666666665,10.0
1628845430.0,338404000.0,37.834345,-122.456903,7.578966,0.558182,-0.829719,36.0,26.0,4.0,0.985515,1628845430.0,368084240.0,37.833208,-122.438359,10.967643,-0.946498,-0.322709,52.0,34.0,10.0,0.983431,286.3888888888889,6.458333333333333,10.0
1628845431.0,338404000.0,37.834316,-122.456878,7.588073,0.559005,-0.829164,36.0,26.0,4.0,0.983894,1628845431.0,368084240.0,37.833192,-122.43842,10.970751,-0.945763,-0.324858,52.0,34.0,10.0,0.981589,286.3833333333333,6.4575,10.0
1628845432.0,338404000.0,37.834287,-122.456853,7.597528,0.559819,-0.828615,36.0,26.0,4.0,0.98227,1628845432.0,368084240.0,37.833175,-122.43848,10.973876,-0.945033,-0.326974,52.0,34.0,10.0,0.979748,286.3777777777778,6.456666666666667,10.0
1628845433.0,338404000.0,37.834258,-122.456828,7.607329,0.560625,-0.82807,36.0,26.0,4.0,0.980644,1628845433.0,368084240.0,37.833159,-122.438541,10.977015,-0.944311,-0.329055,52.0,34.0,10.0,0.977906,286.3722222222222,6.4558333333333335,10.0
1628845434.0,338404000.0,37.834229,-122.456803,7.617477,0.561422,-0.82753,36.0,26.0,4.0,0.979015,1628845434.0,368084240.0,37.833142,-122.438602,10.980166,-0.943595,-0.331102,52.0,34.0,10.0,0.976065,286.3666666666667,6.455,10.0
1628845435.0,338404000.0,37.834199,-122.456778,7.627973,0.562211,-0.826994,36.0,26.0,4.0,0.977383,1628845435.0,368084240.0,37.833125,-122.438662,10.983326,-0.942886,-0.333116,52.0,34.0,10.0,0.974223,286.3611111111111,6.454166666666667,10.0
1628845436.0,338404000.0,37.83417,-122.456753,7.638814,0.56299,-0.826464,36.0,26.0,4.0,0.975748,1628845436.0,368084240.0,37.833108,-122.438723,10.986494,-0.942184,-0.335095,52.0,34.0,10.0,0.972382,286.35555555555555,6.453333333333333,10.0
1628845437.0,338404000.0,37.834141,-122.456728,7.650002,0.563761,-0.825938,36.0,26.0,4.0,0.974111,1628845437.0,368084240.0,37.833091,-122.438784,10.989666,-0.94149,-0.337041,52.0,34.0,10.0,0.97054,286.35,6.4525,10.0
1628845438.0,338404000.0,37.834112,-122.456703,7.661536,0.564523,-0.825417,36.0,26.0,4.0,0.97247,1628845438.0,368084240.0,37.833074,-122.438844,10.99284,-0.940803,-0.338954,52.0,34.0,10.0,0.968698,286.34444444444443,6.451666666666666,10.0
1628845439.0,338404000.0,37.834083,-122.456677,7.673416,0.565276,-0.824902,36.0,26.0,4.0,0.970826,1628845439.0,368084240.0,37.833057,-122.438905,10.996014,-0.940124,-0.340833,52.0,34.0,10.0,0.966857,286.3388888888889,6.450833333333334,10.0
1628845440.0,338404000.0,37.834053,-122.456652,7.685642,0.56602,-0.824391,36.0,26.0,4.0,0.969179,1628845440.0,368084240.0,37.833039,-122.438966,10.999187,-0.939453,-0.342678,52.0,34.0,10.0,0.965015,286.3333333333333,6.45,10.0
1628845441.0,338404000.0,37.834024,-122.456626,7.698214,0.566755,-0.823886,36.0,26.0,4.0,0.967529,1628845441.0,368084240.0,37.833022,-122.439026,11.002355,-0.93879,-0.34449,52.0,34.0,10.0,0.963173,286.3277777777778,6.449166666666667,10.0
1628845442.0,338404000.0,37.833995,-122.456601,7.711131,0.567482,-0.823386,36.0,26.0,4.0,0.965876,1628845442.0,368084240.0,37.833004,-122.439087,11.005517,-0.938135,-0.346269,52.0,34.0,10.0,0.961331,286.3222222222222,6.448333333333333,10.0
1628845443.0,338404000.0,37.833965,-122.456575,7.724393,0.568199,-0.822892,36.0,26.0,4.0,0.964219,1628845443.0,368084240.0,37.832987,-122.439147,11.00867,-0.937489,-0.348015,52.0,34.0,10.0,0.959489,286.31666666666666,6.4475,10.0
1628845444.0,338404000.0,37.833936,-122.45655,7.738,0.568906,-0.822402,36.0,26.0,4.0,0.962559,1628845444.0,368084240.0,37.832969,-122.439207,11.011813,-0.936851,-0.349728,52.0,34.0,10.0,0.957647,286.3111111111112,6.446666666666666,10.0
1628845445.0,338404000.0,37.833906,-122.456524,7.751952,0.569605,-0.821919,36.0,26.0,4.0,0.960896,1628845445.0,368084240.0,37.832951,-122.439268,11.014943,-0.936222,-0.351408,52.0,34.0,10.0,0.955805,286.30555555555554,6.445833333333333,10.0
1628845446.0,338404000.0,37.833877,-122.456498,7.766249,0.570294,-0.82144,36.0,26.0,4.0,0.959228,1628845446.0,368084240.0,37.832933,-122.439328,11.018059,-0.935603,-0.353055,52.0,34.0,10.0,0.953963,286.3,6.445,10.0
1628845447.0,338404000.0,37.833847,-122.456472,7.78089,0.570975,-0.820968,36.0,26.0,4.0,0.957558,1628845447.0,368084240.0,37.832915,-122.439389,11.021158,-0.934992,-0.354669,52.0,34.0,10.0,0.952121,286.2944444444444,6.444166666666667,10.0
1628845448.0,338404000.0,37.833818,-122.456446,7.795875,0.571646,-0.820501,36.0,26.0,4.0,0.955884,1628845448.0,368084240.0,37.832897,-122.439449,11.024239,-0.93439,-0.356251,52.0,34.0,10.0,0.950278,286.2888888888889,6.443333333333333,10.0
1628845449.0,338404000.0,37.833788,-122.45642,7.811205,0.572308,-0.820039,36.0,26.0,4.0,0.954205,1628845449.0,368084240.0,37.832879,-122.439509,11.0273,-0.933798,-0.357801,52.0,34.0,10.0,0.948436,286.28333333333336,6.4425,10.0
1628845450.0,338404000.0,37.833759,-122.456394,7.826879,0.57296,-0.819583,36.0,26.0,4.0,0.952524,1628845450.0,368084240.0,37.832861,-122.43957,11.030338,-0.933215,-0.359317,52.0,34.0,10.0,0.946594,286.27777777777777,6.441666666666666,10.0
1628845451.0,338404000.0,37.833729,-122.456367,7.842896,0.573603,-0.819133,36.0,26.0,4.0,0.950838,1628845451.0,368084240.0,37.832842,-122.43963,11.033353,-0.932642,-0.360802,52.0,34.0,10.0,0.944751,286.27222222222224,6.440833333333333,10.0
1628845452.0,338404000.0,37.833699,-122.456341,7.859257,0.574237,-0.818689,36.0,26.0,4.0,0.949148,1628845452.0,368084240.0,37.832824,-122.43969,11.036342,-0.932079,-0.362254,52.0,34.0,10.0,0.942909,286.26666666666665,6.44,10.0
1628845453.0,338404000.0,37.833669,-122.456315,7.875962,0.574861,-0.818251,36.0,26.0,4.0,0.947455,1628845453.0,368084240.0,37.832806,-122.439751,11.039304,-0.931526,-0.363674,52.0,34.0,10.0,0.941066,286.2611111111111,6.439166666666667,10.0
1628845454.0,338404000.0,37.83364,-122.456288,7.89301,0.575477,-0.817818,36.0,26.0,4.0,0.945757,1628845454.0,368084240.0,37.832787,-122.439811,11.042237,-0.930983,-0.365062,52.0,34.0,10.0,0.939223,286.2555555555556,6.4383333333333335,10.0
1628845455.0,338404000.0,37.83361,-122.456261,7.910401,0.576082,-0.817392,36.0,26.0,4.0,0.944055,1628845455.0,368084240.0,37.832768,-122.439871,11.045139,-0.93045,-0.366418,52.0,34.0,10.0,0.937381,286.25,6.4375,10.0
1628845456.0,338404000.0,37.83358,-122.456235,7.928134,0.576679,-0.816971,36.0,26.0,4.0,0.942349,1628845456.0,368084240.0,37.83275,-122.439931,11.048009,-0.929928,-0.367743,52.0,34.0,10.0,0.935538,286.24444444444447,6.4366666666666665,10.0
1628845457.0,338404000.0,37.83355,-122.456208,7.946211,0.577266,-0.816556,36.0,26.0,4.0,0.940639,1628845457.0,368084240.0,37.832731,-122.439991,11.050846,-0.929415,-0.369035,52.0,34.0,10.0,0.933695,286.2388888888889,6.435833333333333,10.0
1628845458.0,338404000.0,37.83352,-122.456181,7.96463,0.577844,-0.816147,36.0,26.0,4.0,0.938925,1628845458.0,368084240.0,37.832712,-122.440052,11.053647,-0.928914,-0.370296,52.0,34.0,10.0,0.931852,286.2333333333333,6.435,10.0
1628845459.0,338404000.0,37.83349,-122.456154,7.983392,0.578412,-0.815745,36.0,26.0,4.0,0.937206,1628845459.0,368084240.0,37.832693,-122.440112,11.056411,-0.928423,-0.371525,52.0,34.0,10.0,0.930009,286.22777777777776,6.434166666666666,10.0
1628845460.0,338404000.0,37.83346,-122.456127,8.002496,0.578971,-0.815348,36.0,26.0,4.0,0.935482,1628845460.0,368084240.0,37.832674,-122.440172,11.059137,-0.927943,-0.372723,52.0,34.0,10.0,0.928166,286.22222222222223,6.433333333333334,10.0
1628845461.0,338404000.0,37.833429,-122.4561,8.021943,0.579521,-0.814957,36.0,26.0,4.0,0.933754,1628845461.0,368084240.0,37.832655,-122.440232,11.061824,-0.927474,-0.373889,52.0,34.0,10.0,0.926323,286.21666666666664,6.4325,10.0
1628845462.0,338404000.0,37.833399,-122.456073,8.041731,0.580061,-0.814573,36.0,26.0,4.0,0.932022,1628845462.0,368084240.0,37.832636,-122.440292,11.064469,-0.927015,-0.375024,52.0,34.0,10.0,0.92448,286.2111111111111,6.431666666666667,10.0
1628845463.0,338404000.0,37.833369,-122.456045,8.061861,0.580592,-0.814194,36.0,26.0,4.0,0.930285,1628845463.0,368084240.0,37.832617,-122.440352,11.067072,-0.926568,-0.376127,52.0,34.0,10.0,0.922637,286.2055555555556,6.430833333333333,10.0
1628845464.0,338404000.0,37.833339,-122.456018,8.082333,0.581114,-0.813822,36.0,26.0,4.0,0.928543,1628845464.0,368084240.0,37.832597,-122.440412,11.069632,-0.926132,-0.377199,52.0,34.0,10.0,0.920794,286.2,6.43,10.0
1628845465.0,338404000.0,37.833308,-122.455991,8.103146,0.581626,-0.813456,36.0,26.0,4.0,0.926796,1628845465.0,368084240.0,37.832578,-122.440472,11.072147,-0.925707,-0.37824,52.0,34.0,10.0,0.918951,286.19444444444446,6.429166666666666,10.0
1628845466.0,338404000.0,37.833278,-122.455963,8.124301,0.58213,-0.813096,36.0,26.0,4.0,0.925045,1628845466.0,368084240.0,37.832559,-122.440532,11.074615,-0.925294,-0.379251,52.0,34.0,10.0,0.917107,286.18888888888887,6.428333333333334,10.0
1628845467.0,338404000.0,37.833247,-122.455935,8.145797,0.582624,-0.812742,36.0,26.0,4.0,0.923288,1628845467.0,368084240.0,37.832539,-122.440592,11.077036,-0.924892,-0.38023,52.0,34.0,10.0,0.915264,286.18333333333334,6.4275,10.0
1628845468.0,338404000.0,37.833216,-122.455907,8.167634,0.583108,-0.812395,36.0,26.0,4.0,0.921527,1628845468.0,368084240.0,37.83252,-122.440652,11.079409,-0.924502,-0.381178,52.0,34.0,10.0,0.913421,286.1777777777778,6.426666666666667,10.0
1628845469.0,338404000.0,37.833186,-122.455879,8.189813,0.583584,-0.812053,36.0,26.0,4.0,0.919761,1628845469.0,368084240.0,37.8325,-122.440712,11.081732,-0.924123,-0.382095,52.0,34.0,10.0,0.911577,286.1722222222222,6.425833333333333,10.0
1628845470.0,338404000.0,37.833155,-122.455851,8.212332,0.58405,-0.811718,36.0,26.0,4.0,0.917989,1628845470.0,368084240.0,37.832481,-122.440772,11.084005,-0.923756,-0.382982,52.0,34.0,10.0,0.909734,286.1666666666667,6.425,10.0
1628845471.0,338404000.0,37.833124,-122.455823,8.235192,0.584507,-0.811389,36.0,26.0,4.0,0.916212,1628845471.0,368084240.0,37.832461,-122.440832,11.086226,-0.9234,-0.383838,52.0,34.0,10.0,0.90789,286.1611111111111,6.424166666666666,10.0
1628845472.0,338404000.0,37.833093,-122.455795,8.258392,0.584955,-0.811066,36.0,26.0,4.0,0.91443,1628845472.0,368084240.0,37.832441,-122.440892,11.088394,-0.923057,-0.384663,52.0,34.0,10.0,0.906046,286.1555555555556,6.423333333333334,10.0
1628845473.0,338404000.0,37.833062,-122.455767,8.281933,0.585394,-0.810749,36.0,26.0,4.0,0.912643,1628845473.0,368084240.0,37.832422,-122.440952,11.090508,-0.922725,-0.385458,52.0,34.0,10.0,0.904203,286.15,6.4225,10.0
1628845474.0,338404000.0,37.833031,-122.455739,8.305814,0.585824,-0.810439,36.0,26.0,4.0,0.910851,1628845474.0,368084240.0,37.832402,-122.441012,11.092568,-0.922406,-0.386222,52.0,34.0,10.0,0.902359,286.14444444444445,6.421666666666667,10.0
1628845475.0,338404000.0,37.833,-122.45571,8.329869,0.586241,-0.810137,36.0,26.0,4.0,0.909053,1628845475.0,368084240.0,37.832382,-122.441072,11.094572,-0.922098,-0.386956,52.0,34.0,10.0,0.900515,286.1388888888889,6.420833333333333,10.0
1628845476.0,338404000.0,37.832969,-122.455681,8.353435,0.586635,-0.809852,36.0,26.0,4.0,0.907249,1628845476.0,368084240.0,37.832362,-122.441132,11.09652,-0.921803,-0.387659,52.0,34.0,10.0,0.898671,286.1333333333333,6.42,10.0
1628845477.0,338404000.0,37.832937,-122.455653,8.376345,0.587002,-0.809586,36.0,26.0,4.0,0.90544,1628845477.0,368084240.0,37.832342,-122.441192,11.098411,-0.921519,-0.388332,52.0,34.0,10.0,0.896827,286.1277777777778,6.4191666666666665,10.0
1628845478.0,338404000.0,37.832906,-122.455624,8.398598,0.587342,-0.809339,36.0,26.0,4.0,0.903627,1628845478.0,368084240.0,37.832322,-122.441252,11.100244,-0.921248,-0.388975,52.0,34.0,10.0,0.894983,286.1222222222222,6.418333333333333,10.0
1628845479.0,338404000.0,37.832875,-122.455595,8.420194,0.587657,-0.80911,36.0,26.0,4.0,0.901808,1628845479.0,368084240.0,37.832302,-122.441312,11.102018,-0.920989,-0.389588,52.0,34.0,10.0,0.893139,286.1166666666667,6.4175,10.0
1628845480.0,338404000.0,37.832843,-122.455566,8.441134,0.587945,-0.808901,36.0,26.0,4.0,0.899984,1628845480.0,368084240.0,37.832282,-122.441372,11.103732,-0.920743,-0.39017,52.0,34.0,10.0,0.891295,286.1111111111111,6.416666666666667,10.0
1628845481.0,338404000.0,37.832812,-122.455537,8.461416,0.588208,-0.808709,36.0,26.0,4.0,0.898156,1628845481.0,368084240.0,37.832262,-122.441432,11.105387,-0.920509,-0.390722,52.0,34.0,10.0,0.889451,286.10555555555555,6.4158333333333335,10.0
1628845482.0,338404000.0,37.83278,-122.455508,8.481041,0.588446,-0.808536,36.0,26.0,4.0,0.896323,1628845482.0,368084240.0,37.832242,-122.441491,11.10698,-0.920287,-0.391245,52.0,34.0,10.0,0.887607,286.1,6.415,10.0
1628845483.0,338404000.0,37.832748,-122.455479,8.500008,0.588659,-0.808381,36.0,26.0,4.0,0.894486,1628845483.0,368084240.0,37.832222,-122.441551,11.108513,-0.920077,-0.391737,52.0,34.0,10.0,0.885762,286.09444444444443,6.414166666666667,10.0
1628845484.0,338404000.0,37.832716,-122.455449,8.518317,0.588847,-0.808245,36.0,26.0,4.0,0.892645,1628845484.0,368084240.0,37.832202,-122.441611,11.109983,-0.91988,-0.392199,52.0,34.0,10.0,0.883918,286.0888888888889,6.413333333333333,10.0
1628845485.0,338404000.0,37.832685,-122.45542,8.535968,0.58901,-0.808125,36.0,26.0,4.0,0.890799,1628845485.0,368084240.0,37.832182,-122.441671,11.111391,-0.919696,-0.392631,52.0,34.0,10.0,0.882073,286.0833333333333,6.4125,10.0
1628845486.0,338404000.0,37.832653,-122.45539,8.55296,0.589149,-0.808024,36.0,26.0,4.0,0.888951,1628845486.0,368084240.0,37.832162,-122.441731,11.112735,-0.919524,-0.393033,52.0,34.0,10.0,0.880229,286.0777777777778,6.411666666666667,10.0
1628845487.0,338404000.0,37.832621,-122.455361,8.569294,0.589264,-0.80794,36.0,26.0,4.0,0.887098,1628845487.0,368084240.0,37.832141,-122.441791,11.114016,-0.919365,-0.393405,52.0,34.0,10.0,0.878384,286.0722222222222,6.410833333333334,10.0
1628845488.0,338404000.0,37.832589,-122.455331,8.58497,0.589355,-0.807874,36.0,26.0,4.0,0.885242,1628845488.0,368084240.0,37.832121,-122.441851,11.115234,-0.919218,-0.393748,52.0,34.0,10.0,0.87654,286.06666666666666,6.41,10.0
1628845489.0,338404000.0,37.832557,-122.455302,8.599987,0.589422,-0.807825,36.0,26.0,4.0,0.883383,1628845489.0,368084240.0,37.832101,-122.44191,11.116387,-0.919084,-0.394061,52.0,34.0,10.0,0.874695,286.0611111111112,6.409166666666667,10.0
1628845490.0,338404000.0,37.832524,-122.455272,8.614345,0.589465,-0.807794,36.0,26.0,4.0,0.881521,1628845490.0,368084240.0,37.832081,-122.44197,11.117475,-0.918963,-0.394343,52.0,34.0,10.0,0.872851,286.05555555555554,6.408333333333333,10.0
1628845491.0,338404000.0,37.832492,-122.455242,8.628044,0.589485,-0.807779,36.0,26.0,4.0,0.879655,1628845491.0,368084240.0,37.83206,-122.44203,11.118498,-0.918855,-0.394596,52.0,34.0,10.0,0.871006,286.05,6.4075,10.0
1628845492.0,338404000.0,37.83246,-122.455212,8.641085,0.589481,-0.807782,36.0,26.0,4.0,0.877787,1628845492.0,368084240.0,37.83204,-122.44209,11.119455,-0.918759,-0.39482,52.0,34.0,10.0,0.869161,286.0444444444444,6.406666666666666,10.0
1628845493.0,338404000.0,37.832428,-122.455183,8.653467,0.589454,-0.807802,36.0,26.0,4.0,0.875917,1628845493.0,368084240.0,37.83202,-122.44215,11.120348,-0.918675,-0.395013,52.0,34.0,10.0,0.867316,286.0388888888889,6.405833333333334,10.0
1628845494.0,338404000.0,37.832395,-122.455153,8.66519,0.589403,-0.807839,36.0,26.0,4.0,0.874044,1628845494.0,368084240.0,37.831999,-122.44221,11.121174,-0.918605,-0.395177,52.0,34.0,10.0,0.865471,286.03333333333336,6.405,10.0
1628845495.0,338404000.0,37.832363,-122.455123,8.676255,0.58933,-0.807893,36.0,26.0,4.0,0.872169,1628845495.0,368084240.0,37.831979,-122.44227,11.121934,-0.918547,-0.395311,52.0,34.0,10.0,0.863626,286.02777777777777,6.404166666666667,10.0
1628845496.0,338404000.0,37.83233,-122.455093,8.686661,0.589233,-0.807963,36.0,26.0,4.0,0.870292,1628845496.0,368084240.0,37.831959,-122.442329,11.122628,-0.918502,-0.395416,52.0,34.0,10.0,0.861781,286.02222222222224,6.403333333333333,10.0
1628845497.0,338404000.0,37.832298,-122.455063,8.696408,0.589113,-0.80805,36.0,26.0,4.0,0.868413,1628845497.0,368084240.0,37.831938,-122.442389,11.123256,-0.91847,-0.395491,52.0,34.0,10.0,0.859936,286.01666666666665,6.4025,10.0
1628845498.0,338404000.0,37.832266,-122.455033,8.705497,0.58897,-0.808155,36.0,26.0,4.0,0.866532,1628845498.0,368084240.0,37.831918,-122.442449,11.123817,-0.918451,-0.395536,52.0,34.0,10.0,0.858091,286.0111111111111,6.401666666666666,10.0
1628845499.0,338404000.0,37.832233,-122.455003,8.713928,0.588805,-0.808275,36.0,26.0,4.0,0.864649,1628845499.0,368084240.0,37.831898,-122.442509,11.124312,-0.918444,-0.395551,52.0,34.0,10.0,0.856246,286.0055555555556,6.400833333333333,10.0
1628845500.0,338404000.0,37.8322,-122.454973,8.7217,0.588616,-0.808413,36.0,26.0,4.0,0.862766,1628845500.0,368084240.0,37.831877,-122.442569,11.124741,-0.91845,-0.395537,52.0,34.0,10.0,0.8544,286.0,6.4,10.0
1628845501.0,338404000.0,37.832168,-122.454943,8.728815,0.588404,-0.808567,36.0,26.0,4.0,0.860881,1628845501.0,368084240.0,37.831857,-122.442629,11.125103,-0.918469,-0.395493,52.0,34.0,10.0,0.852555,285.99444444444447,6.399166666666667,10.0
1628845502.0,338404000.0,37.832135,-122.454913,8.735272,0.588169,-0.808738,36.0,26.0,4.0,0.858995,1628845502.0,368084240.0,37.831837,-122.442688,11.125398,-0.918501,-0.39542,52.0,34.0,10.0,0.850709,285.9888888888889,6.398333333333333,10.0
1628845503.0,338404000.0,37.832102,-122.454883,8.741071,0.587911,-0.808925,36.0,26.0,4.0,0.857108,1628845503.0,368084240.0,37.831816,-122.442748,11.125628,-0.918545,-0.395317,52.0,34.0,10.0,0.848864,285.9833333333333,6.3975,10.0
1628845504.0,338404000.0,37.83207,-122.454852,8.746213,0.587631,-0.809129,36.0,26.0,4.0,0.855221,1628845504.0,368084240.0,37.831796,-122.442808,11.125791,-0.918602,-0.395184,52.0,34.0,10.0,0.847018,285.97777777777776,6.3966666666666665,10.0
1628845505.0,338404000.0,37.832037,-122.454822,8.750698,0.587327,-0.80935,36.0,26.0,4.0,0.853333,1628845505.0,368084240.0,37.831776,-122.442868,11.125888,-0.918672,-0.395021,52.0,34.0,10.0,0.845173,285.97222222222223,6.395833333333333,10.0
1628845506.0,338404000.0,37.832004,-122.454792,8.754526,0.587,-0.809587,36.0,26.0,4.0,0.851445,1628845506.0,368084240.0,37.831755,-122.442928,11.125919,-0.918755,-0.394829,52.0,34.0,10.0,0.843327,285.96666666666664,6.395,10.0
1628845507.0,338404000.0,37.831971,-122.454762,8.757698,0.58665,-0.809841,36.0,26.0,4.0,0.849556,1628845507.0,368084240.0,37.831735,-122.442988,11.125885,-0.91885,-0.394607,52.0,34.0,10.0,0.841481,285.9611111111111,6.394166666666667,10.0
1628845508.0,338404000.0,37.831939,-122.454732,8.760213,0.586276,-0.810111,36.0,26.0,4.0,0.847668,1628845508.0,368084240.0,37.831715,-122.443048,11.125785,-0.918958,-0.394356,52.0,34.0,10.0,0.839636,285.9555555555556,6.3933333333333335,10.0
1628845509.0,338404000.0,37.831906,-122.454702,8.762073,0.58588,-0.810398,36.0,26.0,4.0,0.84578,1628845509.0,368084240.0,37.831694,-122.443108,11.12562,-0.919078,-0.394075,52.0,34.0,10.0,0.83779,285.95,6.3925,10.0
1628845510.0,338404000.0,37.831873,-122.454672,8.763277,0.58546,-0.810702,36.0,26.0,4.0,0.843892,1628845510.0,368084240.0,37.831674,-122.443167,11.125391,-0.919212,-0.393764,52.0,34.0,10.0,0.835944,285.94444444444446,6.391666666666667,10.0
1628845511.0,338404000.0,37.83184,-122.454642,8.763827,0.585016,-0.811022,36.0,26.0,4.0,0.842005,1628845511.0,368084240.0,37.831654,-122.443227,11.125097,-0.919358,-0.393423,52.0,34.0,10.0,0.834098,285.93888888888887,6.390833333333333,10.0
1628845512.0,338404000.0,37.831807,-122.454612,8.763721,0.584549,-0.811359,36.0,26.0,4.0,0.840118,1628845512.0,368084240.0,37.831633,-122.443287,11.124739,-0.919516,-0.393053,52.0,34.0,10.0,0.832252,285.93333333333334,6.39,10.0
1628845513.0,338404000.0,37.831774,-122.454582,8.762962,0.584057,-0.811712,36.0,26.0,4.0,0.838233,1628845513.0,368084240.0,37.831613,-122.443347,11.124317,-0.919687,-0.392652,52.0,34.0,10.0,0.830405,285.9277777777778,6.389166666666666,10.0
1628845514.0,338404000.0,37.831741,-122.454552,8.761549,0.583542,-0.812083,36.0,26.0,4.0,0.836348,1628845514.0,368084240.0,37.831593,-122.443407,11.123833,-0.91987,-0.392222,52.0,34.0,10.0,0.828559,285.9222222222222,6.388333333333334,10.0
1628845515.0,338404000.0,37.831708,-122.454522,8.759482,0.583003,-0.81247,36.0,26.0,4.0,0.834465,1628845515.0,368084240.0,37.831573,-122.443467,11.123286,-0.920066,-0.391762,52.0,34.0,10.0,0.826713,285.9166666666667,6.3875,10.0
1628845516.0,338404000.0,37.831675,-122.454492,8.756763,0.582439,-0.812874,36.0,26.0,4.0,0.832583,1628845516.0,368084240.0,37.831553,-122.443527,11.122676,-0.920275,-0.391273,52.0,34.0,10.0,0.824867,285.9111111111111,6.386666666666667,10.0
1628845517.0,338404000.0,37.831643,-122.454462,8.753392,0.581851,-0.813295,36.0,26.0,4.0,0.830703,1628845517.0,368084240.0,37.831533,-122.443587,11.122006,-0.920496,-0.390753,52.0,34.0,10.0,0.82302,285.9055555555556,6.385833333333333,10.0
1628845518.0,338404000.0,37.83161,-122.454432,8.749369,0.581239,-0.813733,36.0,26.0,4.0,0.828824,1628845518.0,368084240.0,37.831512,-122.443647,11.121274,-0.920729,-0.390203,52.0,34.0,10.0,0.821174,285.9,6.385,10.0
1628845519.0,338404000.0,37.831577,-122.454402,8.744695,0.580601,-0.814188,36.0,26.0,4.0,0.826948,1628845519.0,368084240.0,37.831492,-122.443707,11.120483,-0.920974,-0.389624,52.0,34.0,10.0,0.819327,285.89444444444445,6.384166666666666,10.0
1628845520.0,338404000.0,37.831544,-122.454373,8.739371,0.579939,-0.81466,36.0,26.0,4.0,0.825073,1628845520.0,368084240.0,37.831472,-122.443767,11.119632,-0.921232,-0.389014,52.0,34.0,10.0,0.81748,285.8888888888889,6.383333333333333,10.0
1628845521.0,338404000.0,37.831511,-122.454343,8.733396,0.579251,-0.815149,36.0,26.0,4.0,0.823201,1628845521.0,368084240.0,37.831452,-122.443827,11.118722,-0.921502,-0.388374,52.0,34.0,10.0,0.815634,285.8833333333333,6.3825,10.0
1628845522.0,338404000.0,37.831478,-122.454313,8.726773,0.578537,-0.815656,36.0,26.0,4.0,0.821331,1628845522.0,368084240.0,37.831432,-122.443887,11.117754,-0.921784,-0.387704,52.0,34.0,10.0,0.813787,285.8777777777778,6.381666666666667,10.0
1628845523.0,338404000.0,37.831445,-122.454284,8.719501,0.577798,-0.81618,36.0,26.0,4.0,0.819464,1628845523.0,368084240.0,37.831412,-122.443947,11.116729,-0.922078,-0.387004,52.0,34.0,10.0,0.81194,285.8722222222222,6.380833333333333,10.0
1628845524.0,338404000.0,37.831412,-122.454254,8.711582,0.577032,-0.816721,36.0,26.0,4.0,0.8176,1628845524.0,368084240.0,37.831392,-122.444007,11.115647,-0.922384,-0.386274,52.0,34.0,10.0,0.810093,285.8666666666667,6.38,10.0
1628845525.0,338404000.0,37.831379,-122.454225,8.703016,0.57624,-0.81728,36.0,26.0,4.0,0.815738,1628845525.0,368084240.0,37.831373,-122.444067,11.11451,-0.922702,-0.385514,52.0,34.0,10.0,0.808246,285.8611111111111,6.379166666666666,10.0
1628845526.0,338404000.0,37.831346,-122.454195,8.693803,0.575422,-0.817857,36.0,26.0,4.0,0.81388,1628845526.0,368084240.0,37.831353,-122.444127,11.113318,-0.923032,-0.384723,52.0,34.0,10.0,0.806399,285.85555555555555,6.378333333333333,10.0
1628845527.0,338404000.0,37.831313,-122.454166,8.683946,0.574576,-0.818451,36.0,26.0,4.0,0.812025,1628845527.0,368084240.0,37.831333,-122.444187,11.112072,-0.923374,-0.383902,52.0,34.0,10.0,0.804551,285.85,6.3775,10.0
1628845528.0,338404000.0,37.83128,-122.454137,8.673443,0.573703,-0.819064,36.0,26.0,4.0,0.810174,1628845528.0,368084240.0,37.831313,-122.444247,11.110773,-0.923728,-0.38305,52.0,34.0,10.0,0.802704,285.84444444444443,6.376666666666667,10.0
1628845529.0,338404000.0,37.831248,-122.454108,8.662297,0.572802,-0.819694,36.0,26.0,4.0,0.808326,1628845529.0,368084240.0,37.831294,-122.444307,11.109423,-0.924093,-0.382168,52.0,34.0,10.0,0.800857,285.8388888888889,6.3758333333333335,10.0
1628845530.0,338404000.0,37.831215,-122.454079,8.650509,0.571873,-0.820342,36.0,26.0,4.0,0.806483,1628845530.0,368084240.0,37.831274,-122.444368,11.108022,-0.92447,-0.381256,52.0,34.0,10.0,0.799009,285.8333333333333,6.375,10.0
1628845531.0,338404000.0,37.831182,-122.45405,8.638078,0.570916,-0.821009,36.0,26.0,4.0,0.804643,1628845531.0,368084240.0,37.831254,-122.444428,11.106571,-0.924858,-0.380312,52.0,34.0,10.0,0.797162,285.8277777777778,6.3741666666666665,10.0
1628845532.0,338404000.0,37.831149,-122.454021,8.625007,0.569929,-0.821694,36.0,26.0,4.0,0.802807,1628845532.0,368084240.0,37.831235,-122.444488,11.105071,-0.925258,-0.379339,52.0,34.0,10.0,0.795314,285.8222222222222,6.373333333333333,10.0
1628845533.0,338404000.0,37.831116,-122.453992,8.611296,0.568914,-0.822397,36.0,26.0,4.0,0.800976,1628845533.0,368084240.0,37.831215,-122.444548,11.103524,-0.925669,-0.378334,52.0,34.0,10.0,0.793466,285.81666666666666,6.3725,10.0
1628845534.0,338404000.0,37.831084,-122.453963,8.596946,0.567868,-0.823119,36.0,26.0,4.0,0.79915,1628845534.0,368084240.0,37.831196,-122.444608,11.101931,-0.926092,-0.377299,52.0,34.0,10.0,0.791618,285.8111111111112,6.371666666666666,10.0
1628845535.0,338404000.0,37.831051,-122.453935,8.581959,0.566793,-0.82386,36.0,26.0,4.0,0.797328,1628845535.0,368084240.0,37.831176,-122.444669,11.100293,-0.926525,-0.376232,52.0,34.0,10.0,0.78977,285.80555555555554,6.370833333333334,10.0
1628845536.0,338404000.0,37.831018,-122.453906,8.566335,0.565686,-0.82462,36.0,26.0,4.0,0.795511,1628845536.0,368084240.0,37.831157,-122.444729,11.098611,-0.92697,-0.375135,52.0,34.0,10.0,0.787922,285.8,6.37,10.0
1628845537.0,338404000.0,37.830985,-122.453878,8.550076,0.564549,-0.8254,36.0,26.0,4.0,0.793699,1628845537.0,368084240.0,37.831138,-122.444789,11.096886,-0.927426,-0.374007,52.0,34.0,10.0,0.786074,285.7944444444444,6.369166666666667,10.0
1628845538.0,338404000.0,37.830953,-122.45385,8.533182,0.56338,-0.826198,36.0,26.0,4.0,0.791892,1628845538.0,368084240.0,37.831119,-122.444849,11.095121,-0.927892,-0.372848,52.0,34.0,10.0,0.784226,285.7888888888889,6.368333333333333,10.0
1628845539.0,338404000.0,37.83092,-122.453821,8.515656,0.562178,-0.827016,36.0,26.0,4.0,0.790091,1628845539.0,368084240.0,37.8311,-122.44491,11.093315,-0.92837,-0.371658,52.0,34.0,10.0,0.782378,285.78333333333336,6.3675,10.0
1628845540.0,338404000.0,37.830888,-122.453793,8.497498,0.560944,-0.827853,36.0,26.0,4.0,0.788296,1628845540.0,368084240.0,37.83108,-122.44497,11.091471,-0.928858,-0.370436,52.0,34.0,10.0,0.780529,285.77777777777777,6.366666666666666,10.0
1628845541.0,338404000.0,37.830855,-122.453765,8.47871,0.559677,-0.828711,36.0,26.0,4.0,0.786506,1628845541.0,368084240.0,37.831061,-122.44503,11.08959,-0.929357,-0.369184,52.0,34.0,10.0,0.778681,285.77222222222224,6.365833333333334,10.0
1628845542.0,338404000.0,37.830822,-122.453738,8.459293,0.558376,-0.829588,36.0,26.0,4.0,0.784722,1628845542.0,368084240.0,37.831043,-122.445091,11.087673,-0.929866,-0.367899,52.0,34.0,10.0,0.776832,285.76666666666665,6.365,10.0
1628845543.0,338404000.0,37.83079,-122.45371,8.439438,0.557048,-0.83048,36.0,26.0,4.0,0.782945,1628845543.0,368084240.0,37.831024,-122.445151,11.085723,-0.930385,-0.366584,52.0,34.0,10.0,0.774983,285.7611111111111,6.364166666666667,10.0
1628845544.0,338404000.0,37.830758,-122.453682,8.419903,0.555725,-0.831366,36.0,26.0,4.0,0.781173,1628845544.0,368084240.0,37.831005,-122.445211,11.083739,-0.930915,-0.365237,52.0,34.0,10.0,0.773135,285.7555555555556,6.363333333333333,10.0
1628845545.0,338404000.0,37.830725,-122.453655,8.400877,0.554416,-0.832239,36.0,26.0,4.0,0.779408,1628845545.0,368084240.0,37.830986,-122.445272,11.081725,-0.931454,-0.363858,52.0,34.0,10.0,0.771286,285.75,6.3625,10.0
1628845546.0,338404000.0,37.830693,-122.453628,8.382359,0.553122,-0.8331,36.0,26.0,4.0,0.777649,1628845546.0,368084240.0,37.830967,-122.445332,11.079682,-0.932004,-0.362447,52.0,34.0,10.0,0.769437,285.74444444444447,6.361666666666666,10.0
1628845547.0,338404000.0,37.830661,-122.453601,8.364347,0.551842,-0.833949,36.0,26.0,4.0,0.775896,1628845547.0,368084240.0,37.830949,-122.445393,11.077611,-0.932564,-0.361005,52.0,34.0,10.0,0.767587,285.7388888888889,6.360833333333334,10.0
1628845548.0,338404000.0,37.830628,-122.453574,8.346842,0.550577,-0.834785,36.0,26.0,4.0,0.774148,1628845548.0,368084240.0,37.83093,-122.445453,11.075514,-0.933133,-0.359531,52.0,34.0,10.0,0.765738,285.7333333333333,6.36,10.0
1628845549.0,338404000.0,37.830596,-122.453547,8.329842,0.549327,-0.835608,36.0,26.0,4.0,0.772407,1628845549.0,368084240.0,37.830912,-122.445514,11.073393,-0.933712,-0.358025,52.0,34.0,10.0,0.763889,285.72777777777776,6.359166666666667,10.0
1628845550.0,338404000.0,37.830564,-122.45352,8.313347,0.548093,-0.836418,36.0,26.0,4.0,0.770671,1628845550.0,368084240.0,37.830894,-122.445574,11.071249,-0.9343,-0.356487,52.0,34.0,10.0,0.762039,285.72222222222223,6.358333333333333,10.0
1628845551.0,338404000.0,37.830532,-122.453493,8.297355,0.546874,-0.837215,36.0,26.0,4.0,0.76894,1628845551.0,368084240.0,37.830875,-122.445635,11.069085,-0.934898,-0.354917,52.0,34.0,10.0,0.76019,285.71666666666664,6.3575,10.0
1628845552.0,338404000.0,37.8305,-122.453467,8.281865,0.545673,-0.837998,36.0,26.0,4.0,0.767215,1628845552.0,368084240.0,37.830857,-122.445696,11.066902,-0.935504,-0.353315,52.0,34.0,10.0,0.75834,285.7111111111111,6.3566666666666665,10.0
1628845553.0,338404000.0,37.830467,-122.45344,8.266878,0.544488,-0.838769,36.0,26.0,4.0,0.765495,1628845553.0,368084240.0,37.830839,-122.445756,11.064702,-0.93612,-0.35168,52.0,34.0,10.0,0.75649,285.7055555555556,6.355833333333333,10.0
1628845554.0,338404000.0,37.830435,-122.453414,8.252391,0.54332,-0.839526,36.0,26.0,4.0,0.76378,1628845554.0,368084240.0,37.830821,-122.445817,11.062487,-0.936745,-0.350013,52.0,34.0,10.0,0.75464,285.7,6.355,10.0
1628845555.0,338404000.0,37.830403,-122.453387,8.238405,0.54217,-0.840269,36.0,26.0,4.0,0.76207,1628845555.0,368084240.0,37.830803,-122.445878,11.060259,-0.937378,-0.348314,52.0,34.0,10.0,0.75279,285.69444444444446,6.354166666666667,10.0
1628845556.0,338404000.0,37.830371,-122.453361,8.224918,0.541037,-0.840999,36.0,26.0,4.0,0.760365,1628845556.0,368084240.0,37.830785,-122.445938,11.05802,-0.93802,-0.346582,52.0,34.0,10.0,0.75094,285.68888888888887,6.3533333333333335,10.0
1628845557.0,338404000.0,37.830339,-122.453335,8.21193,0.539923,-0.841714,36.0,26.0,4.0,0.758665,1628845557.0,368084240.0,37.830768,-122.445999,11.055772,-0.93867,-0.344817,52.0,34.0,10.0,0.749089,285.68333333333334,6.3525,10.0
1628845558.0,338404000.0,37.830307,-122.453309,8.199439,0.538828,-0.842416,36.0,26.0,4.0,0.756969,1628845558.0,368084240.0,37.83075,-122.44606,11.053529,-0.939324,-0.343032,52.0,34.0,10.0,0.747239,285.6777777777778,6.351666666666667,10.0
1628845559.0,338404000.0,37.830275,-122.453283,8.187445,0.537751,-0.843104,36.0,26.0,4.0,0.755278,1628845559.0,368084240.0,37.830732,-122.446121,11.051344,-0.939965,-0.341272,52.0,34.0,10.0,0.745388,285.6722222222222,6.350833333333333,10.0
1628845560.0,338404000.0,37.830243,-122.453258,8.175947,0.536693,-0.843777,36.0,26.0,4.0,0.753591,1628845560.0,368084240.0,37.830715,-122.446182,11.049225,-0.940588,-0.339549,52.0,34.0,10.0,0.743538,285.6666666666667,6.35,10.0
1628845561.0,338404000.0,37.830211,-122.453232,8.164944,0.535656,-0.844437,36.0,26.0,4.0,0.751908,1628845561.0,368084240.0,37.830698,-122.446243,11.047172,-0.941195,-0.337864,52.0,34.0,10.0,0.741687,285.6611111111111,6.349166666666667,10.0
1628845562.0,338404000.0,37.83018,-122.453206,8.154436,0.534637,-0.845082,36.0,26.0,4.0,0.750229,1628845562.0,368084240.0,37.83068,-122.446303,11.04518,-0.941784,-0.336217,52.0,34.0,10.0,0.739836,285.6555555555556,6.348333333333334,10.0
1628845563.0,338404000.0,37.830148,-122.453181,8.144422,0.53364,-0.845712,36.0,26.0,4.0,0.748555,1628845563.0,368084240.0,37.830663,-122.446364,11.043249,-0.942357,-0.334608,52.0,34.0,10.0,0.737985,285.65,6.3475,10.0
1628845564.0,338404000.0,37.830116,-122.453155,8.1349,0.532662,-0.846328,36.0,26.0,4.0,0.746884,1628845564.0,368084240.0,37.830646,-122.446425,11.041375,-0.942914,-0.333037,52.0,34.0,10.0,0.736134,285.64444444444445,6.346666666666667,10.0
1628845565.0,338404000.0,37.830084,-122.45313,8.125871,0.531706,-0.846929,36.0,26.0,4.0,0.745217,1628845565.0,368084240.0,37.830629,-122.446486,11.039557,-0.943454,-0.331503,52.0,34.0,10.0,0.734283,285.6388888888889,6.345833333333333,10.0
1628845566.0,338404000.0,37.830052,-122.453105,8.117333,0.53077,-0.847516,36.0,26.0,4.0,0.743554,1628845566.0,368084240.0,37.830612,-122.446547,11.037791,-0.943978,-0.330008,52.0,34.0,10.0,0.732431,285.6333333333333,6.345,10.0
1628845567.0,338404000.0,37.83002,-122.453079,8.109286,0.529856,-0.848088,36.0,26.0,4.0,0.741894,1628845567.0,368084240.0,37.830595,-122.446608,11.036076,-0.944486,-0.328551,52.0,34.0,10.0,0.73058,285.6277777777778,6.344166666666666,10.0
1628845568.0,338404000.0,37.829988,-122.453054,8.101729,0.528964,-0.848644,36.0,26.0,4.0,0.740238,1628845568.0,368084240.0,37.830579,-122.446669,11.03441,-0.944978,-0.327133,52.0,34.0,10.0,0.728729,285.6222222222222,6.343333333333334,10.0
1628845569.0,338404000.0,37.829957,-122.453029,8.094662,0.528093,-0.849186,36.0,26.0,4.0,0.738584,1628845569.0,368084240.0,37.830562,-122.446731,11.03279,-0.945455,-0.325753,52.0,34.0,10.0,0.726877,285.6166666666667,6.3425,10.0
1628845570.0,338404000.0,37.829925,-122.453004,8.088083,0.527245,-0.849713,36.0,26.0,4.0,0.736934,1628845570.0,368084240.0,37.830545,-122.446792,11.031215,-0.945916,-0.324412,52.0,34.0,10.0,0.725025,285.6111111111111,6.341666666666667,10.0
1628845571.0,338404000.0,37.829893,-122.452979,8.081991,0.526419,-0.850225,36.0,26.0,4.0,0.735287,1628845571.0,368084240.0,37.830529,-122.446853,11.029683,-0.946362,-0.323109,52.0,34.0,10.0,0.723174,285.60555555555555,6.340833333333333,10.0
1628845572.0,338404000.0,37.829861,-122.452954,8.076388,0.525616,-0.850722,36.0,26.0,4.0,0.733643,1628845572.0,368084240.0,37.830512,-122.446914,11.028191,-0.946792,-0.321845,52.0,34.0,10.0,0.721322,285.6,6.34,10.0
1628845573.0,338404000.0,37.829829,-122.452929,8.071271,0.524835,-0.851204,36.0,26.0,4.0,0.732002,1628845573.0,368084240.0,37.830496,-122.446975,11.026738,-0.947208,-0.32062,52.0,34.0,10.0,0.71947,285.59444444444443,6.339166666666666,10.0
1628845574.0,338404000.0,37.829798,-122.452904,8.06664,0.524078,-0.85167,36.0,26.0,4.0,0.730363,1628845574.0,368084240.0,37.830479,-122.447036,11.025323,-0.947609,-0.319434,52.0,34.0,10.0,0.717619,285.5888888888889,6.338333333333333,10.0
1628845575.0,338404000.0,37.829766,-122.45288,8.062494,0.523344,-0.852121,36.0,26.0,4.0,0.728727,1628845575.0,368084240.0,37.830463,-122.447097,11.023942,-0.947994,-0.318287,52.0,34.0,10.0,0.715767,285.5833333333333,6.3375,10.0
1628845576.0,338404000.0,37.829734,-122.452855,8.058833,0.522634,-0.852557,36.0,26.0,4.0,0.727093,1628845576.0,368084240.0,37.830447,-122.447159,11.022596,-0.948366,-0.317179,52.0,34.0,10.0,0.713915,285.5777777777778,6.336666666666667,10.0
1628845577.0,338404000.0,37.829702,-122.45283,8.055657,0.521947,-0.852978,36.0,26.0,4.0,0.725462,1628845577.0,368084240.0,37.830431,-122.44722,11.021281,-0.948723,-0.31611,52.0,34.0,10.0,0.712063,285.5722222222222,6.335833333333333,10.0
1628845578.0,338404000.0,37.829671,-122.452806,8.052964,0.521284,-0.853383,36.0,26.0,4.0,0.723832,1628845578.0,368084240.0,37.830415,-122.447281,11.019997,-0.949065,-0.31508,52.0,34.0,10.0,0.710211,285.56666666666666,6.335,10.0
1628845579.0,338404000.0,37.829639,-122.452781,8.050755,0.520646,-0.853773,36.0,26.0,4.0,0.722205,1628845579.0,368084240.0,37.830398,-122.447342,11.018742,-0.949393,-0.31409,52.0,34.0,10.0,0.708359,285.5611111111112,6.3341666666666665,10.0
1628845580.0,338404000.0,37.829607,-122.452757,8.049028,0.520032,-0.854147,36.0,26.0,4.0,0.720579,1628845580.0,368084240.0,37.830382,-122.447404,11.017514,-0.949707,-0.313139,52.0,34.0,10.0,0.706508,285.55555555555554,6.333333333333333,10.0
1628845581.0,338404000.0,37.829575,-122.452732,8.047783,0.519442,-0.854506,36.0,26.0,4.0,0.718956,1628845581.0,368084240.0,37.830367,-122.447465,11.016313,-0.950008,-0.312227,52.0,34.0,10.0,0.704656,285.55,6.3325,10.0
1628845582.0,338404000.0,37.829543,-122.452708,8.04702,0.518877,-0.854849,36.0,26.0,4.0,0.717334,1628845582.0,368084240.0,37.830351,-122.447526,11.015137,-0.950294,-0.311355,52.0,34.0,10.0,0.702804,285.5444444444444,6.331666666666667,10.0
1628845583.0,338404000.0,37.829512,-122.452683,8.046738,0.518336,-0.855177,36.0,26.0,4.0,0.715714,1628845583.0,368084240.0,37.830335,-122.447588,11.013984,-0.950566,-0.310522,52.0,34.0,10.0,0.700952,285.5388888888889,6.3308333333333335,10.0
1628845584.0,338404000.0,37.82948,-122.452659,8.046937,0.517821,-0.855489,36.0,26.0,4.0,0.714095,1628845584.0,368084240.0,37.830319,-122.447649,11.012853,-0.950825,-0.309729,52.0,34.0,10.0,0.6991,285.53333333333336,6.33,10.0
1628845585.0,338404000.0,37.829448,-122.452634,8.047616,0.51733,-0.855786,36.0,26.0,4.0,0.712477,1628845585.0,368084240.0,37.830303,-122.44771,11.011744,-0.95107,-0.308975,52.0,34.0,10.0,0.697248,285.52777777777777,6.329166666666667,10.0
1628845586.0,338404000.0,37.829416,-122.45261,8.048775,0.516864,-0.856067,36.0,26.0,4.0,0.710861,1628845586.0,368084240.0,37.830287,-122.447772,11.010654,-0.951302,-0.308261,52.0,34.0,10.0,0.695397,285.52222222222224,6.328333333333333,10.0
1628845587.0,338404000.0,37.829384,-122.452586,8.050414,0.516424,-0.856333,36.0,26.0,4.0,0.709245,1628845587.0,368084240.0,37.830272,-122.447833,11.009584,-0.95152,-0.307587,52.0,34.0,10.0,0.693545,285.51666666666665,6.3275,10.0
1628845588.0,338404000.0,37.829352,-122.452561,8.052532,0.516009,-0.856583,36.0,26.0,4.0,0.707631,1628845588.0,368084240.0,37.830256,-122.447894,11.008532,-0.951725,-0.306953,52.0,34.0,10.0,0.691693,285.5111111111111,6.326666666666666,10.0
1628845589.0,338404000.0,37.82932,-122.452537,8.055128,0.515619,-0.856818,36.0,26.0,4.0,0.706017,1628845589.0,368084240.0,37.83024,-122.447956,11.007497,-0.951916,-0.306358,52.0,34.0,10.0,0.689841,285.5055555555556,6.325833333333334,10.0
1628845590.0,338404000.0,37.829288,-122.452512,8.058203,0.515255,-0.857037,36.0,26.0,4.0,0.704404,1628845590.0,368084240.0,37.830225,-122.448017,11.006478,-0.952095,-0.305803,52.0,34.0,10.0,0.68799,285.5,6.325,10.0
1628845591.0,338404000.0,37.829256,-122.452488,8.061757,0.514916,-0.857241,36.0,26.0,4.0,0.702792,1628845591.0,368084240.0,37.830209,-122.448078,11.005475,-0.95226,-0.305288,52.0,34.0,10.0,0.686138,285.49444444444447,6.324166666666667,10.0
1628845592.0,338404000.0,37.829224,-122.452464,8.065788,0.514603,-0.857429,36.0,26.0,4.0,0.70118,1628845592.0,368084240.0,37.830194,-122.44814,11.004486,-0.952412,-0.304813,52.0,34.0,10.0,0.684287,285.4888888888889,6.323333333333333,10.0
1628845593.0,338404000.0,37.829192,-122.45244,8.070297,0.514315,-0.857601,36.0,26.0,4.0,0.699568,1628845593.0,368084240.0,37.830178,-122.448201,11.003512,-0.952551,-0.304378,52.0,34.0,10.0,0.682436,285.4833333333333,6.3225,10.0
1628845594.0,338404000.0,37.82916,-122.452415,8.075283,0.514053,-0.857759,36.0,26.0,4.0,0.697957,1628845594.0,368084240.0,37.830163,-122.448263,11.002551,-0.952678,-0.303983,52.0,34.0,10.0,0.680584,285.47777777777776,6.321666666666666,10.0
1628845595.0,338404000.0,37.829128,-122.452391,8.080747,0.513816,-0.8579,36.0,26.0,4.0,0.696346,1628845595.0,368084240.0,37.830147,-122.448324,11.001603,-0.952791,-0.303627,52.0,34.0,10.0,0.678733,285.47222222222223,6.320833333333333,10.0
1628845596.0,338404000.0,37.829096,-122.452367,8.086687,0.513605,-0.858027,36.0,26.0,4.0,0.694735,1628845596.0,368084240.0,37.830132,-122.448385,11.000667,-0.952891,-0.303312,52.0,34.0,10.0,0.676882,285.46666666666664,6.32,10.0
1628845597.0,338404000.0,37.829064,-122.452342,8.093105,0.51342,-0.858138,36.0,26.0,4.0,0.693123,1628845597.0,368084240.0,37.830116,-122.448447,10.999743,-0.952979,-0.303037,52.0,34.0,10.0,0.675031,285.4611111111111,6.319166666666667,10.0
1628845598.0,338404000.0,37.829032,-122.452318,8.099999,0.51326,-0.858233,36.0,26.0,4.0,0.691511,1628845598.0,368084240.0,37.830101,-122.448508,10.99883,-0.953054,-0.302802,52.0,34.0,10.0,0.67318,285.4555555555556,6.318333333333333,10.0
1628845599.0,338404000.0,37.829,-122.452294,8.107369,0.513125,-0.858314,36.0,26.0,4.0,0.689899,1628845599.0,368084240.0,37.830085,-122.44857,10.997928,-0.953115,-0.302607,52.0,34.0,10.0,0.671329,285.45,6.3175,10.0
1628845600.0,338404000.0,37.828968,-122.452269,8.115216,0.513016,-0.858379,36.0,26.0,4.0,0.688287,1628845600.0,368084240.0,37.83007,-122.448631,10.997038,-0.953165,-0.302452,52.0,34.0,10.0,0.669479,285.44444444444446,6.316666666666666,10.0
1628845601.0,338404000.0,37.828935,-122.452245,8.123539,0.512933,-0.858429,36.0,26.0,4.0,0.686674,1628845601.0,368084240.0,37.830055,-122.448692,10.996157,-0.953201,-0.302337,52.0,34.0,10.0,0.667628,285.43888888888887,6.315833333333333,10.0
1628845602.0,338404000.0,37.828903,-122.45222,8.132339,0.512875,-0.858463,36.0,26.0,4.0,0.68506,1628845602.0,368084240.0,37.830039,-122.448754,10.995288,-0.953225,-0.302262,52.0,34.0,10.0,0.665778,285.43333333333334,6.315,10.0
1628845603.0,338404000.0,37.828871,-122.452196,8.141615,0.512842,-0.858483,36.0,26.0,4.0,0.683445,1628845603.0,368084240.0,37.830024,-122.448815,10.994428,-0.953236,-0.302228,52.0,34.0,10.0,0.663927,285.4277777777778,6.314166666666667,10.0
1628845604.0,338404000.0,37.828839,-122.452172,8.151366,0.512835,-0.858487,36.0,26.0,4.0,0.681829,1628845604.0,368084240.0,37.830009,-122.448877,10.993579,-0.953234,-0.302233,52.0,34.0,10.0,0.662077,285.4222222222222,6.3133333333333335,10.0
1628845605.0,338404000.0,37.828806,-122.452147,8.161595,0.512852,-0.858477,36.0,26.0,4.0,0.680212,1628845605.0,368084240.0,37.829993,-122.448938,10.99274,-0.953219,-0.302279,52.0,34.0,10.0,0.660227,285.4166666666667,6.3125,10.0
1628845606.0,338404000.0,37.828774,-122.452123,8.172299,0.512895,-0.858451,36.0,26.0,4.0,0.678594,1628845606.0,368084240.0,37.829978,-122.448999,10.991912,-0.953192,-0.302365,52.0,34.0,10.0,0.658377,285.4111111111111,6.3116666666666665,10.0
1628845607.0,338404000.0,37.828741,-122.452098,8.183479,0.512963,-0.858411,36.0,26.0,4.0,0.676974,1628845607.0,368084240.0,37.829962,-122.449061,10.991094,-0.953152,-0.302491,52.0,34.0,10.0,0.656528,285.4055555555556,6.310833333333333,10.0
1628845608.0,338404000.0,37.828709,-122.452073,8.195136,0.513055,-0.858356,36.0,26.0,4.0,0.675353,1628845608.0,368084240.0,37.829947,-122.449122,10.990287,-0.953099,-0.302657,52.0,34.0,10.0,0.654678,285.4,6.31,10.0
1628845609.0,338404000.0,37.828676,-122.452049,8.207269,0.513172,-0.858286,36.0,26.0,4.0,0.673731,1628845609.0,368084240.0,37.829932,-122.449183,10.98949,-0.953034,-0.302864,52.0,34.0,10.0,0.652829,285.39444444444445,6.309166666666666,10.0
1628845610.0,338404000.0,37.828644,-122.452024,8.219879,0.513314,-0.858201,36.0,26.0,4.0,0.672106,1628845610.0,368084240.0,37.829916,-122.449245,10.988705,-0.952955,-0.30311,52.0,34.0,10.0,0.650979,285.3888888888889,6.308333333333334,10.0
1628845611.0,338404000.0,37.828611,-122.451999,8.232965,0.51348,-0.858101,36.0,26.0,4.0,0.67048,1628845611.0,368084240.0,37.829901,-122.449306,10.987931,-0.952864,-0.303397,52.0,34.0,10.0,0.64913,285.3833333333333,6.3075,10.0
1628845612.0,338404000.0,37.828578,-122.451975,8.246528,0.513671,-0.857987,36.0,26.0,4.0,0.668852,1628845612.0,368084240.0,37.829885,-122.449367,10.98717,-0.95276,-0.303724,52.0,34.0,10.0,0.647282,285.3777777777778,6.306666666666667,10.0
1628845613.0,338404000.0,37.828546,-122.45195,8.260567,0.513885,-0.857859,36.0,26.0,4.0,0.667222,1628845613.0,368084240.0,37.82987,-122.449429,10.98642,-0.952643,-0.304091,52.0,34.0,10.0,0.645433,285.3722222222222,6.305833333333333,10.0
1628845614.0,338404000.0,37.828513,-122.451925,8.275084,0.514124,-0.857716,36.0,26.0,4.0,0.66559,1628845614.0,368084240.0,37.829855,-122.44949,10.985684,-0.952513,-0.304498,52.0,34.0,10.0,0.643585,285.3666666666667,6.305,10.0
1628845615.0,338404000.0,37.82848,-122.4519,8.289904,0.514394,-0.857554,36.0,26.0,4.0,0.663955,1628845615.0,368084240.0,37.829839,-122.449551,10.984961,-0.95237,-0.304946,52.0,34.0,10.0,0.641736,285.3611111111111,6.304166666666666,10.0
1628845616.0,338404000.0,37.828447,-122.451875,8.304333,0.514728,-0.857353,36.0,26.0,4.0,0.662318,1628845616.0,368084240.0,37.829824,-122.449613,10.984253,-0.952214,-0.305433,52.0,34.0,10.0,0.639888,285.35555555555555,6.303333333333334,10.0
1628845617.0,338404000.0,37.828414,-122.45185,8.318199,0.515134,-0.85711,36.0,26.0,4.0,0.660678,1628845617.0,368084240.0,37.829808,-122.449674,10.983559,-0.952044,-0.305961,52.0,34.0,10.0,0.638041,285.35,6.3025,10.0
1628845618.0,338404000.0,37.828381,-122.451825,8.331501,0.515611,-0.856823,36.0,26.0,4.0,0.659036,1628845618.0,368084240.0,37.829792,-122.449735,10.982882,-0.951861,-0.306529,52.0,34.0,10.0,0.636193,285.34444444444443,6.301666666666667,10.0
1628845619.0,338404000.0,37.828348,-122.4518,8.344241,0.516158,-0.856493,36.0,26.0,4.0,0.657392,1628845619.0,368084240.0,37.829777,-122.449796,10.98222,-0.951665,-0.307136,52.0,34.0,10.0,0.634346,285.3388888888889,6.300833333333333,10.0
1628845620.0,338404000.0,37.828315,-122.451774,8.356421,0.516777,-0.85612,36.0,26.0,4.0,0.655745,1628845620.0,368084240.0,37.829761,-122.449858,10.981577,-0.951456,-0.307784,52.0,34.0,10.0,0.632498,285.3333333333333,6.3,10.0
1628845621.0,338404000.0,37.828282,-122.451749,8.368041,0.517465,-0.855704,36.0,26.0,4.0,0.654096,1628845621.0,368084240.0,37.829746,-122.449919,10.980951,-0.951233,-0.308472,52.0,34.0,10.0,0.630652,285.3277777777778,6.299166666666666,10.0
1628845622.0,338404000.0,37.828249,-122.451724,8.379105,0.518224,-0.855245,36.0,26.0,4.0,0.652445,1628845622.0,368084240.0,37.82973,-122.44998,10.980346,-0.951,-0.309191,52.0,34.0,10.0,0.628805,285.3222222222222,6.298333333333334,10.0
1628845623.0,338404000.0,37.828216,-122.451698,8.389612,0.519053,-0.854742,36.0,26.0,4.0,0.650791,1628845623.0,368084240.0,37.829714,-122.450041,10.979768,-0.950768,-0.309905,52.0,34.0,10.0,0.626959,285.31666666666666,6.2975,10.0
1628845624.0,338404000.0,37.828183,-122.451673,8.399567,0.519951,-0.854196,36.0,26.0,4.0,0.649135,1628845624.0,368084240.0,37.829699,-122.450102,10.979218,-0.95054,-0.310603,52.0,34.0,10.0,0.625112,285.3111111111112,6.296666666666667,10.0
1628845625.0,338404000.0,37.828149,-122.451647,8.40897,0.520918,-0.853606,36.0,26.0,4.0,0.647477,1628845625.0,368084240.0,37.829683,-122.450163,10.978694,-0.950316,-0.311288,52.0,34.0,10.0,0.623266,285.30555555555554,6.295833333333333,10.0
1628845626.0,338404000.0,37.828116,-122.451622,8.417824,0.521955,-0.852973,36.0,26.0,4.0,0.645816,1628845626.0,368084240.0,37.829667,-122.450225,10.978198,-0.950096,-0.311957,52.0,34.0,10.0,0.621421,285.3,6.295,10.0
1628845627.0,338404000.0,37.828083,-122.451596,8.426132,0.523061,-0.852295,36.0,26.0,4.0,0.644153,1628845627.0,368084240.0,37.829651,-122.450286,10.977727,-0.949881,-0.312613,52.0,34.0,10.0,0.619575,285.2944444444444,6.2941666666666665,10.0
1628845628.0,338404000.0,37.82805,-122.45157,8.433897,0.524235,-0.851573,36.0,26.0,4.0,0.642488,1628845628.0,368084240.0,37.829635,-122.450347,10.977283,-0.94967,-0.313253,52.0,34.0,10.0,0.61773,285.2888888888889,6.293333333333333,10.0
1628845629.0,338404000.0,37.828016,-122.451544,8.44112,0.525479,-0.850807,36.0,26.0,4.0,0.640821,1628845629.0,368084240.0,37.829619,-122.450408,10.976865,-0.949463,-0.313879,52.0,34.0,10.0,0.615885,285.28333333333336,6.2925,10.0
1628845630.0,338404000.0,37.827983,-122.451518,8.447807,0.526791,-0.849995,36.0,26.0,4.0,0.639151,1628845630.0,368084240.0,37.829603,-122.450469,10.976472,-0.94926,-0.314491,52.0,34.0,10.0,0.61404,285.27777777777777,6.291666666666667,10.0
1628845631.0,338404000.0,37.82795,-122.451492,8.453958,0.528171,-0.849138,36.0,26.0,4.0,0.637479,1628845631.0,368084240.0,37.829587,-122.45053,10.976104,-0.949062,-0.315088,52.0,34.0,10.0,0.612196,285.27222222222224,6.2908333333333335,10.0
1628845632.0,338404000.0,37.827917,-122.451466,8.459579,0.52962,-0.848235,36.0,26.0,4.0,0.635805,1628845632.0,368084240.0,37.829571,-122.450591,10.975762,-0.948869,-0.31567,52.0,34.0,10.0,0.610351,285.26666666666665,6.29,10.0
1628845633.0,338404000.0,37.827884,-122.45144,8.464673,0.531137,-0.847286,36.0,26.0,4.0,0.634128,1628845633.0,368084240.0,37.829555,-122.450652,10.975443,-0.94868,-0.316238,52.0,34.0,10.0,0.608507,285.2611111111111,6.289166666666667,10.0
1628845634.0,338404000.0,37.82785,-122.451413,8.469243,0.532722,-0.84629,36.0,26.0,4.0,0.63245,1628845634.0,368084240.0,37.829539,-122.450713,10.975149,-0.948495,-0.316792,52.0,34.0,10.0,0.606663,285.2555555555556,6.288333333333333,10.0
1628845635.0,338404000.0,37.827817,-122.451387,8.473293,0.534376,-0.845247,36.0,26.0,4.0,0.630769,1628845635.0,368084240.0,37.829523,-122.450774,10.974879,-0.948315,-0.317331,52.0,34.0,10.0,0.604819,285.25,6.2875,10.0
1628845636.0,338404000.0,37.827784,-122.45136,8.476828,0.536097,-0.844156,36.0,26.0,4.0,0.629085,1628845636.0,368084240.0,37.829507,-122.450835,10.974632,-0.948139,-0.317855,52.0,34.0,10.0,0.602975,285.24444444444447,6.286666666666667,10.0
1628845637.0,338404000.0,37.827751,-122.451334,8.479853,0.537887,-0.843017,36.0,26.0,4.0,0.6274,1628845637.0,368084240.0,37.829491,-122.450896,10.974409,-0.947968,-0.318365,52.0,34.0,10.0,0.601131,285.2388888888889,6.285833333333334,10.0
1628845638.0,338404000.0,37.827718,-122.451307,8.48237,0.539744,-0.841829,36.0,26.0,4.0,0.625712,1628845638.0,368084240.0,37.829475,-122.450957,10.974208,-0.947802,-0.31886,52.0,34.0,10.0,0.599288,285.2333333333333,6.285,10.0
1628845639.0,338404000.0,37.827685,-122.45128,8.484386,0.54167,-0.840591,36.0,26.0,4.0,0.624022,1628845639.0,368084240.0,37.829459,-122.451018,10.974031,-0.94764,-0.319341,52.0,34.0,10.0,0.597445,285.22777777777776,6.284166666666667,10.0
1628845640.0,338404000.0,37.827652,-122.451253,8.485906,0.543663,-0.839304,36.0,26.0,4.0,0.62233,1628845640.0,368084240.0,37.829442,-122.451079,10.973876,-0.947482,-0.319808,52.0,34.0,10.0,0.595602,285.22222222222223,6.283333333333333,10.0
1628845641.0,338404000.0,37.827619,-122.451226,8.486933,0.545724,-0.837965,36.0,26.0,4.0,0.620636,1628845641.0,368084240.0,37.829426,-122.451139,10.973744,-0.94733,-0.32026,52.0,34.0,10.0,0.593759,285.21666666666664,6.2825,10.0
1628845642.0,338404000.0,37.827586,-122.451199,8.487474,0.547854,-0.836574,36.0,26.0,4.0,0.618939,1628845642.0,368084240.0,37.82941,-122.4512,10.973633,-0.947182,-0.320697,52.0,34.0,10.0,0.591916,285.2111111111111,6.281666666666666,10.0
1628845643.0,338404000.0,37.827553,-122.451172,8.487535,0.550051,-0.835131,36.0,26.0,4.0,0.61724,1628845643.0,368084240.0,37.829394,-122.451261,10.973545,-0.947039,-0.32112,52.0,34.0,10.0,0.590073,285.2055555555556,6.280833333333334,10.0
1628845644.0,338404000.0,37.82752,-122.451145,8.48712,0.552316,-0.833635,36.0,26.0,4.0,0.615539,1628845644.0,368084240.0,37.829377,-122.451322,10.973478,-0.9469,-0.321528,52.0,34.0,10.0,0.58823,285.2,6.28,10.0
1628845645.0,338404000.0,37.827488,-122.451117,8.486236,0.554649,-0.832084,36.0,26.0,4.0,0.613835,1628845645.0,368084240.0,37.829361,-122.451383,10.973432,-0.946766,-0.321922,52.0,34.0,10.0,0.586388,285.19444444444446,6.279166666666667,10.0
1628845646.0,338404000.0,37.827455,-122.45109,8.48489,0.55705,-0.830479,36.0,26.0,4.0,0.612129,1628845646.0,368084240.0,37.829345,-122.451444,10.973408,-0.946637,-0.322302,52.0,34.0,10.0,0.584545,285.18888888888887,6.278333333333333,10.0
1628845647.0,338404000.0,37.827422,-122.451062,8.483087,0.559519,-0.828818,36.0,26.0,4.0,0.610421,1628845647.0,368084240.0,37.829328,-122.451505,10.973404,-0.946513,-0.322667,52.0,34.0,10.0,0.582703,285.18333333333334,6.2775,10.0
1628845648.0,338404000.0,37.82739,-122.451034,8.480834,0.562055,-0.8271,36.0,26.0,4.0,0.608711,1628845648.0,368084240.0,37.829312,-122.451566,10.973422,-0.946393,-0.323017,52.0,34.0,10.0,0.58086,285.1777777777778,6.276666666666666,10.0
1628845649.0,338404000.0,37.827357,-122.451006,8.478137,0.56466,-0.825324,36.0,26.0,4.0,0.606998,1628845649.0,368084240.0,37.829296,-122.451626,10.97346,-0.946278,-0.323353,52.0,34.0,10.0,0.579018,285.1722222222222,6.275833333333333,10.0
1628845650.0,338404000.0,37.827325,-122.450978,8.475005,0.567333,-0.823489,36.0,26.0,4.0,0.605283,1628845650.0,368084240.0,37.829279,-122.451687,10.973518,-0.946168,-0.323675,52.0,34.0,10.0,0.577176,285.1666666666667,6.275,10.0
1628845651.0,338404000.0,37.827293,-122.45095,8.471444,0.570073,-0.821594,36.0,26.0,4.0,0.603565,1628845651.0,368084240.0,37.829263,-122.451748,10.973597,-0.946063,-0.323982,52.0,34.0,10.0,0.575334,285.1611111111111,6.274166666666667,10.0
1628845652.0,338404000.0,37.827261,-122.450922,8.467462,0.572881,-0.819638,36.0,26.0,4.0,0.601846,1628845652.0,368084240.0,37.829246,-122.451809,10.973696,-0.945963,-0.324274,52.0,34.0,10.0,0.573492,285.1555555555556,6.273333333333333,10.0
1628845653.0,338404000.0,37.827228,-122.450893,8.463066,0.575758,-0.81762,36.0,26.0,4.0,0.600124,1628845653.0,368084240.0,37.82923,-122.45187,10.973815,-0.945868,-0.324552,52.0,34.0,10.0,0.57165,285.15,6.2725,10.0
1628845654.0,338404000.0,37.827196,-122.450865,8.458265,0.578702,-0.815539,36.0,26.0,4.0,0.598399,1628845654.0,368084240.0,37.829213,-122.45193,10.973953,-0.945777,-0.324816,52.0,34.0,10.0,0.569808,285.14444444444445,6.2716666666666665,10.0
1628845655.0,338404000.0,37.827165,-122.450836,8.453067,0.581714,-0.813393,36.0,26.0,4.0,0.596672,1628845655.0,368084240.0,37.829197,-122.451991,10.974111,-0.945692,-0.325065,52.0,34.0,10.0,0.567966,285.1388888888889,6.270833333333333,10.0
1628845656.0,338404000.0,37.827133,-122.450807,8.44748,0.584794,-0.811182,36.0,26.0,4.0,0.594943,1628845656.0,368084240.0,37.82918,-122.452052,10.974289,-0.945611,-0.3253,52.0,34.0,10.0,0.566124,285.1333333333333,6.27,10.0
1628845657.0,338404000.0,37.827101,-122.450778,8.441513,0.587942,-0.808903,36.0,26.0,4.0,0.593211,1628845657.0,368084240.0,37.829164,-122.452113,10.974486,-0.945535,-0.325521,52.0,34.0,10.0,0.564282,285.1277777777778,6.269166666666667,10.0
1628845658.0,338404000.0,37.827069,-122.450749,8.435175,0.591157,-0.806557,36.0,26.0,4.0,0.591477,1628845658.0,368084240.0,37.829147,-122.452174,10.974703,-0.945464,-0.325727,52.0,34.0,10.0,0.56244,285.1222222222222,6.2683333333333335,10.0
1628845659.0,338404000.0,37.827038,-122.45072,8.428476,0.59444,-0.80414,36.0,26.0,4.0,0.58974,1628845659.0,368084240.0,37.829131,-122.452234,10.974939,-0.945398,-0.325918,52.0,34.0,10.0,0.560599,285.1166666666667,6.2675,10.0
1628845660.0,338404000.0,37.827007,-122.450691,8.421424,0.59779,-0.801653,36.0,26.0,4.0,0.588001,1628845660.0,368084240.0,37.829114,-122.452295,10.975193,-0.945337,-0.326095,52.0,34.0,10.0,0.558757,285.1111111111111,6.266666666666667,10.0
1628845661.0,338404000.0,37.826975,-122.450661,8.414031,0.601208,-0.799092,36.0,26.0,4.0,0.586259,1628845661.0,368084240.0,37.829098,-122.452356,10.975467,-0.945281,-0.326258,52.0,34.0,10.0,0.556915,285.10555555555555,6.265833333333333,10.0
1628845662.0,338404000.0,37.826944,-122.450632,8.406305,0.604693,-0.796458,36.0,26.0,4.0,0.584515,1628845662.0,368084240.0,37.829081,-122.452417,10.97576,-0.94523,-0.326406,52.0,34.0,10.0,0.555073,285.1,6.265,10.0
1628845663.0,338404000.0,37.826913,-122.450602,8.398258,0.608246,-0.793749,36.0,26.0,4.0,0.582768,1628845663.0,368084240.0,37.829064,-122.452477,10.976071,-0.945183,-0.32654,52.0,34.0,10.0,0.553231,285.09444444444443,6.264166666666666,10.0
1628845664.0,338404000.0,37.826882,-122.450572,8.3899,0.611865,-0.790962,36.0,26.0,4.0,0.581019,1628845664.0,368084240.0,37.829048,-122.452538,10.976401,-0.945142,-0.326659,52.0,34.0,10.0,0.55139,285.0888888888889,6.263333333333334,10.0
1628845665.0,338404000.0,37.826852,-122.450542,8.381243,0.615551,-0.788097,36.0,26.0,4.0,0.579267,1628845665.0,368084240.0,37.829031,-122.452599,10.97675,-0.945106,-0.326764,52.0,34.0,10.0,0.549548,285.0833333333333,6.2625,10.0
1628845666.0,338404000.0,37.826821,-122.450512,8.372296,0.619303,-0.785152,36.0,26.0,4.0,0.577512,1628845666.0,368084240.0,37.829015,-122.45266,10.977118,-0.945075,-0.326855,52.0,34.0,10.0,0.547706,285.0777777777778,6.261666666666667,10.0
1628845667.0,338404000.0,37.826791,-122.450481,8.363074,0.623122,-0.782125,36.0,26.0,4.0,0.575755,1628845667.0,368084240.0,37.828998,-122.45272,10.977504,-0.945048,-0.326931,52.0,34.0,10.0,0.545864,285.0722222222222,6.260833333333333,10.0
1628845668.0,338404000.0,37.826761,-122.450451,8.353586,0.627006,-0.779014,36.0,26.0,4.0,0.573995,1628845668.0,368084240.0,37.828982,-122.452781,10.977908,-0.945027,-0.326993,52.0,34.0,10.0,0.544022,285.06666666666666,6.26,10.0
1628845669.0,338404000.0,37.82673,-122.45042,8.343845,0.630956,-0.775818,36.0,26.0,4.0,0.572232,1628845669.0,368084240.0,37.828965,-122.452842,10.978331,-0.945011,-0.32704,52.0,34.0,10.0,0.54218,285.0611111111112,6.259166666666666,10.0
1628845670.0,338404000.0,37.8267,-122.450389,8.333865,0.634972,-0.772535,36.0,26.0,4.0,0.570466,1628845670.0,368084240.0,37.828948,-122.452903,10.978773,-0.944999,-0.327073,52.0,34.0,10.0,0.540338,285.05555555555554,6.258333333333333,10.0
1628845671.0,338404000.0,37.826671,-122.450358,8.323658,0.639052,-0.769164,36.0,26.0,4.0,0.568698,1628845671.0,368084240.0,37.828932,-122.452964,10.979233,-0.944993,-0.327091,52.0,34.0,10.0,0.538496,285.05,6.2575,10.0
1628845672.0,338404000.0,37.826641,-122.450327,8.313237,0.643197,-0.765701,36.0,26.0,4.0,0.566927,1628845672.0,368084240.0,37.828915,-122.453024,10.979712,-0.944991,-0.327095,52.0,34.0,10.0,0.536653,285.0444444444444,6.256666666666667,10.0
1628845673.0,338404000.0,37.826612,-122.450296,8.302615,0.647405,-0.762146,36.0,26.0,4.0,0.565153,1628845673.0,368084240.0,37.828898,-122.453085,10.980209,-0.944995,-0.327085,52.0,34.0,10.0,0.534811,285.0388888888889,6.255833333333333,10.0
1628845674.0,338404000.0,37.826582,-122.450264,8.291808,0.651677,-0.758497,36.0,26.0,4.0,0.563376,1628845674.0,368084240.0,37.828882,-122.453146,10.980724,-0.945003,-0.32706,52.0,34.0,10.0,0.532969,285.03333333333336,6.255,10.0
1628845675.0,338404000.0,37.826553,-122.450233,8.280829,0.656011,-0.754751,36.0,26.0,4.0,0.561596,1628845675.0,368084240.0,37.828865,-122.453207,10.981258,-0.945017,-0.327021,52.0,34.0,10.0,0.531126,285.02777777777777,6.254166666666666,10.0
1628845676.0,338404000.0,37.826524,-122.450201,8.269693,0.660408,-0.750907,36.0,26.0,4.0,0.559814,1628845676.0,368084240.0,37.828849,-122.453267,10.98181,-0.945036,-0.326968,52.0,34.0,10.0,0.529283,285.02222222222224,6.253333333333333,10.0
1628845677.0,338404000.0,37.826496,-122.450169,8.258415,0.664865,-0.746963,36.0,26.0,4.0,0.558028,1628845677.0,368084240.0,37.828832,-122.453328,10.982381,-0.945059,-0.3269,52.0,34.0,10.0,0.527441,285.01666666666665,6.2525,10.0
1628845678.0,338404000.0,37.826467,-122.450137,8.24701,0.669384,-0.742917,36.0,26.0,4.0,0.556239,1628845678.0,368084240.0,37.828815,-122.453389,10.982971,-0.945088,-0.326817,52.0,34.0,10.0,0.525598,285.0111111111111,6.251666666666667,10.0
1628845679.0,338404000.0,37.826439,-122.450104,8.235495,0.673962,-0.738766,36.0,26.0,4.0,0.554447,1628845679.0,368084240.0,37.828799,-122.45345,10.983579,-0.945121,-0.326721,52.0,34.0,10.0,0.523755,285.0055555555556,6.2508333333333335,10.0
1628845680.0,338404000.0,37.826411,-122.450072,8.223885,0.678599,-0.734509,36.0,26.0,4.0,0.552653,1628845680.0,368084240.0,37.828782,-122.453511,10.984205,-0.945159,-0.32661,52.0,34.0,10.0,0.521912,285.0,6.25,10.0
1628845681.0,338404000.0,37.826383,-122.450039,8.212197,0.683294,-0.730144,36.0,26.0,4.0,0.550855,1628845681.0,368084240.0,37.828766,-122.453571,10.984851,-0.945203,-0.326484,52.0,34.0,10.0,0.520069,284.99444444444447,6.2491666666666665,10.0
1628845682.0,338404000.0,37.826355,-122.450006,8.200448,0.688045,-0.725668,36.0,26.0,4.0,0.549054,1628845682.0,368084240.0,37.828749,-122.453632,10.985515,-0.945251,-0.326344,52.0,34.0,10.0,0.518225,284.9888888888889,6.248333333333333,10.0
1628845683.0,338404000.0,37.826327,-122.449973,8.188655,0.692853,-0.721079,36.0,26.0,4.0,0.547249,1628845683.0,368084240.0,37.828732,-122.453693,10.986198,-0.945304,-0.32619,52.0,34.0,10.0,0.516382,284.9833333333333,6.2475,10.0
1628845684.0,338404000.0,37.8263,-122.44994,8.176922,0.697692,-0.716398,36.0,26.0,4.0,0.545442,1628845684.0,368084240.0,37.828716,-122.453754,10.9869,-0.945362,-0.326021,52.0,34.0,10.0,0.514538,284.97777777777776,6.246666666666666,10.0
1628845685.0,338404000.0,37.826273,-122.449907,8.165593,0.702473,-0.711711,36.0,26.0,4.0,0.543631,1628845685.0,368084240.0,37.828699,-122.453815,10.987621,-0.945426,-0.325838,52.0,34.0,10.0,0.512695,284.97222222222223,6.245833333333334,10.0
1628845686.0,338404000.0,37.826246,-122.449873,8.154741,0.707172,-0.707042,36.0,26.0,4.0,0.541817,1628845686.0,368084240.0,37.828683,-122.453876,10.988361,-0.945494,-0.325641,52.0,34.0,10.0,0.510851,284.96666666666664,6.245,10.0
1628845687.0,338404000.0,37.826219,-122.449839,8.144355,0.711789,-0.702393,36.0,26.0,4.0,0.54,1628845687.0,368084240.0,37.828666,-122.453936,10.98912,-0.945566,-0.325429,52.0,34.0,10.0,0.509007,284.9611111111111,6.244166666666667,10.0
1628845688.0,338404000.0,37.826193,-122.449805,8.134421,0.716325,-0.697767,36.0,26.0,4.0,0.53818,1628845688.0,368084240.0,37.82865,-122.453997,10.989899,-0.945644,-0.325203,52.0,34.0,10.0,0.507162,284.9555555555556,6.243333333333333,10.0
1628845689.0,338404000.0,37.826167,-122.449771,8.124926,0.72078,-0.693164,36.0,26.0,4.0,0.536356,1628845689.0,368084240.0,37.828633,-122.454058,10.990697,-0.945727,-0.324962,52.0,34.0,10.0,0.505318,284.95,6.2425,10.0
1628845690.0,338404000.0,37.826141,-122.449737,8.115857,0.725153,-0.688587,36.0,26.0,4.0,0.534529,1628845690.0,368084240.0,37.828617,-122.454119,10.991515,-0.945815,-0.324707,52.0,34.0,10.0,0.503473,284.94444444444446,6.241666666666666,10.0
1628845691.0,338404000.0,37.826115,-122.449702,8.107202,0.729446,-0.684039,36.0,26.0,4.0,0.5327,1628845691.0,368084240.0,37.8286,-122.45418,10.992346,-0.945906,-0.324441,52.0,34.0,10.0,0.501628,284.93888888888887,6.240833333333333,10.0
1628845692.0,338404000.0,37.826089,-122.449668,8.098948,0.733657,-0.67952,36.0,26.0,4.0,0.530867,1628845692.0,368084240.0,37.828584,-122.454241,10.993165,-0.945997,-0.324177,52.0,34.0,10.0,0.499783,284.93333333333334,6.24,10.0
1628845693.0,338404000.0,37.826064,-122.449633,8.091082,0.737788,-0.675032,36.0,26.0,4.0,0.529031,1628845693.0,368084240.0,37.828567,-122.454302,10.993965,-0.946086,-0.323917,52.0,34.0,10.0,0.497938,284.9277777777778,6.239166666666667,10.0
1628845694.0,338404000.0,37.826038,-122.449598,8.083592,0.741839,-0.670578,36.0,26.0,4.0,0.527192,1628845694.0,368084240.0,37.828551,-122.454363,10.994747,-0.946173,-0.323661,52.0,34.0,10.0,0.496092,284.9222222222222,6.238333333333333,10.0
1628845695.0,338404000.0,37.826013,-122.449563,8.076466,0.74581,-0.666159,36.0,26.0,4.0,0.52535,1628845695.0,368084240.0,37.828534,-122.454424,10.99551,-0.946259,-0.323411,52.0,34.0,10.0,0.494247,284.9166666666667,6.2375,10.0
1628845696.0,338404000.0,37.825988,-122.449528,8.069691,0.749701,-0.661777,36.0,26.0,4.0,0.523506,1628845696.0,368084240.0,37.828518,-122.454485,10.996254,-0.946343,-0.323165,52.0,34.0,10.0,0.492401,284.9111111111111,6.236666666666666,10.0
1628845697.0,338404000.0,37.825964,-122.449492,8.063255,0.753513,-0.657433,36.0,26.0,4.0,0.521658,1628845697.0,368084240.0,37.828501,-122.454546,10.996979,-0.946425,-0.322923,52.0,34.0,10.0,0.490555,284.9055555555556,6.235833333333334,10.0
1628845698.0,338404000.0,37.825939,-122.449457,8.057146,0.757247,-0.653129,36.0,26.0,4.0,0.519808,1628845698.0,368084240.0,37.828485,-122.454607,10.997686,-0.946506,-0.322687,52.0,34.0,10.0,0.488709,284.9,6.235,10.0
1628845699.0,338404000.0,37.825915,-122.449421,8.051352,0.760902,-0.648866,36.0,26.0,4.0,0.517955,1628845699.0,368084240.0,37.828468,-122.454668,10.998374,-0.946585,-0.322455,52.0,34.0,10.0,0.486862,284.89444444444445,6.234166666666667,10.0
1628845700.0,338404000.0,37.825891,-122.449385,8.045861,0.76448,-0.644647,36.0,26.0,4.0,0.516099,1628845700.0,368084240.0,37.828452,-122.454728,10.999043,-0.946662,-0.322228,52.0,34.0,10.0,0.485016,284.8888888888889,6.233333333333333,10.0
1628845701.0,338404000.0,37.825867,-122.449349,8.040662,0.767981,-0.640472,36.0,26.0,4.0,0.51424,1628845701.0,368084240.0,37.828436,-122.454789,10.999693,-0.946738,-0.322005,52.0,34.0,10.0,0.483169,284.8833333333333,6.2325,10.0
1628845702.0,338404000.0,37.825843,-122.449313,8.035744,0.771406,-0.636344,36.0,26.0,4.0,0.512379,1628845702.0,368084240.0,37.828419,-122.45485,11.000324,-0.946812,-0.321787,52.0,34.0,10.0,0.481322,284.8777777777778,6.2316666666666665,10.0
1628845703.0,338404000.0,37.825819,-122.449276,8.031094,0.774754,-0.632263,36.0,26.0,4.0,0.510515,1628845703.0,368084240.0,37.828403,-122.454911,11.000937,-0.946885,-0.321574,52.0,34.0,10.0,0.479475,284.8722222222222,6.230833333333333,10.0
1628845704.0,338404000.0,37.825796,-122.44924,8.026701,0.778027,-0.62823,36.0,26.0,4.0,0.508648,1628845704.0,368084240.0,37.828386,-122.454973,11.00153,-0.946955,-0.321365,52.0,34.0,10.0,0.477628,284.8666666666667,6.23,10.0
1628845705.0,338404000.0,37.825772,-122.449203,8.022555,0.781226,-0.624248,36.0,26.0,4.0,0.506779,1628845705.0,368084240.0,37.82837,-122.455034,11.002104,-0.947025,-0.321161,52.0,34.0,10.0,0.475781,284.8611111111111,6.229166666666667,10.0
1628845706.0,338404000.0,37.825749,-122.449167,8.018645,0.784351,-0.620318,36.0,26.0,4.0,0.504907,1628845706.0,368084240.0,37.828354,-122.455095,11.002659,-0.947092,-0.320962,52.0,34.0,10.0,0.473933,284.85555555555555,6.2283333333333335,10.0
1628845707.0,338404000.0,37.825726,-122.44913,8.01496,0.787402,-0.61644,36.0,26.0,4.0,0.503033,1628845707.0,368084240.0,37.828337,-122.455156,11.003195,-0.947158,-0.320767,52.0,34.0,10.0,0.472086,284.85,6.2275,10.0
1628845708.0,338404000.0,37.825703,-122.449093,8.011488,0.790381,-0.612616,36.0,26.0,4.0,0.501156,1628845708.0,368084240.0,37.828321,-122.455217,11.003712,-0.947222,-0.320577,52.0,34.0,10.0,0.470238,284.84444444444443,6.226666666666667,10.0
1628845709.0,338404000.0,37.825681,-122.449056,8.008221,0.793288,-0.608847,36.0,26.0,4.0,0.499278,1628845709.0,368084240.0,37.828305,-122.455278,11.004209,-0.947285,-0.320392,52.0,34.0,10.0,0.46839,284.8388888888889,6.225833333333333,10.0
1628845710.0,338404000.0,37.825658,-122.449019,8.005147,0.796123,-0.605134,36.0,26.0,4.0,0.497396,1628845710.0,368084240.0,37.828288,-122.455339,11.004687,-0.947346,-0.320212,52.0,34.0,10.0,0.466542,284.8333333333333,6.225,10.0
1628845711.0,338404000.0,37.825636,-122.448981,8.002257,0.798889,-0.601479,36.0,26.0,4.0,0.495513,1628845711.0,368084240.0,37.828272,-122.4554,11.005146,-0.947406,-0.320036,52.0,34.0,10.0,0.464694,284.8277777777778,6.224166666666667,10.0
1628845712.0,338404000.0,37.825613,-122.448944,7.99954,0.801584,-0.597882,36.0,26.0,4.0,0.493627,1628845712.0,368084240.0,37.828256,-122.455461,11.005586,-0.947463,-0.319864,52.0,34.0,10.0,0.462846,284.8222222222222,6.223333333333334,10.0
1628845713.0,338404000.0,37.825591,-122.448906,7.996986,0.804211,-0.594344,36.0,26.0,4.0,0.491739,1628845713.0,368084240.0,37.82824,-122.455522,11.006007,-0.94752,-0.319698,52.0,34.0,10.0,0.460998,284.81666666666666,6.2225,10.0
1628845714.0,338404000.0,37.825569,-122.448869,7.994588,0.806769,-0.590867,36.0,26.0,4.0,0.489849,1628845714.0,368084240.0,37.828223,-122.455583,11.006408,-0.947574,-0.319536,52.0,34.0,10.0,0.459149,284.8111111111112,6.221666666666667,10.0
1628845715.0,338404000.0,37.825547,-122.448831,7.992333,0.809259,-0.587451,36.0,26.0,4.0,0.487957,1628845715.0,368084240.0,37.828207,-122.455644,11.006789,-0.947627,-0.319378,52.0,34.0,10.0,0.457301,284.80555555555554,6.220833333333333,10.0
1628845716.0,338404000.0,37.825526,-122.448793,7.990215,0.811683,-0.584098,36.0,26.0,4.0,0.486063,1628845716.0,368084240.0,37.828191,-122.455705,11.007152,-0.947679,-0.319226,52.0,34.0,10.0,0.455452,284.8,6.22,10.0
1628845717.0,338404000.0,37.825504,-122.448755,7.988223,0.814041,-0.580807,36.0,26.0,4.0,0.484166,1628845717.0,368084240.0,37.828174,-122.455766,11.007495,-0.947729,-0.319078,52.0,34.0,10.0,0.453603,284.7944444444444,6.219166666666666,10.0
1628845718.0,338404000.0,37.825483,-122.448717,7.986349,0.816334,-0.577581,36.0,26.0,4.0,0.482268,1628845718.0,368084240.0,37.828158,-122.455827,11.007818,-0.947777,-0.318934,52.0,34.0,10.0,0.451755,284.7888888888889,6.218333333333334,10.0
1628845719.0,338404000.0,37.825461,-122.448679,7.984585,0.818562,-0.574419,36.0,26.0,4.0,0.480368,1628845719.0,368084240.0,37.828142,-122.455889,11.008122,-0.947823,-0.318796,52.0,34.0,10.0,0.449906,284.78333333333336,6.2175,10.0
1628845720.0,338404000.0,37.82544,-122.44864,7.982921,0.820726,-0.571322,36.0,26.0,4.0,0.478466,1628845720.0,368084240.0,37.828126,-122.45595,11.008407,-0.947869,-0.318662,52.0,34.0,10.0,0.448057,284.77777777777777,6.216666666666667,10.0
1628845721.0,338404000.0,37.825419,-122.448602,7.981349,0.822827,-0.568292,36.0,26.0,4.0,0.476562,1628845721.0,368084240.0,37.828109,-122.456011,11.008672,-0.947912,-0.318532,52.0,34.0,10.0,0.446208,284.77222222222224,6.215833333333333,10.0
1628845722.0,338404000.0,37.825398,-122.448564,7.979862,0.824865,-0.565329,36.0,26.0,4.0,0.474657,1628845722.0,368084240.0,37.828093,-122.456072,11.008917,-0.947954,-0.318408,52.0,34.0,10.0,0.444358,284.76666666666665,6.215,10.0
1628845723.0,338404000.0,37.825377,-122.448525,7.978452,0.826842,-0.562434,36.0,26.0,4.0,0.47275,1628845723.0,368084240.0,37.828077,-122.456133,11.009143,-0.947994,-0.318287,52.0,34.0,10.0,0.442509,284.7611111111111,6.214166666666666,10.0
1628845724.0,338404000.0,37.825356,-122.448486,7.977111,0.828758,-0.559607,36.0,26.0,4.0,0.470841,1628845724.0,368084240.0,37.828061,-122.456194,11.009349,-0.948033,-0.318172,52.0,34.0,10.0,0.44066,284.7555555555556,6.213333333333333,10.0
1628845725.0,338404000.0,37.825336,-122.448448,7.97583,0.830614,-0.556849,36.0,26.0,4.0,0.468931,1628845725.0,368084240.0,37.828045,-122.456255,11.009536,-0.94807,-0.318061,52.0,34.0,10.0,0.438811,284.75,6.2125,10.0
1628845726.0,338404000.0,37.825315,-122.448409,7.974605,0.83241,-0.55416,36.0,26.0,4.0,0.467019,1628845726.0,368084240.0,37.828028,-122.456316,11.009703,-0.948106,-0.317955,52.0,34.0,10.0,0.436961,284.74444444444447,6.211666666666667,10.0
1628845727.0,338404000.0,37.825295,-122.44837,7.973426,0.834147,-0.551542,36.0,26.0,4.0,0.465106,1628845727.0,368084240.0,37.828012,-122.456378,11.00985,-0.94814,-0.317854,52.0,34.0,10.0,0.435112,284.7388888888889,6.210833333333333,10.0
1628845728.0,338404000.0,37.825274,-122.448331,7.972287,0.835826,-0.548994,36.0,26.0,4.0,0.463191,1628845728.0,368084240.0,37.827996,-122.456439,11.009978,-0.948172,-0.317757,52.0,34.0,10.0,0.433262,284.7333333333333,6.21,10.0
1628845729.0,338404000.0,37.825254,-122.448292,7.971183,0.837447,-0.546518,36.0,26.0,4.0,0.461275,1628845729.0,368084240.0,37.82798,-122.4565,11.010086,-0.948203,-0.317665,52.0,34.0,10.0,0.431413,284.72777777777776,6.2091666666666665,10.0
1628845730.0,338404000.0,37.825234,-122.448253,7.970105,0.839012,-0.544113,36.0,26.0,4.0,0.459358,1628845730.0,368084240.0,37.827964,-122.456561,11.010174,-0.948232,-0.317577,52.0,34.0,10.0,0.429563,284.72222222222223,6.208333333333333,10.0
1628845731.0,338404000.0,37.825214,-122.448214,7.969047,0.84052,-0.541781,36.0,26.0,4.0,0.457439,1628845731.0,368084240.0,37.827947,-122.456622,11.010243,-0.94826,-0.317495,52.0,34.0,10.0,0.427714,284.71666666666664,6.2075,10.0
1628845732.0,338404000.0,37.825194,-122.448174,7.968005,0.841972,-0.539521,36.0,26.0,4.0,0.455519,1628845732.0,368084240.0,37.827931,-122.456683,11.010292,-0.948286,-0.317416,52.0,34.0,10.0,0.425864,284.7111111111111,6.206666666666667,10.0
1628845733.0,338404000.0,37.825174,-122.448135,7.966971,0.84337,-0.537334,36.0,26.0,4.0,0.453598,1628845733.0,368084240.0,37.827915,-122.456744,11.010321,-0.948311,-0.317343,52.0,34.0,10.0,0.424015,284.7055555555556,6.2058333333333335,10.0
1628845734.0,338404000.0,37.825154,-122.448096,7.965941,0.844712,-0.535221,36.0,26.0,4.0,0.451676,1628845734.0,368084240.0,37.827899,-122.456806,11.01033,-0.948334,-0.317274,52.0,34.0,10.0,0.422165,284.7,6.205,10.0
1628845735.0,338404000.0,37.825134,-122.448056,7.964908,0.846001,-0.533181,36.0,26.0,4.0,0.449753,1628845735.0,368084240.0,37.827883,-122.456867,11.01032,-0.948355,-0.31721,52.0,34.0,10.0,0.420315,284.69444444444446,6.204166666666667,10.0
1628845736.0,338404000.0,37.825115,-122.448017,7.963867,0.847236,-0.531216,36.0,26.0,4.0,0.447829,1628845736.0,368084240.0,37.827867,-122.456928,11.01029,-0.948375,-0.31715,52.0,34.0,10.0,0.418466,284.68888888888887,6.203333333333333,10.0
1628845737.0,338404000.0,37.825095,-122.447977,7.962814,0.848419,-0.529326,36.0,26.0,4.0,0.445905,1628845737.0,368084240.0,37.827851,-122.456989,11.01024,-0.948394,-0.317095,52.0,34.0,10.0,0.416616,284.68333333333334,6.2025,10.0
1628845738.0,338404000.0,37.825076,-122.447938,7.961743,0.849548,-0.527511,36.0,26.0,4.0,0.443979,1628845738.0,368084240.0,37.827834,-122.45705,11.01017,-0.94841,-0.317045,52.0,34.0,10.0,0.414766,284.6777777777778,6.201666666666666,10.0
1628845739.0,338404000.0,37.825056,-122.447898,7.96065,0.850626,-0.525771,36.0,26.0,4.0,0.442052,1628845739.0,368084240.0,37.827818,-122.457111,11.010081,-0.948426,-0.316999,52.0,34.0,10.0,0.412916,284.6722222222222,6.200833333333334,10.0
1628845740.0,338404000.0,37.825037,-122.447859,7.95953,0.851653,-0.524106,36.0,26.0,4.0,0.440125,1628845740.0,368084240.0,37.827802,-122.457173,11.009971,-0.948439,-0.316958,52.0,34.0,10.0,0.411067,284.6666666666667,6.2,10.0
1628845741.0,338404000.0,37.825018,-122.447819,7.958379,0.852628,-0.522518,36.0,26.0,4.0,0.438197,1628845741.0,368084240.0,37.827786,-122.457234,11.009842,-0.948452,-0.316922,52.0,34.0,10.0,0.409217,284.6611111111111,6.199166666666667,10.0
1628845742.0,338404000.0,37.824998,-122.447779,7.957193,0.853553,-0.521006,36.0,26.0,4.0,0.436269,1628845742.0,368084240.0,37.82777,-122.457295,11.009693,-0.948462,-0.316891,52.0,34.0,10.0,0.407367,284.6555555555556,6.198333333333333,10.0
1628845743.0,338404000.0,37.824979,-122.447739,7.955968,0.854428,-0.51957,36.0,26.0,4.0,0.43434,1628845743.0,368084240.0,37.827754,-122.457356,11.009524,-0.948471,-0.316864,52.0,34.0,10.0,0.405518,284.65,6.1975,10.0
1628845744.0,338404000.0,37.82496,-122.447699,7.9547,0.855253,-0.518211,36.0,26.0,4.0,0.43241,1628845744.0,368084240.0,37.827737,-122.457417,11.009336,-0.948479,-0.316841,52.0,34.0,10.0,0.403668,284.64444444444445,6.196666666666666,10.0
1628845745.0,338404000.0,37.824941,-122.44766,7.953386,0.856028,-0.516929,36.0,26.0,4.0,0.43048,1628845745.0,368084240.0,37.827721,-122.457478,11.009127,-0.948485,-0.316824,52.0,34.0,10.0,0.401819,284.6388888888889,6.195833333333333,10.0
1628845746.0,338404000.0,37.824922,-122.44762,7.952022,0.856755,-0.515724,36.0,26.0,4.0,0.42855,1628845746.0,368084240.0,37.827705,-122.45754,11.008899,-0.948489,-0.31681,52.0,34.0,10.0,0.399969,284.6333333333333,6.195,10.0
1628845747.0,338404000.0,37.824903,-122.44758,7.950606,0.857432,-0.514597,36.0,26.0,4.0,0.426619,1628845747.0,368084240.0,37.827689,-122.457601,11.008651,-0.948492,-0.316802,52.0,34.0,10.0,0.398119,284.6277777777778,6.194166666666667,10.0
1628845748.0,338404000.0,37.824884,-122.44754,7.949135,0.858062,-0.513547,36.0,26.0,4.0,0.424688,1628845748.0,368084240.0,37.827673,-122.457662,11.008383,-0.948493,-0.316798,52.0,34.0,10.0,0.39627,284.6222222222222,6.193333333333333,10.0
1628845749.0,338404000.0,37.824865,-122.4475,7.947605,0.858643,-0.512575,36.0,26.0,4.0,0.422757,1628845749.0,368084240.0,37.827657,-122.457723,11.008095,-0.948493,-0.316799,52.0,34.0,10.0,0.394421,284.6166666666667,6.1925,10.0
1628845750.0,338404000.0,37.824846,-122.44746,7.946015,0.859176,-0.511681,36.0,26.0,4.0,0.420826,1628845750.0,368084240.0,37.827641,-122.457784,11.007788,-0.948491,-0.316805,52.0,34.0,10.0,0.392571,284.6111111111111,6.191666666666666,10.0
1628845751.0,338404000.0,37.824828,-122.44742,7.944362,0.859661,-0.510865,36.0,26.0,4.0,0.418894,1628845751.0,368084240.0,37.827625,-122.457845,11.00746,-0.948487,-0.316815,52.0,34.0,10.0,0.390722,284.60555555555555,6.190833333333333,10.0
1628845752.0,338404000.0,37.824809,-122.44738,7.942644,0.860099,-0.510128,36.0,26.0,4.0,0.416963,1628845752.0,368084240.0,37.827608,-122.457907,11.007113,-0.948482,-0.31683,52.0,34.0,10.0,0.388873,284.6,6.19,10.0
1628845753.0,338404000.0,37.82479,-122.44734,7.940877,0.860499,-0.509453,36.0,26.0,4.0,0.415032,1628845753.0,368084240.0,37.827592,-122.457968,11.006746,-0.948476,-0.31685,52.0,34.0,10.0,0.387023,284.59444444444443,6.189166666666667,10.0
1628845754.0,338404000.0,37.824771,-122.4473,7.93913,0.860899,-0.508776,36.0,26.0,4.0,0.413101,1628845754.0,368084240.0,37.827576,-122.458029,11.006359,-0.948468,-0.316874,52.0,34.0,10.0,0.385174,284.5888888888889,6.1883333333333335,10.0
1628845755.0,338404000.0,37.824753,-122.44726,7.93742,0.861309,-0.508082,36.0,26.0,4.0,0.41117,1628845755.0,368084240.0,37.82756,-122.45809,11.005948,-0.948458,-0.316903,52.0,34.0,10.0,0.383325,284.5833333333333,6.1875,10.0
1628845756.0,338404000.0,37.824734,-122.44722,7.935749,0.861728,-0.50737,36.0,26.0,4.0,0.409239,1628845756.0,368084240.0,37.827544,-122.458151,11.005499,-0.948446,-0.31694,52.0,34.0,10.0,0.381476,284.5777777777778,6.1866666666666665,10.0
1628845757.0,338404000.0,37.824715,-122.44718,7.934116,0.862158,-0.50664,36.0,26.0,4.0,0.407308,1628845757.0,368084240.0,37.827528,-122.458212,11.005008,-0.948431,-0.316985,52.0,34.0,10.0,0.379627,284.5722222222222,6.185833333333333,10.0
1628845758.0,338404000.0,37.824697,-122.44714,7.932522,0.862597,-0.505892,36.0,26.0,4.0,0.405377,1628845758.0,368084240.0,37.827512,-122.458273,11.004475,-0.948413,-0.317037,52.0,34.0,10.0,0.377778,284.56666666666666,6.185,10.0
1628845759.0,338404000.0,37.824678,-122.4471,7.930967,0.863045,-0.505127,36.0,26.0,4.0,0.403446,1628845759.0,368084240.0,37.827495,-122.458335,11.0039,-0.948393,-0.317097,52.0,34.0,10.0,0.37593,284.5611111111112,6.184166666666666,10.0
1628845760.0,338404000.0,37.82466,-122.44706,7.929452,0.863503,-0.504343,36.0,26.0,4.0,0.401515,1628845760.0,368084240.0,37.827479,-122.458396,11.003283,-0.94837,-0.317165,52.0,34.0,10.0,0.374081,284.55555555555554,6.183333333333334,10.0
1628845761.0,338404000.0,37.824641,-122.44702,7.927977,0.863971,-0.503542,36.0,26.0,4.0,0.399584,1628845761.0,368084240.0,37.827463,-122.458457,11.002623,-0.948345,-0.317241,52.0,34.0,10.0,0.372233,284.55,6.1825,10.0
1628845762.0,338404000.0,37.824623,-122.446979,7.926543,0.864448,-0.502723,36.0,26.0,4.0,0.397653,1628845762.0,368084240.0,37.827447,-122.458518,11.001922,-0.948317,-0.317325,52.0,34.0,10.0,0.370384,284.5444444444444,6.181666666666667,10.0
1628845763.0,338404000.0,37.824604,-122.446939,7.92515,0.864934,-0.501886,36.0,26.0,4.0,0.395722,1628845763.0,368084240.0,37.827431,-122.458579,11.001179,-0.948286,-0.317417,52.0,34.0,10.0,0.368536,284.5388888888889,6.180833333333333,10.0
1628845764.0,338404000.0,37.824586,-122.446899,7.923798,0.86543,-0.50103,36.0,26.0,4.0,0.393791,1628845764.0,368084240.0,37.827415,-122.45864,11.000393,-0.948253,-0.317516,52.0,34.0,10.0,0.366688,284.53333333333336,6.18,10.0
1628845765.0,338404000.0,37.824567,-122.446859,7.922489,0.865935,-0.500157,36.0,26.0,4.0,0.39186,1628845765.0,368084240.0,37.827399,-122.458701,10.999566,-0.948217,-0.317624,52.0,34.0,10.0,0.36484,284.52777777777777,6.179166666666666,10.0
1628845766.0,338404000.0,37.824549,-122.446819,7.921221,0.866449,-0.499266,36.0,26.0,4.0,0.389929,1628845766.0,368084240.0,37.827382,-122.458762,10.998697,-0.948178,-0.317739,52.0,34.0,10.0,0.362992,284.52222222222224,6.178333333333333,10.0
1628845767.0,338404000.0,37.824531,-122.446779,7.919997,0.866972,-0.498357,36.0,26.0,4.0,0.387998,1628845767.0,368084240.0,37.827366,-122.458823,10.997786,-0.948137,-0.317862,52.0,34.0,10.0,0.361145,284.51666666666665,6.1775,10.0
1628845768.0,338404000.0,37.824513,-122.446738,7.918816,0.867504,-0.49743,36.0,26.0,4.0,0.386066,1628845768.0,368084240.0,37.82735,-122.458884,10.996833,-0.948093,-0.317993,52.0,34.0,10.0,0.359297,284.5111111111111,6.176666666666667,10.0
1628845769.0,338404000.0,37.824494,-122.446698,7.91768,0.868046,-0.496485,36.0,26.0,4.0,0.384135,1628845769.0,368084240.0,37.827334,-122.458946,10.995839,-0.948046,-0.318132,52.0,34.0,10.0,0.35745,284.5055555555556,6.175833333333333,10.0
1628845770.0,338404000.0,37.824476,-122.446658,7.916587,0.868596,-0.495521,36.0,26.0,4.0,0.382203,1628845770.0,368084240.0,37.827318,-122.459007,10.994802,-0.947997,-0.318279,52.0,34.0,10.0,0.355603,284.5,6.175,10.0
1628845771.0,338404000.0,37.824458,-122.446618,7.91554,0.869155,-0.494539,36.0,26.0,4.0,0.380271,1628845771.0,368084240.0,37.827301,-122.459068,10.993724,-0.947945,-0.318434,52.0,34.0,10.0,0.353756,284.49444444444447,6.174166666666666,10.0
1628845772.0,338404000.0,37.82444,-122.446577,7.914538,0.869723,-0.49354,36.0,26.0,4.0,0.378339,1628845772.0,368084240.0,37.827285,-122.459129,10.992604,-0.947891,-0.318596,52.0,34.0,10.0,0.35191,284.4888888888889,6.173333333333333,10.0
1628845773.0,338404000.0,37.824422,-122.446537,7.913583,0.8703,-0.492522,36.0,26.0,4.0,0.376406,1628845773.0,368084240.0,37.827269,-122.45919,10.991443,-0.947833,-0.318766,52.0,34.0,10.0,0.350063,284.4833333333333,6.1725,10.0
1628845774.0,338404000.0,37.824404,-122.446497,7.912674,0.870886,-0.491486,36.0,26.0,4.0,0.374474,1628845774.0,368084240.0,37.827253,-122.459251,10.99024,-0.947773,-0.318945,52.0,34.0,10.0,0.348217,284.47777777777776,6.171666666666667,10.0
1628845775.0,338404000.0,37.824386,-122.446456,7.911812,0.87148,-0.490431,36.0,26.0,4.0,0.372541,1628845775.0,368084240.0,37.827237,-122.459312,10.988996,-0.947711,-0.319131,52.0,34.0,10.0,0.346371,284.47222222222223,6.170833333333333,10.0
1628845776.0,338404000.0,37.824368,-122.446416,7.910998,0.872083,-0.489359,36.0,26.0,4.0,0.370607,1628845776.0,368084240.0,37.82722,-122.459373,10.98771,-0.947645,-0.319325,52.0,34.0,10.0,0.344526,284.46666666666664,6.17,10.0
1628845777.0,338404000.0,37.82435,-122.446375,7.910233,0.872694,-0.488268,36.0,26.0,4.0,0.368674,1628845777.0,368084240.0,37.827204,-122.459434,10.986382,-0.947577,-0.319527,52.0,34.0,10.0,0.34268,284.4611111111111,6.1691666666666665,10.0
1628845778.0,338404000.0,37.824332,-122.446335,7.909516,0.873314,-0.487158,36.0,26.0,4.0,0.36674,1628845778.0,368084240.0,37.827188,-122.459495,10.985013,-0.947506,-0.319737,52.0,34.0,10.0,0.340835,284.4555555555556,6.168333333333333,10.0
1628845779.0,338404000.0,37.824314,-122.446295,7.908849,0.873942,-0.486031,36.0,26.0,4.0,0.364805,1628845779.0,368084240.0,37.827172,-122.459556,10.983603,-0.947433,-0.319955,52.0,34.0,10.0,0.33899,284.45,6.1675,10.0
1628845780.0,338404000.0,37.824296,-122.446254,7.908232,0.874578,-0.484885,36.0,26.0,4.0,0.362871,1628845780.0,368084240.0,37.827155,-122.459617,10.982152,-0.947357,-0.32018,52.0,34.0,10.0,0.337146,284.44444444444446,6.166666666666667,10.0
1628845781.0,338404000.0,37.824279,-122.446214,7.907666,0.875222,-0.483721,36.0,26.0,4.0,0.360936,1628845781.0,368084240.0,37.827139,-122.459678,10.98066,-0.947278,-0.320414,52.0,34.0,10.0,0.335301,284.43888888888887,6.1658333333333335,10.0
1628845782.0,338404000.0,37.824261,-122.446173,7.907152,0.875875,-0.482538,36.0,26.0,4.0,0.359,1628845782.0,368084240.0,37.827123,-122.459739,10.979126,-0.947196,-0.320655,52.0,34.0,10.0,0.333457,284.43333333333334,6.165,10.0
1628845783.0,338404000.0,37.824243,-122.446132,7.906689,0.876536,-0.481337,36.0,26.0,4.0,0.357064,1628845783.0,368084240.0,37.827107,-122.459799,10.977552,-0.947112,-0.320905,52.0,34.0,10.0,0.331614,284.4277777777778,6.164166666666667,10.0
1628845784.0,338404000.0,37.824226,-122.446092,7.90628,0.877204,-0.480117,36.0,26.0,4.0,0.355128,1628845784.0,368084240.0,37.82709,-122.45986,10.975936,-0.947024,-0.321162,52.0,34.0,10.0,0.32977,284.4222222222222,6.163333333333333,10.0
1628845785.0,338404000.0,37.824208,-122.446051,7.905923,0.877881,-0.47888,36.0,26.0,4.0,0.353191,1628845785.0,368084240.0,37.827074,-122.459921,10.97428,-0.946934,-0.321427,52.0,34.0,10.0,0.327927,284.4166666666667,6.1625,10.0
1628845786.0,338404000.0,37.824191,-122.446011,7.905621,0.878565,-0.477623,36.0,26.0,4.0,0.351254,1628845786.0,368084240.0,37.827058,-122.459982,10.972582,-0.946842,-0.3217,52.0,34.0,10.0,0.326085,284.4111111111111,6.161666666666667,10.0
1628845787.0,338404000.0,37.824173,-122.44597,7.905373,0.879257,-0.476348,36.0,26.0,4.0,0.349316,1628845787.0,368084240.0,37.827041,-122.460043,10.970845,-0.946746,-0.321981,52.0,34.0,10.0,0.324242,284.4055555555556,6.160833333333334,10.0
1628845788.0,338404000.0,37.824156,-122.445929,7.905181,0.879956,-0.475055,36.0,26.0,4.0,0.347378,1628845788.0,368084240.0,37.827025,-122.460104,10.969066,-0.946648,-0.32227,52.0,34.0,10.0,0.3224,284.4,6.16,10.0
1628845789.0,338404000.0,37.824138,-122.445888,7.905045,0.880663,-0.473743,36.0,26.0,4.0,0.345439,1628845789.0,368084240.0,37.827009,-122.460165,10.967247,-0.946546,-0.322567,52.0,34.0,10.0,0.320559,284.39444444444445,6.159166666666667,10.0
1628845790.0,338404000.0,37.824121,-122.445848,7.904966,0.881377,-0.472413,36.0,26.0,4.0,0.343499,1628845790.0,368084240.0,37.826992,-122.460225,10.965387,-0.946443,-0.322872,52.0,34.0,10.0,0.318718,284.3888888888889,6.158333333333333,10.0
1628845791.0,338404000.0,37.824104,-122.445807,7.904944,0.882099,-0.471064,36.0,26.0,4.0,0.341559,1628845791.0,368084240.0,37.826976,-122.460286,10.963487,-0.946336,-0.323185,52.0,34.0,10.0,0.316877,284.3833333333333,6.1575,10.0
1628845792.0,338404000.0,37.824087,-122.445766,7.90498,0.882828,-0.469696,36.0,26.0,4.0,0.339618,1628845792.0,368084240.0,37.82696,-122.460347,10.961547,-0.946226,-0.323506,52.0,34.0,10.0,0.315036,284.3777777777778,6.156666666666666,10.0
1628845793.0,338404000.0,37.824069,-122.445725,7.905075,0.883564,-0.46831,36.0,26.0,4.0,0.337677,1628845793.0,368084240.0,37.826943,-122.460408,10.959566,-0.946114,-0.323835,52.0,34.0,10.0,0.313196,284.3722222222222,6.155833333333334,10.0
1628845794.0,338404000.0,37.824052,-122.445684,7.90523,0.884307,-0.466906,36.0,26.0,4.0,0.335735,1628845794.0,368084240.0,37.826927,-122.460468,10.957546,-0.945998,-0.324172,52.0,34.0,10.0,0.311357,284.3666666666667,6.155,10.0
1628845795.0,338404000.0,37.824035,-122.445643,7.905446,0.885057,-0.465483,36.0,26.0,4.0,0.333792,1628845795.0,368084240.0,37.82691,-122.460529,10.955485,-0.94588,-0.324516,52.0,34.0,10.0,0.309517,284.3611111111111,6.154166666666667,10.0
1628845796.0,338404000.0,37.824018,-122.445602,7.905722,0.885814,-0.464041,36.0,26.0,4.0,0.331849,1628845796.0,368084240.0,37.826894,-122.46059,10.953385,-0.945759,-0.324869,52.0,34.0,10.0,0.307679,284.35555555555555,6.153333333333333,10.0
1628845797.0,338404000.0,37.824001,-122.445561,7.906061,0.886577,-0.46258,36.0,26.0,4.0,0.329905,1628845797.0,368084240.0,37.826877,-122.460651,10.951244,-0.945635,-0.32523,52.0,34.0,10.0,0.30584,284.35,6.1525,10.0
1628845798.0,338404000.0,37.823984,-122.44552,7.906462,0.887347,-0.461101,36.0,26.0,4.0,0.32796,1628845798.0,368084240.0,37.826861,-122.460711,10.949064,-0.945508,-0.325599,52.0,34.0,10.0,0.304002,284.34444444444443,6.151666666666666,10.0
1628845799.0,338404000.0,37.823967,-122.445479,7.906927,0.888124,-0.459604,36.0,26.0,4.0,0.326015,1628845799.0,368084240.0,37.826844,-122.460772,10.946845,-0.945378,-0.325975,52.0,34.0,10.0,0.302165,284.3388888888889,6.150833333333333,10.0
1628845800.0,338404000.0,37.823951,-122.445438,7.907456,0.888907,-0.458088,36.0,26.0,4.0,0.324068,1628845800.0,368084240.0,37.826828,-122.460832,10.944586,-0.945246,-0.32636,52.0,34.0,10.0,0.300328,284.3333333333333,6.15,10.0
1628845801.0,338404000.0,37.823934,-122.445397,7.90805,0.889696,-0.456553,36.0,26.0,4.0,0.322121,1628845801.0,368084240.0,37.826811,-122.460893,10.942287,-0.94511,-0.326753,52.0,34.0,10.0,0.298491,284.3277777777778,6.149166666666667,10.0
1628845802.0,338404000.0,37.823917,-122.445356,7.908709,0.890492,-0.454999,36.0,26.0,4.0,0.320173,1628845802.0,368084240.0,37.826795,-122.460954,10.93995,-0.944971,-0.327153,52.0,34.0,10.0,0.296655,284.3222222222222,6.148333333333333,10.0
1628845803.0,338404000.0,37.8239,-122.445314,7.909436,0.891293,-0.453427,36.0,26.0,4.0,0.318224,1628845803.0,368084240.0,37.826778,-122.461014,10.937573,-0.94483,-0.327562,52.0,34.0,10.0,0.29482,284.31666666666666,6.1475,10.0
1628845804.0,338404000.0,37.823884,-122.445273,7.91023,0.892101,-0.451836,36.0,26.0,4.0,0.316275,1628845804.0,368084240.0,37.826762,-122.461075,10.935157,-0.944685,-0.327979,52.0,34.0,10.0,0.292985,284.3111111111112,6.1466666666666665,10.0
1628845805.0,338404000.0,37.823867,-122.445232,7.911092,0.892914,-0.450227,36.0,26.0,4.0,0.314324,1628845805.0,368084240.0,37.826745,-122.461135,10.932702,-0.944538,-0.328403,52.0,34.0,10.0,0.29115,284.30555555555554,6.145833333333333,10.0
1628845806.0,338404000.0,37.823851,-122.44519,7.912024,0.893733,-0.448599,36.0,26.0,4.0,0.312373,1628845806.0,368084240.0,37.826728,-122.461196,10.930209,-0.944387,-0.328836,52.0,34.0,10.0,0.289316,284.3,6.145,10.0
1628845807.0,338404000.0,37.823834,-122.445149,7.913025,0.894558,-0.446952,36.0,26.0,4.0,0.310421,1628845807.0,368084240.0,37.826712,-122.461256,10.927677,-0.944233,-0.329277,52.0,34.0,10.0,0.287482,284.2944444444444,6.144166666666667,10.0
1628845808.0,338404000.0,37.823818,-122.445108,7.914097,0.895388,-0.445287,36.0,26.0,4.0,0.308467,1628845808.0,368084240.0,37.826695,-122.461317,10.925106,-0.944077,-0.329726,52.0,34.0,10.0,0.285649,284.2888888888889,6.1433333333333335,10.0
1628845809.0,338404000.0,37.823802,-122.445066,7.915241,0.896223,-0.443603,36.0,26.0,4.0,0.306513,1628845809.0,368084240.0,37.826679,-122.461377,10.922497,-0.943917,-0.330183,52.0,34.0,10.0,0.283817,284.28333333333336,6.1425,10.0
1628845810.0,338404000.0,37.823786,-122.445024,7.916458,0.897064,-0.4419,36.0,26.0,4.0,0.304558,1628845810.0,368084240.0,37.826662,-122.461437,10.91985,-0.943754,-0.330648,52.0,34.0,10.0,0.281985,284.27777777777777,6.141666666666667,10.0
1628845811.0,338404000.0,37.823769,-122.444983,7.917747,0.89791,-0.440179,36.0,26.0,4.0,0.302602,1628845811.0,368084240.0,37.826645,-122.461498,10.917164,-0.943588,-0.331121,52.0,34.0,10.0,0.280153,284.27222222222224,6.140833333333333,10.0
1628845812.0,338404000.0,37.823753,-122.444941,7.919111,0.898761,-0.438439,36.0,26.0,4.0,0.300645,1628845812.0,368084240.0,37.826628,-122.461558,10.914441,-0.943419,-0.331602,52.0,34.0,10.0,0.278323,284.26666666666665,6.14,10.0
1628845813.0,338404000.0,37.823737,-122.4449,7.920551,0.899616,-0.436681,36.0,26.0,4.0,0.298687,1628845813.0,368084240.0,37.826612,-122.461618,10.91168,-0.943247,-0.332091,52.0,34.0,10.0,0.276492,284.2611111111111,6.139166666666666,10.0
1628845814.0,338404000.0,37.823721,-122.444858,7.922066,0.900477,-0.434904,36.0,26.0,4.0,0.296727,1628845814.0,368084240.0,37.826595,-122.461679,10.908881,-0.943072,-0.332589,52.0,34.0,10.0,0.274663,284.2555555555556,6.138333333333334,10.0
1628845815.0,338404000.0,37.823705,-122.444816,7.923658,0.901342,-0.433108,36.0,26.0,4.0,0.294767,1628845815.0,368084240.0,37.826578,-122.461739,10.906045,-0.942894,-0.333094,52.0,34.0,10.0,0.272834,284.25,6.1375,10.0
1628845816.0,338404000.0,37.823689,-122.444774,7.925328,0.902211,-0.431294,36.0,26.0,4.0,0.292806,1628845816.0,368084240.0,37.826561,-122.461799,10.903171,-0.942712,-0.333608,52.0,34.0,10.0,0.271005,284.24444444444447,6.136666666666667,10.0
1628845817.0,338404000.0,37.823674,-122.444732,7.927077,0.903085,-0.429462,36.0,26.0,4.0,0.290843,1628845817.0,368084240.0,37.826544,-122.461859,10.90026,-0.942527,-0.334129,52.0,34.0,10.0,0.269177,284.2388888888889,6.135833333333333,10.0
1628845818.0,338404000.0,37.823658,-122.44469,7.928906,0.903963,-0.42761,36.0,26.0,4.0,0.288879,1628845818.0,368084240.0,37.826528,-122.46192,10.897312,-0.942339,-0.334659,52.0,34.0,10.0,0.26735,284.2333333333333,6.135,10.0
1628845819.0,338404000.0,37.823642,-122.444648,7.930815,0.904845,-0.425741,36.0,26.0,4.0,0.286915,1628845819.0,368084240.0,37.826511,-122.46198,10.894327,-0.942148,-0.335197,52.0,34.0,10.0,0.265523,284.22777777777776,6.134166666666666,10.0
1628845820.0,338404000.0,37.823626,-122.444606,7.932806,0.905731,-0.423852,36.0,26.0,4.0,0.284949,1628845820.0,368084240.0,37.826494,-122.46204,10.891306,-0.941954,-0.335743,52.0,34.0,10.0,0.263697,284.22222222222223,6.133333333333333,10.0
1628845821.0,338404000.0,37.823611,-122.444564,7.934879,0.906621,-0.421946,36.0,26.0,4.0,0.282981,1628845821.0,368084240.0,37.826477,-122.4621,10.888247,-0.941756,-0.336297,52.0,34.0,10.0,0.261872,284.21666666666664,6.1325,10.0
1628845822.0,338404000.0,37.823595,-122.444522,7.937036,0.907515,-0.420021,36.0,26.0,4.0,0.281013,1628845822.0,368084240.0,37.82646,-122.46216,10.885163,-0.941557,-0.336854,52.0,34.0,10.0,0.260047,284.2111111111111,6.131666666666667,10.0
1628845823.0,338404000.0,37.82358,-122.44448,7.939259,0.908407,-0.418086,36.0,26.0,4.0,0.279043,1628845823.0,368084240.0,37.826443,-122.46222,10.882096,-0.941364,-0.337393,52.0,34.0,10.0,0.258223,284.2055555555556,6.130833333333333,10.0
1628845824.0,338404000.0,37.823565,-122.444438,7.941474,0.909283,-0.416178,36.0,26.0,4.0,0.277073,1628845824.0,368084240.0,37.826426,-122.46228,10.879057,-0.941179,-0.337907,52.0,34.0,10.0,0.2564,284.2,6.13,10.0
1628845825.0,338404000.0,37.823549,-122.444395,7.943663,0.910138,-0.414306,36.0,26.0,4.0,0.2751,1628845825.0,368084240.0,37.826409,-122.46234,10.876044,-0.941003,-0.338398,52.0,34.0,10.0,0.254577,284.19444444444446,6.129166666666666,10.0
1628845826.0,338404000.0,37.823534,-122.444353,7.945823,0.910972,-0.412469,36.0,26.0,4.0,0.273127,1628845826.0,368084240.0,37.826392,-122.4624,10.873057,-0.940835,-0.338866,52.0,34.0,10.0,0.252755,284.18888888888887,6.128333333333333,10.0
1628845827.0,338404000.0,37.823519,-122.444311,7.947951,0.911785,-0.410668,36.0,26.0,4.0,0.271153,1628845827.0,368084240.0,37.826375,-122.46246,10.870096,-0.940675,-0.339309,52.0,34.0,10.0,0.250934,284.18333333333334,6.1275,10.0
1628845828.0,338404000.0,37.823504,-122.444268,7.950047,0.912578,-0.408903,36.0,26.0,4.0,0.269177,1628845828.0,368084240.0,37.826358,-122.46252,10.867161,-0.940523,-0.339729,52.0,34.0,10.0,0.249113,284.1777777777778,6.126666666666667,10.0
1628845829.0,338404000.0,37.823489,-122.444226,7.952108,0.913351,-0.407173,36.0,26.0,4.0,0.2672,1628845829.0,368084240.0,37.826341,-122.46258,10.864251,-0.94038,-0.340124,52.0,34.0,10.0,0.247293,284.1722222222222,6.1258333333333335,10.0
1628845830.0,338404000.0,37.823474,-122.444183,7.954133,0.914104,-0.405479,36.0,26.0,4.0,0.265222,1628845830.0,368084240.0,37.826324,-122.462639,10.861366,-0.940246,-0.340497,52.0,34.0,10.0,0.245473,284.1666666666667,6.125,10.0
1628845831.0,338404000.0,37.823459,-122.444141,7.956119,0.914838,-0.403821,36.0,26.0,4.0,0.263244,1628845831.0,368084240.0,37.826307,-122.462699,10.858506,-0.94012,-0.340845,52.0,34.0,10.0,0.243654,284.1611111111111,6.1241666666666665,10.0
1628845832.0,338404000.0,37.823444,-122.444098,7.958064,0.915552,-0.402199,36.0,26.0,4.0,0.261264,1628845832.0,368084240.0,37.826289,-122.462759,10.85567,-0.940002,-0.341169,52.0,34.0,10.0,0.241835,284.1555555555556,6.123333333333333,10.0
1628845833.0,338404000.0,37.823429,-122.444055,7.959968,0.916247,-0.400613,36.0,26.0,4.0,0.259283,1628845833.0,368084240.0,37.826272,-122.462819,10.852857,-0.939893,-0.34147,52.0,34.0,10.0,0.240017,284.15,6.1225,10.0
1628845834.0,338404000.0,37.823414,-122.444013,7.961829,0.916924,-0.399063,36.0,26.0,4.0,0.257301,1628845834.0,368084240.0,37.826255,-122.462879,10.850068,-0.939792,-0.341746,52.0,34.0,10.0,0.2382,284.14444444444445,6.121666666666666,10.0
1628845835.0,338404000.0,37.8234,-122.44397,7.963644,0.917581,-0.397549,36.0,26.0,4.0,0.255318,1628845835.0,368084240.0,37.826238,-122.462938,10.847303,-0.9397,-0.341999,52.0,34.0,10.0,0.236383,284.1388888888889,6.120833333333334,10.0
1628845836.0,338404000.0,37.823385,-122.443927,7.965413,0.91822,-0.39607,36.0,26.0,4.0,0.253334,1628845836.0,368084240.0,37.826221,-122.462998,10.844561,-0.939617,-0.342228,52.0,34.0,10.0,0.234567,284.1333333333333,6.12,10.0
1628845837.0,338404000.0,37.823371,-122.443884,7.967134,0.918841,-0.394628,36.0,26.0,4.0,0.25135,1628845837.0,368084240.0,37.826204,-122.463058,10.841842,-0.939542,-0.342433,52.0,34.0,10.0,0.232751,284.1277777777778,6.119166666666667,10.0
1628845838.0,338404000.0,37.823356,-122.443841,7.968805,0.919443,-0.393222,36.0,26.0,4.0,0.249364,1628845838.0,368084240.0,37.826187,-122.463117,10.839146,-0.939476,-0.342614,52.0,34.0,10.0,0.230936,284.1222222222222,6.118333333333333,10.0
1628845839.0,338404000.0,37.823342,-122.443798,7.970424,0.920028,-0.391852,36.0,26.0,4.0,0.247378,1628845839.0,368084240.0,37.826169,-122.463177,10.836472,-0.939419,-0.342771,52.0,34.0,10.0,0.229121,284.1166666666667,6.1175,10.0
1628845840.0,338404000.0,37.823327,-122.443755,7.971991,0.920595,-0.390518,36.0,26.0,4.0,0.245391,1628845840.0,368084240.0,37.826152,-122.463237,10.833821,-0.93937,-0.342904,52.0,34.0,10.0,0.227306,284.1111111111111,6.116666666666666,10.0
1628845841.0,338404000.0,37.823313,-122.443713,7.973504,0.921145,-0.389221,36.0,26.0,4.0,0.243403,1628845841.0,368084240.0,37.826135,-122.463296,10.831192,-0.939331,-0.343013,52.0,34.0,10.0,0.225493,284.10555555555555,6.115833333333333,10.0
1628845842.0,338404000.0,37.823298,-122.443669,7.974962,0.921677,-0.387959,36.0,26.0,4.0,0.241414,1628845842.0,368084240.0,37.826118,-122.463356,10.828586,-0.939299,-0.343098,52.0,34.0,10.0,0.223679,284.1,6.115,10.0
1628845843.0,338404000.0,37.823284,-122.443626,7.976363,0.922191,-0.386734,36.0,26.0,4.0,0.239425,1628845843.0,368084240.0,37.826101,-122.463415,10.826001,-0.939277,-0.34316,52.0,34.0,10.0,0.221866,284.09444444444443,6.114166666666667,10.0
1628845844.0,338404000.0,37.82327,-122.443583,7.977707,0.922689,-0.385544,36.0,26.0,4.0,0.237435,1628845844.0,368084240.0,37.826083,-122.463475,10.823439,-0.939263,-0.343197,52.0,34.0,10.0,0.220054,284.0888888888889,6.113333333333333,10.0
1628845845.0,338404000.0,37.823255,-122.44354,7.978991,0.92317,-0.384391,36.0,26.0,4.0,0.235444,1628845845.0,368084240.0,37.826066,-122.463535,10.820899,-0.939259,-0.34321,52.0,34.0,10.0,0.218242,284.0833333333333,6.1125,10.0
1628845846.0,338404000.0,37.823241,-122.443497,7.980214,0.923635,-0.383274,36.0,26.0,4.0,0.233452,1628845846.0,368084240.0,37.826049,-122.463594,10.818382,-0.939263,-0.343199,52.0,34.0,10.0,0.21643,284.0777777777778,6.111666666666666,10.0
1628845847.0,338404000.0,37.823227,-122.443454,7.981377,0.924082,-0.382194,36.0,26.0,4.0,0.23146,1628845847.0,368084240.0,37.826032,-122.463654,10.815886,-0.939275,-0.343164,52.0,34.0,10.0,0.214619,284.0722222222222,6.110833333333333,10.0
1628845848.0,338404000.0,37.823213,-122.443411,7.982477,0.924513,-0.381149,36.0,26.0,4.0,0.229468,1628845848.0,368084240.0,37.826015,-122.463713,10.813412,-0.939297,-0.343105,52.0,34.0,10.0,0.212809,284.06666666666666,6.11,10.0
1628845849.0,338404000.0,37.823199,-122.443368,7.983513,0.924928,-0.380141,36.0,26.0,4.0,0.227475,1628845849.0,368084240.0,37.825998,-122.463773,10.810961,-0.939327,-0.343022,52.0,34.0,10.0,0.210998,284.0611111111112,6.109166666666667,10.0
1628845850.0,338404000.0,37.823185,-122.443324,7.984484,0.925327,-0.379169,36.0,26.0,4.0,0.225481,1628845850.0,368084240.0,37.82598,-122.463832,10.808532,-0.939366,-0.342915,52.0,34.0,10.0,0.209188,284.05555555555554,6.108333333333333,10.0
1628845851.0,338404000.0,37.823171,-122.443281,7.98539,0.92571,-0.378234,36.0,26.0,4.0,0.223487,1628845851.0,368084240.0,37.825963,-122.463892,10.806126,-0.939414,-0.342784,52.0,34.0,10.0,0.207379,284.05,6.1075,10.0
1628845852.0,338404000.0,37.823157,-122.443238,7.986229,0.926077,-0.377335,36.0,26.0,4.0,0.221492,1628845852.0,368084240.0,37.825946,-122.463951,10.803741,-0.939471,-0.342628,52.0,34.0,10.0,0.20557,284.0444444444444,6.1066666666666665,10.0
1628845853.0,338404000.0,37.823143,-122.443194,7.987001,0.926428,-0.376471,36.0,26.0,4.0,0.219498,1628845853.0,368084240.0,37.825929,-122.46401,10.80138,-0.939536,-0.342449,52.0,34.0,10.0,0.203761,284.0388888888889,6.105833333333333,10.0
1628845854.0,338404000.0,37.823129,-122.443151,7.987704,0.926764,-0.375645,36.0,26.0,4.0,0.217502,1628845854.0,368084240.0,37.825912,-122.46407,10.799041,-0.939611,-0.342245,52.0,34.0,10.0,0.201952,284.03333333333336,6.105,10.0
1628845855.0,338404000.0,37.823115,-122.443108,7.988338,0.927084,-0.374854,36.0,26.0,4.0,0.215506,1628845855.0,368084240.0,37.825895,-122.464129,10.796726,-0.939694,-0.342017,52.0,34.0,10.0,0.200144,284.02777777777777,6.104166666666667,10.0
1628845856.0,338404000.0,37.823101,-122.443064,7.988902,0.927388,-0.3741,36.0,26.0,4.0,0.21351,1628845856.0,368084240.0,37.825878,-122.464189,10.794433,-0.939786,-0.341765,52.0,34.0,10.0,0.198336,284.02222222222224,6.1033333333333335,10.0
1628845857.0,338404000.0,37.823088,-122.443021,7.989395,0.927678,-0.373382,36.0,26.0,4.0,0.211514,1628845857.0,368084240.0,37.825861,-122.464248,10.792164,-0.939886,-0.341488,52.0,34.0,10.0,0.196529,284.01666666666665,6.1025,10.0
1628845858.0,338404000.0,37.823074,-122.442977,7.989817,0.927952,-0.372701,36.0,26.0,4.0,0.209517,1628845858.0,368084240.0,37.825844,-122.464308,10.789919,-0.939995,-0.341188,52.0,34.0,10.0,0.194722,284.0111111111111,6.101666666666667,10.0
1628845859.0,338404000.0,37.82306,-122.442934,7.990166,0.92821,-0.372056,36.0,26.0,4.0,0.20752,1628845859.0,368084240.0,37.825827,-122.464367,10.787697,-0.940113,-0.340863,52.0,34.0,10.0,0.192915,284.0055555555556,6.100833333333333,10.0
1628845860.0,338404000.0,37.823046,-122.442891,7.990443,0.928454,-0.371447,36.0,26.0,4.0,0.205523,1628845860.0,368084240.0,37.82581,-122.464426,10.7855,-0.94024,-0.340513,52.0,34.0,10.0,0.191108,284.0,6.1,10.0
1628845861.0,338404000.0,37.823032,-122.442847,7.990646,0.928683,-0.370875,36.0,26.0,4.0,0.203526,1628845861.0,368084240.0,37.825793,-122.464486,10.783327,-0.940375,-0.340139,52.0,34.0,10.0,0.189302,283.99444444444447,6.099166666666667,10.0
1628845862.0,338404000.0,37.823019,-122.442804,7.990774,0.928897,-0.370338,36.0,26.0,4.0,0.201528,1628845862.0,368084240.0,37.825776,-122.464545,10.781179,-0.940519,-0.339741,52.0,34.0,10.0,0.187496,283.9888888888889,6.098333333333334,10.0
1628845863.0,338404000.0,37.823005,-122.44276,7.990828,0.929096,-0.369839,36.0,26.0,4.0,0.199531,1628845863.0,368084240.0,37.825759,-122.464605,10.779056,-0.940671,-0.339319,52.0,34.0,10.0,0.18569,283.9833333333333,6.0975,10.0
1628845864.0,338404000.0,37.822991,-122.442717,7.990807,0.92928,-0.369375,36.0,26.0,4.0,0.197533,1628845864.0,368084240.0,37.825742,-122.464664,10.776959,-0.940832,-0.338872,52.0,34.0,10.0,0.183885,283.97777777777776,6.096666666666667,10.0
1628845865.0,338404000.0,37.822978,-122.442673,7.990711,0.92945,-0.368949,36.0,26.0,4.0,0.195535,1628845865.0,368084240.0,37.825725,-122.464723,10.774888,-0.941002,-0.338401,52.0,34.0,10.0,0.182079,283.97222222222223,6.095833333333333,10.0
1628845866.0,338404000.0,37.822964,-122.44263,7.990538,0.929605,-0.368558,36.0,26.0,4.0,0.193537,1628845866.0,368084240.0,37.825708,-122.464783,10.772843,-0.94118,-0.337905,52.0,34.0,10.0,0.180274,283.96666666666664,6.095,10.0
1628845867.0,338404000.0,37.82295,-122.442586,7.990289,0.929745,-0.368204,36.0,26.0,4.0,0.191539,1628845867.0,368084240.0,37.825691,-122.464842,10.770825,-0.941367,-0.337385,52.0,34.0,10.0,0.17847,283.9611111111111,6.094166666666666,10.0
1628845868.0,338404000.0,37.822937,-122.442543,7.989963,0.929871,-0.367886,36.0,26.0,4.0,0.189541,1628845868.0,368084240.0,37.825674,-122.464902,10.768834,-0.941562,-0.33684,52.0,34.0,10.0,0.176665,283.9555555555556,6.093333333333334,10.0
1628845869.0,338404000.0,37.822923,-122.442499,7.98956,0.929982,-0.367605,36.0,26.0,4.0,0.187543,1628845869.0,368084240.0,37.825657,-122.464961,10.766871,-0.941765,-0.336271,52.0,34.0,10.0,0.174861,283.95,6.0925,10.0
1628845870.0,338404000.0,37.82291,-122.442456,7.989079,0.930079,-0.36736,36.0,26.0,4.0,0.185546,1628845870.0,368084240.0,37.825641,-122.46502,10.764936,-0.941977,-0.335677,52.0,34.0,10.0,0.173056,283.94444444444446,6.091666666666667,10.0
1628845871.0,338404000.0,37.822896,-122.442412,7.988521,0.930161,-0.367152,36.0,26.0,4.0,0.183548,1628845871.0,368084240.0,37.825624,-122.46508,10.763031,-0.942197,-0.335059,52.0,34.0,10.0,0.171252,283.93888888888887,6.090833333333333,10.0
1628845872.0,338404000.0,37.822883,-122.442369,7.987885,0.930229,-0.36698,36.0,26.0,4.0,0.18155,1628845872.0,368084240.0,37.825607,-122.465139,10.761154,-0.942426,-0.334416,52.0,34.0,10.0,0.169448,283.93333333333334,6.09,10.0
1628845873.0,338404000.0,37.822869,-122.442325,7.987171,0.930282,-0.366844,36.0,26.0,4.0,0.179553,1628845873.0,368084240.0,37.825591,-122.465198,10.759307,-0.942662,-0.333748,52.0,34.0,10.0,0.167645,283.9277777777778,6.089166666666666,10.0
1628845874.0,338404000.0,37.822855,-122.442282,7.986379,0.930321,-0.366745,36.0,26.0,4.0,0.177556,1628845874.0,368084240.0,37.825574,-122.465258,10.757491,-0.942907,-0.333056,52.0,34.0,10.0,0.165841,283.9222222222222,6.088333333333333,10.0
1628845875.0,338404000.0,37.822842,-122.442238,7.985508,0.930346,-0.366683,36.0,26.0,4.0,0.175559,1628845875.0,368084240.0,37.825557,-122.465317,10.755706,-0.94316,-0.332339,52.0,34.0,10.0,0.164037,283.9166666666667,6.0875,10.0
1628845876.0,338404000.0,37.822828,-122.442195,7.984559,0.930356,-0.366657,36.0,26.0,4.0,0.173562,1628845876.0,368084240.0,37.825541,-122.465377,10.753953,-0.943421,-0.331598,52.0,34.0,10.0,0.162234,283.9111111111111,6.086666666666667,10.0
1628845877.0,338404000.0,37.822815,-122.442151,7.983532,0.930352,-0.366667,36.0,26.0,4.0,0.171566,1628845877.0,368084240.0,37.825524,-122.465436,10.752232,-0.94369,-0.330831,52.0,34.0,10.0,0.160431,283.9055555555556,6.085833333333333,10.0
1628845878.0,338404000.0,37.822801,-122.442108,7.982426,0.930334,-0.366715,36.0,26.0,4.0,0.16957,1628845878.0,368084240.0,37.825508,-122.465496,10.750544,-0.943967,-0.33004,52.0,34.0,10.0,0.158628,283.9,6.085,10.0
1628845879.0,338404000.0,37.822788,-122.442064,7.981242,0.930301,-0.366798,36.0,26.0,4.0,0.167574,1628845879.0,368084240.0,37.825492,-122.465555,10.74889,-0.944252,-0.329224,52.0,34.0,10.0,0.156825,283.89444444444445,6.0841666666666665,10.0
1628845880.0,338404000.0,37.822774,-122.442021,7.97998,0.930253,-0.366918,36.0,26.0,4.0,0.165578,1628845880.0,368084240.0,37.825475,-122.465614,10.747271,-0.944544,-0.328384,52.0,34.0,10.0,0.155022,283.8888888888889,6.083333333333333,10.0
1628845881.0,338404000.0,37.822761,-122.441977,7.97864,0.930191,-0.367075,36.0,26.0,4.0,0.163583,1628845881.0,368084240.0,37.825459,-122.465674,10.745686,-0.944845,-0.327518,52.0,34.0,10.0,0.153219,283.8833333333333,6.0825,10.0
1628845882.0,338404000.0,37.822747,-122.441934,7.977221,0.930115,-0.367269,36.0,26.0,4.0,0.161589,1628845882.0,368084240.0,37.825443,-122.465733,10.744138,-0.945153,-0.326628,52.0,34.0,10.0,0.151416,283.8777777777778,6.081666666666667,10.0
1628845883.0,338404000.0,37.822733,-122.44189,7.975725,0.930024,-0.367499,36.0,26.0,4.0,0.159594,1628845883.0,368084240.0,37.825426,-122.465793,10.742627,-0.945469,-0.325713,52.0,34.0,10.0,0.149613,283.8722222222222,6.0808333333333335,10.0
1628845884.0,338404000.0,37.82272,-122.441847,7.974152,0.929919,-0.367765,36.0,26.0,4.0,0.157601,1628845884.0,368084240.0,37.82541,-122.465852,10.741153,-0.945792,-0.324773,52.0,34.0,10.0,0.14781,283.8666666666667,6.08,10.0
1628845885.0,338404000.0,37.822706,-122.441803,7.972501,0.929799,-0.368068,36.0,26.0,4.0,0.155607,1628845885.0,368084240.0,37.825394,-122.465912,10.739717,-0.946123,-0.323808,52.0,34.0,10.0,0.146008,283.8611111111111,6.079166666666667,10.0
1628845886.0,338404000.0,37.822693,-122.44176,7.970773,0.929664,-0.368408,36.0,26.0,4.0,0.153615,1628845886.0,368084240.0,37.825378,-122.465971,10.738321,-0.946461,-0.322818,52.0,34.0,10.0,0.144205,283.85555555555555,6.078333333333333,10.0
1628845887.0,338404000.0,37.822679,-122.441717,7.968969,0.929515,-0.368785,36.0,26.0,4.0,0.151623,1628845887.0,368084240.0,37.825362,-122.466031,10.736965,-0.946807,-0.321803,52.0,34.0,10.0,0.142402,283.85,6.0775,10.0
1628845888.0,338404000.0,37.822666,-122.441673,7.967088,0.929351,-0.369198,36.0,26.0,4.0,0.149631,1628845888.0,368084240.0,37.825346,-122.46609,10.73565,-0.94716,-0.320763,52.0,34.0,10.0,0.1406,283.84444444444443,6.076666666666666,10.0
1628845889.0,338404000.0,37.822652,-122.44163,7.965132,0.929172,-0.369648,36.0,26.0,4.0,0.14764,1628845889.0,368084240.0,37.82533,-122.46615,10.734406,-0.947516,-0.319709,52.0,34.0,10.0,0.138797,283.8388888888889,6.075833333333334,10.0
1628845890.0,338404000.0,37.822638,-122.441586,7.9631,0.928978,-0.370135,36.0,26.0,4.0,0.14565,1628845890.0,368084240.0,37.825314,-122.46621,10.733346,-0.94786,-0.318686,52.0,34.0,10.0,0.136994,283.8333333333333,6.075,10.0
1628845891.0,338404000.0,37.822625,-122.441543,7.960994,0.928769,-0.370659,36.0,26.0,4.0,0.14366,1628845891.0,368084240.0,37.825298,-122.466269,10.732496,-0.948189,-0.317706,52.0,34.0,10.0,0.135191,283.8277777777778,6.074166666666667,10.0
1628845892.0,338404000.0,37.822611,-122.4415,7.958813,0.928545,-0.371219,36.0,26.0,4.0,0.141671,1628845892.0,368084240.0,37.825283,-122.466329,10.731857,-0.948503,-0.316768,52.0,34.0,10.0,0.133388,283.8222222222222,6.073333333333333,10.0
1628845893.0,338404000.0,37.822597,-122.441456,7.956558,0.928306,-0.371816,36.0,26.0,4.0,0.139683,1628845893.0,368084240.0,37.825267,-122.466388,10.731426,-0.948802,-0.315872,52.0,34.0,10.0,0.131585,283.81666666666666,6.0725,10.0
1628845894.0,338404000.0,37.822584,-122.441413,7.95423,0.928052,-0.37245,36.0,26.0,4.0,0.137696,1628845894.0,368084240.0,37.825251,-122.466448,10.731202,-0.949085,-0.31502,52.0,34.0,10.0,0.129782,283.8111111111112,6.071666666666666,10.0
1628845895.0,338404000.0,37.82257,-122.44137,7.95183,0.927783,-0.373121,36.0,26.0,4.0,0.135709,1628845895.0,368084240.0,37.825235,-122.466508,10.731183,-0.949353,-0.31421,52.0,34.0,10.0,0.127979,283.80555555555554,6.070833333333333,10.0
1628845896.0,338404000.0,37.822556,-122.441327,7.949358,0.927498,-0.373828,36.0,26.0,4.0,0.133723,1628845896.0,368084240.0,37.82522,-122.466567,10.731369,-0.949607,-0.313443,52.0,34.0,10.0,0.126176,283.8,6.07,10.0
1628845897.0,338404000.0,37.822543,-122.441284,7.946815,0.927197,-0.374573,36.0,26.0,4.0,0.131738,1628845897.0,368084240.0,37.825204,-122.466627,10.731758,-0.949846,-0.312719,52.0,34.0,10.0,0.124372,283.7944444444444,6.069166666666667,10.0
1628845898.0,338404000.0,37.822529,-122.44124,7.944202,0.926881,-0.375354,36.0,26.0,4.0,0.129754,1628845898.0,368084240.0,37.825189,-122.466687,10.732349,-0.95007,-0.312038,52.0,34.0,10.0,0.122568,283.7888888888889,6.068333333333333,10.0
1628845899.0,338404000.0,37.822515,-122.441197,7.941519,0.92655,-0.376172,36.0,26.0,4.0,0.127771,1628845899.0,368084240.0,37.825173,-122.466746,10.733141,-0.950279,-0.3114,52.0,34.0,10.0,0.120764,283.78333333333336,6.0675,10.0
1628845900.0,338404000.0,37.822501,-122.441154,7.938767,0.926202,-0.377028,36.0,26.0,4.0,0.125788,1628845900.0,368084240.0,37.825158,-122.466806,10.734134,-0.950474,-0.310806,52.0,34.0,10.0,0.11896,283.77777777777777,6.066666666666666,10.0
1628845901.0,338404000.0,37.822487,-122.441111,7.935947,0.925838,-0.37792,36.0,26.0,4.0,0.123807,1628845901.0,368084240.0,37.825142,-122.466866,10.735325,-0.950654,-0.310254,52.0,34.0,10.0,0.117155,283.77222222222224,6.065833333333333,10.0
1628845902.0,338404000.0,37.822473,-122.441068,7.933061,0.925459,-0.378849,36.0,26.0,4.0,0.121827,1628845902.0,368084240.0,37.825127,-122.466926,10.736714,-0.950819,-0.309746,52.0,34.0,10.0,0.11535,283.76666666666665,6.065,10.0
1628845903.0,338404000.0,37.82246,-122.441025,7.930109,0.925062,-0.379815,36.0,26.0,4.0,0.119847,1628845903.0,368084240.0,37.825112,-122.466986,10.738301,-0.950971,-0.309281,52.0,34.0,10.0,0.113545,283.7611111111111,6.064166666666667,10.0
1628845904.0,338404000.0,37.822446,-122.440982,7.927092,0.92465,-0.380818,36.0,26.0,4.0,0.117869,1628845904.0,368084240.0,37.825096,-122.467045,10.740085,-0.951108,-0.308859,52.0,34.0,10.0,0.111739,283.7555555555556,6.0633333333333335,10.0
1628845905.0,338404000.0,37.822432,-122.440939,7.924011,0.924221,-0.381858,36.0,26.0,4.0,0.115891,1628845905.0,368084240.0,37.825081,-122.467105,10.742065,-0.951231,-0.30848,52.0,34.0,10.0,0.109933,283.75,6.0625,10.0
1628845906.0,338404000.0,37.822418,-122.440896,7.920867,0.923775,-0.382935,36.0,26.0,4.0,0.113915,1628845906.0,368084240.0,37.825066,-122.467165,10.74424,-0.951339,-0.308145,52.0,34.0,10.0,0.108127,283.74444444444447,6.0616666666666665,10.0
1628845907.0,338404000.0,37.822404,-122.440853,7.917661,0.923312,-0.38405,36.0,26.0,4.0,0.11194,1628845907.0,368084240.0,37.82505,-122.467225,10.746611,-0.951434,-0.307853,52.0,34.0,10.0,0.10632,283.7388888888889,6.060833333333333,10.0
1628845908.0,338404000.0,37.82239,-122.440811,7.914395,0.922833,-0.385201,36.0,26.0,4.0,0.109966,1628845908.0,368084240.0,37.825035,-122.467285,10.749176,-0.951514,-0.307605,52.0,34.0,10.0,0.104513,283.7333333333333,6.06,10.0
1628845909.0,338404000.0,37.822375,-122.440768,7.911069,0.922336,-0.386389,36.0,26.0,4.0,0.107993,1628845909.0,368084240.0,37.82502,-122.467345,10.751935,-0.951581,-0.307399,52.0,34.0,10.0,0.102705,283.72777777777776,6.059166666666666,10.0
1628845910.0,338404000.0,37.822361,-122.440725,7.907685,0.921821,-0.387615,36.0,26.0,4.0,0.106021,1628845910.0,368084240.0,37.825004,-122.467405,10.754888,-0.951633,-0.307238,52.0,34.0,10.0,0.100897,283.72222222222223,6.058333333333334,10.0
1628845911.0,338404000.0,37.822347,-122.440682,7.904245,0.92129,-0.388877,36.0,26.0,4.0,0.104051,1628845911.0,368084240.0,37.824989,-122.467465,10.758035,-0.951671,-0.307119,52.0,34.0,10.0,0.099088,283.71666666666664,6.0575,10.0
1628845912.0,338404000.0,37.822333,-122.44064,7.900749,0.92074,-0.390177,36.0,26.0,4.0,0.102081,1628845912.0,368084240.0,37.824974,-122.467525,10.761375,-0.951695,-0.307044,52.0,34.0,10.0,0.097279,283.7111111111111,6.056666666666667,10.0
1628845913.0,338404000.0,37.822319,-122.440597,7.897198,0.920172,-0.391514,36.0,26.0,4.0,0.100113,1628845913.0,368084240.0,37.824958,-122.467585,10.764908,-0.951706,-0.307011,52.0,34.0,10.0,0.095469,283.7055555555556,6.055833333333333,10.0
1628845914.0,338404000.0,37.822304,-122.440555,7.893595,0.919586,-0.392888,36.0,26.0,4.0,0.098146,1628845914.0,368084240.0,37.824943,-122.467645,10.768635,-0.951702,-0.307022,52.0,34.0,10.0,0.093658,283.7,6.055,10.0
1628845915.0,338404000.0,37.82229,-122.440512,7.889941,0.918982,-0.394299,36.0,26.0,4.0,0.096181,1628845915.0,368084240.0,37.824928,-122.467705,10.772555,-0.951685,-0.307077,52.0,34.0,10.0,0.091847,283.69444444444446,6.054166666666666,10.0
1628845916.0,338404000.0,37.822276,-122.44047,7.886236,0.91836,-0.395747,36.0,26.0,4.0,0.094216,1628845916.0,368084240.0,37.824913,-122.467765,10.776668,-0.951653,-0.307174,52.0,34.0,10.0,0.090035,283.68888888888887,6.053333333333333,10.0
1628845917.0,338404000.0,37.822261,-122.440427,7.882484,0.917718,-0.397233,36.0,26.0,4.0,0.092254,1628845917.0,368084240.0,37.824897,-122.467825,10.780975,-0.951608,-0.307314,52.0,34.0,10.0,0.088223,283.68333333333334,6.0525,10.0
1628845918.0,338404000.0,37.822247,-122.440385,7.878684,0.917057,-0.398755,36.0,26.0,4.0,0.090292,1628845918.0,368084240.0,37.824882,-122.467885,10.785476,-0.951549,-0.307497,52.0,34.0,10.0,0.08641,283.6777777777778,6.051666666666667,10.0
1628845919.0,338404000.0,37.822232,-122.440343,7.87484,0.916378,-0.400315,36.0,26.0,4.0,0.088332,1628845919.0,368084240.0,37.824867,-122.467945,10.790171,-0.951476,-0.307724,52.0,34.0,10.0,0.084596,283.6722222222222,6.050833333333333,10.0
1628845920.0,338404000.0,37.822218,-122.4403,7.870951,0.915678,-0.401912,36.0,26.0,4.0,0.086373,1628845920.0,368084240.0,37.824851,-122.468005,10.79506,-0.951389,-0.307992,52.0,34.0,10.0,0.082782,283.6666666666667,6.05,10.0
1628845921.0,338404000.0,37.822203,-122.440258,7.867021,0.91496,-0.403546,36.0,26.0,4.0,0.084416,1628845921.0,368084240.0,37.824836,-122.468065,10.800143,-0.951288,-0.308304,52.0,34.0,10.0,0.080966,283.6611111111111,6.049166666666666,10.0
1628845922.0,338404000.0,37.822188,-122.440216,7.863051,0.914221,-0.405217,36.0,26.0,4.0,0.08246,1628845922.0,368084240.0,37.82482,-122.468125,10.805423,-0.951173,-0.308659,52.0,34.0,10.0,0.07915,283.6555555555556,6.048333333333333,10.0
1628845923.0,338404000.0,37.822173,-122.440174,7.859043,0.913462,-0.406925,36.0,26.0,4.0,0.080506,1628845923.0,368084240.0,37.824805,-122.468186,10.810897,-0.951044,-0.309055,52.0,34.0,10.0,0.077333,283.65,6.0475,10.0
1628845924.0,338404000.0,37.822159,-122.440132,7.854998,0.912682,-0.40867,36.0,26.0,4.0,0.078553,1628845924.0,368084240.0,37.82479,-122.468246,10.816569,-0.950901,-0.309495,52.0,34.0,10.0,0.075516,283.64444444444445,6.046666666666667,10.0
1628845925.0,338404000.0,37.822144,-122.44009,7.850918,0.911882,-0.410453,36.0,26.0,4.0,0.076601,1628845925.0,368084240.0,37.824774,-122.468306,10.822437,-0.950744,-0.309976,52.0,34.0,10.0,0.073697,283.6388888888889,6.045833333333333,10.0
1628845926.0,338404000.0,37.822129,-122.440048,7.846805,0.911061,-0.412272,36.0,26.0,4.0,0.074652,1628845926.0,368084240.0,37.824759,-122.468366,10.828503,-0.950573,-0.3105,52.0,34.0,10.0,0.071878,283.6333333333333,6.045,10.0
1628845927.0,338404000.0,37.822114,-122.440006,7.842662,0.910218,-0.414129,36.0,26.0,4.0,0.072703,1628845927.0,368084240.0,37.824743,-122.468427,10.834768,-0.950388,-0.311066,52.0,34.0,10.0,0.070057,283.6277777777778,6.0441666666666665,10.0
1628845928.0,338404000.0,37.822099,-122.439964,7.83849,0.909354,-0.416022,36.0,26.0,4.0,0.070757,1628845928.0,368084240.0,37.824727,-122.468487,10.841233,-0.950189,-0.311674,52.0,34.0,10.0,0.068236,283.6222222222222,6.043333333333333,10.0
1628845929.0,338404000.0,37.822084,-122.439922,7.834291,0.908469,-0.417953,36.0,26.0,4.0,0.068812,1628845929.0,368084240.0,37.824712,-122.468547,10.847897,-0.949976,-0.312324,52.0,34.0,10.0,0.066414,283.6166666666667,6.0425,10.0
1628845930.0,338404000.0,37.822069,-122.439881,7.830067,0.907561,-0.419921,36.0,26.0,4.0,0.066868,1628845930.0,368084240.0,37.824696,-122.468608,10.854763,-0.949748,-0.313015,52.0,34.0,10.0,0.06459,283.6111111111111,6.041666666666667,10.0
1628845931.0,338404000.0,37.822053,-122.439839,7.825821,0.906631,-0.421925,36.0,26.0,4.0,0.064926,1628845931.0,368084240.0,37.82468,-122.468668,10.861832,-0.949506,-0.313748,52.0,34.0,10.0,0.062766,283.60555555555555,6.0408333333333335,10.0
1628845932.0,338404000.0,37.822038,-122.439798,7.821554,0.905678,-0.423967,36.0,26.0,4.0,0.062986,1628845932.0,368084240.0,37.824665,-122.468728,10.869104,-0.94925,-0.314522,52.0,34.0,10.0,0.060941,283.6,6.04,10.0
1628845933.0,338404000.0,37.822023,-122.439756,7.817269,0.904702,-0.426045,36.0,26.0,4.0,0.061048,1628845933.0,368084240.0,37.824649,-122.468789,10.876581,-0.948979,-0.315338,52.0,34.0,10.0,0.059115,283.59444444444443,6.039166666666667,10.0
1628845934.0,338404000.0,37.822007,-122.439715,7.812969,0.903703,-0.42816,36.0,26.0,4.0,0.059111,1628845934.0,368084240.0,37.824633,-122.468849,10.884264,-0.948694,-0.316194,52.0,34.0,10.0,0.057287,283.5888888888889,6.038333333333333,10.0
1628845935.0,338404000.0,37.821992,-122.439673,7.808654,0.90268,-0.430312,36.0,26.0,4.0,0.057176,1628845935.0,368084240.0,37.824617,-122.46891,10.892154,-0.948395,-0.317092,52.0,34.0,10.0,0.055459,283.5833333333333,6.0375,10.0
1628845936.0,338404000.0,37.821976,-122.439632,7.804328,0.901634,-0.4325,36.0,26.0,4.0,0.055242,1628845936.0,368084240.0,37.824601,-122.46897,10.900253,-0.948081,-0.31803,52.0,34.0,10.0,0.053629,283.5777777777778,6.036666666666667,10.0
1628845937.0,338404000.0,37.821961,-122.439591,7.799994,0.900563,-0.434725,36.0,26.0,4.0,0.053311,1628845937.0,368084240.0,37.824585,-122.469031,10.908562,-0.947752,-0.319009,52.0,34.0,10.0,0.051798,283.5722222222222,6.035833333333334,10.0
1628845938.0,338404000.0,37.821945,-122.43955,7.795652,0.899468,-0.436987,36.0,26.0,4.0,0.051381,1628845938.0,368084240.0,37.824569,-122.469091,10.917083,-0.947408,-0.320028,52.0,34.0,10.0,0.049966,283.56666666666666,6.035,10.0
1628845939.0,338404000.0,37.821929,-122.439509,7.791307,0.898348,-0.439285,36.0,26.0,4.0,0.049453,1628845939.0,368084240.0,37.824553,-122.469152,10.925816,-0.94705,-0.321087,52.0,34.0,10.0,0.048133,283.5611111111112,6.034166666666667,10.0
1628845940.0,338404000.0,37.821913,-122.439468,7.786961,0.897202,-0.44162,36.0,26.0,4.0,0.047527,1628845940.0,368084240.0,37.824536,-122.469212,10.934765,-0.946676,-0.322186,52.0,34.0,10.0,0.046299,283.55555555555554,6.033333333333333,10.0
1628845941.0,338404000.0,37.821898,-122.439427,7.782615,0.896031,-0.443991,36.0,26.0,4.0,0.045602,1628845941.0,368084240.0,37.82452,-122.469273,10.943929,-0.946288,-0.323325,52.0,34.0,10.0,0.044463,283.55,6.0325,10.0
1628845942.0,338404000.0,37.821882,-122.439386,7.778273,0.894835,-0.446398,36.0,26.0,4.0,0.04368,1628845942.0,368084240.0,37.824504,-122.469334,10.953312,-0.945885,-0.324503,52.0,34.0,10.0,0.042626,283.5444444444444,6.031666666666666,10.0
1628845943.0,338404000.0,37.821866,-122.439345,7.773938,0.893612,-0.448841,36.0,26.0,4.0,0.041759,1628845943.0,368084240.0,37.824487,-122.469394,10.962914,-0.945466,-0.32572,52.0,34.0,10.0,0.040788,283.5388888888889,6.030833333333334,10.0
1628845944.0,338404000.0,37.821849,-122.439304,7.769611,0.892362,-0.451321,36.0,26.0,4.0,0.03984,1628845944.0,368084240.0,37.824471,-122.469455,10.972739,-0.945032,-0.326977,52.0,34.0,10.0,0.038949,283.53333333333336,6.03,10.0
1628845945.0,338404000.0,37.821833,-122.439264,7.765297,0.891085,-0.453836,36.0,26.0,4.0,0.037923,1628845945.0,368084240.0,37.824454,-122.469516,10.982786,-0.944583,-0.328272,52.0,34.0,10.0,0.037108,283.52777777777777,6.029166666666667,10.0
1628845946.0,338404000.0,37.821817,-122.439223,7.760997,0.889781,-0.456387,36.0,26.0,4.0,0.036008,1628845946.0,368084240.0,37.824438,-122.469577,10.993059,-0.944119,-0.329606,52.0,34.0,10.0,0.035265,283.52222222222224,6.028333333333333,10.0
1628845947.0,338404000.0,37.8218,-122.439183,7.756715,0.88845,-0.458974,36.0,26.0,4.0,0.034095,1628845947.0,368084240.0,37.824421,-122.469637,11.00356,-0.943638,-0.330978,52.0,34.0,10.0,0.033422,283.51666666666665,6.0275,10.0
1628845948.0,338404000.0,37.821784,-122.439142,7.752453,0.88709,-0.461596,36.0,26.0,4.0,0.032184,1628845948.0,368084240.0,37.824404,-122.469698,11.01429,-0.943143,-0.332389,52.0,34.0,10.0,0.031576,283.5111111111111,6.026666666666666,10.0
1628845949.0,338404000.0,37.821767,-122.439102,7.748215,0.885702,-0.464254,36.0,26.0,4.0,0.030275,1628845949.0,368084240.0,37.824387,-122.469759,11.025252,-0.942631,-0.333837,52.0,34.0,10.0,0.02973,283.5055555555556,6.025833333333333,10.0
1628845950.0,338404000.0,37.821751,-122.439062,7.744003,0.884286,-0.466947,36.0,26.0,4.0,0.028367,1628845950.0,368084240.0,37.82437,-122.46982,11.03636,-0.942108,-0.33531,52.0,34.0,10.0,0.027881,283.5,6.025,10.0
1628845951.0,338404000.0,37.821734,-122.439022,7.73982,0.88284,-0.469675,36.0,26.0,4.0,0.026462,1628845951.0,368084240.0,37.824353,-122.469881,11.047267,-0.941591,-0.336758,52.0,34.0,10.0,0.026032,283.49444444444447,6.024166666666667,10.0
1628845952.0,338404000.0,37.821717,-122.438982,7.73567,0.881364,-0.472438,36.0,26.0,4.0,0.024559,1628845952.0,368084240.0,37.824336,-122.469942,11.057885,-0.941085,-0.338169,52.0,34.0,10.0,0.024181,283.4888888888889,6.023333333333333,10.0
1628845953.0,338404000.0,37.8217,-122.438942,7.731555,0.879859,-0.475236,36.0,26.0,4.0,0.022657,1628845953.0,368084240.0,37.824318,-122.470003,11.068212,-0.940591,-0.339543,52.0,34.0,10.0,0.022328,283.4833333333333,6.0225,10.0
1628845954.0,338404000.0,37.821683,-122.438902,7.72748,0.878323,-0.478068,36.0,26.0,4.0,0.020758,1628845954.0,368084240.0,37.824301,-122.470064,11.078246,-0.940107,-0.340881,52.0,34.0,10.0,0.020474,283.47777777777776,6.0216666666666665,10.0
1628845955.0,338404000.0,37.821666,-122.438862,7.723446,0.876756,-0.480935,36.0,26.0,4.0,0.018861,1628845955.0,368084240.0,37.824284,-122.470125,11.087984,-0.939634,-0.342182,52.0,34.0,10.0,0.018619,283.47222222222223,6.020833333333333,10.0
1628845956.0,338404000.0,37.821649,-122.438823,7.719458,0.875159,-0.483836,36.0,26.0,4.0,0.016965,1628845956.0,368084240.0,37.824266,-122.470186,11.097427,-0.939172,-0.343447,52.0,34.0,10.0,0.016762,283.46666666666664,6.02,10.0
1628845957.0,338404000.0,37.821632,-122.438783,7.715518,0.87353,-0.486771,36.0,26.0,4.0,0.015072,1628845957.0,368084240.0,37.824248,-122.470247,11.10657,-0.938722,-0.344676,52.0,34.0,10.0,0.014904,283.4611111111111,6.019166666666667,10.0
1628845958.0,338404000.0,37.821614,-122.438744,7.71163,0.871869,-0.48974,36.0,26.0,4.0,0.013181,1628845958.0,368084240.0,37.824231,-122.470308,11.115415,-0.938282,-0.34587,52.0,34.0,10.0,0.013045,283.4555555555556,6.0183333333333335,10.0
1628845959.0,338404000.0,37.821597,-122.438704,7.707798,0.870175,-0.492742,36.0,26.0,4.0,0.011292,1628845959.0,368084240.0,37.824213,-122.470369,11.123957,-0.937855,-0.347028,52.0,34.0,10.0,0.011184,283.45,6.0175,10.0
1628845960.0,338404000.0,37.821579,-122.438665,7.704024,0.868449,-0.495778,36.0,26.0,4.0,0.009404,1628845960.0,368084240.0,37.824195,-122.47043,11.132198,-0.937438,-0.348151,52.0,34.0,10.0,0.009323,283.44444444444446,6.016666666666667,10.0
1628845961.0,338404000.0,37.821562,-122.438626,7.700313,0.86669,-0.498847,36.0,26.0,4.0,0.007519,1628845961.0,368084240.0,37.824177,-122.470491,11.140133,-0.937033,-0.34924,52.0,34.0,10.0,0.00746,283.43888888888887,6.015833333333333,10.0
1628845962.0,338404000.0,37.821544,-122.438587,7.696668,0.864898,-0.501948,36.0,26.0,4.0,0.005636,1628845962.0,368084240.0,37.824159,-122.470552,11.147764,-0.93664,-0.350293,52.0,34.0,10.0,0.005597,283.43333333333334,6.015,10.0
1628845963.0,338404000.0,37.821526,-122.438548,7.693092,0.863071,-0.505082,36.0,26.0,4.0,0.003755,1628845963.0,368084240.0,37.824141,-122.470613,11.155087,-0.936258,-0.351312,52.0,34.0,10.0,0.003732,283.4277777777778,6.014166666666666,10.0
1628845964.0,338404000.0,37.821508,-122.438509,7.689589,0.86121,-0.508249,36.0,26.0,4.0,0.001877,1628845964.0,368084240.0,37.824123,-122.470675,11.162102,-0.935888,-0.352297,52.0,34.0,10.0,0.001867,283.4222222222222,6.013333333333334,10.0
1628845965.0,338404000.0,37.82149,-122.43847,7.689589,0.86121,-0.508249,36.0,26.0,4.0,0.0,1628845965.0,368084240.0,37.824105,-122.470736,11.162102,-0.935888,-0.352297,52.0,34.0,10.0,0.0,283.4166666666667,6.0125,10.0
