Timestamp,MMSI,Latitude,Longitude,Speed,Course-sin,Course-cos,Length,Width,Vesseltype,Distance,Timestamp,MMSI,Latitude,Longitude,Speed,Course-sin,Course-cos,Length,Width,Vesseltype,Distance,WindDirection,WindSpeed,Visibility
1614454210.0,338124707.0,37.83625,-122.46235,2.992685,0.120117,0.99276,37.0,11.0,3.0,1.0,1614454210.0,636018189.0,37.814894,-122.494404,15.024268,-0.886886,-0.461989,71.0,294.0,32.0,1.0,307.6111111111111,14.336111111111112,10.0
1614454211.0,338124707.0,37.836264,-122.462348,3.023433,0.116873,0.993147,37.0,11.0,3.0,0.99804,1614454211.0,636018189.0,37.814862,-122.494482,15.024681,-0.886799,-0.462156,71.0,294.0,32.0,0.997103,307.60555555555555,14.338055555555556,10.0
1614454212.0,338124707.0,37.836278,-122.462346,3.053956,0.113714,0.993514,37.0,11.0,3.0,0.99606,1614454212.0,636018189.0,37.81483,-122.49456,15.024309,-0.886715,-0.462316,71.0,294.0,32.0,0.994206,307.6,14.34,10.0
1614454213.0,338124707.0,37.836292,-122.462344,3.084251,0.110636,0.993861,37.0,11.0,3.0,0.994058,1614454213.0,636018189.0,37.814798,-122.494638,15.023152,-0.886635,-0.46247,71.0,294.0,32.0,0.99131,307.59444444444443,14.341944444444444,10.0
1614454214.0,338124707.0,37.836306,-122.462342,3.114317,0.107635,0.99419,37.0,11.0,3.0,0.992036,1614454214.0,636018189.0,37.814766,-122.494716,15.021209,-0.886558,-0.462617,71.0,294.0,32.0,0.988414,307.5888888888889,14.343888888888888,10.0
1614454215.0,338124707.0,37.83632,-122.46234,3.144154,0.104711,0.994503,37.0,11.0,3.0,0.989993,1614454215.0,636018189.0,37.814733,-122.494794,15.01848,-0.886485,-0.462758,71.0,294.0,32.0,0.985518,307.5833333333333,14.345833333333331,10.0
1614454216.0,338124707.0,37.836335,-122.462338,3.173759,0.101858,0.994799,37.0,11.0,3.0,0.987929,1614454216.0,636018189.0,37.814701,-122.494872,15.014966,-0.886415,-0.462892,71.0,294.0,32.0,0.982623,307.5777777777778,14.34777777777778,10.0
1614454217.0,338124707.0,37.836349,-122.462336,3.203131,0.099076,0.99508,37.0,11.0,3.0,0.985846,1614454217.0,636018189.0,37.814669,-122.49495,15.010666,-0.886348,-0.46302,71.0,294.0,32.0,0.979728,307.5722222222222,14.349722222222224,10.0
1614454218.0,338124707.0,37.836364,-122.462334,3.23227,0.096361,0.995346,37.0,11.0,3.0,0.983742,1614454218.0,636018189.0,37.814637,-122.495028,15.005581,-0.886284,-0.463141,71.0,294.0,32.0,0.976834,307.56666666666666,14.351666666666668,10.0
1614454219.0,338124707.0,37.836379,-122.462332,3.261174,0.093711,0.995599,37.0,11.0,3.0,0.981618,1614454219.0,636018189.0,37.814605,-122.495106,14.999709,-0.886224,-0.463257,71.0,294.0,32.0,0.973942,307.5611111111112,14.35361111111111,10.0
1614454220.0,338124707.0,37.836394,-122.462331,3.289842,0.091124,0.99584,37.0,11.0,3.0,0.979475,1614454220.0,636018189.0,37.814573,-122.495184,14.993052,-0.886167,-0.463365,71.0,294.0,32.0,0.971051,307.55555555555554,14.355555555555554,10.0
1614454221.0,338124707.0,37.836409,-122.462329,3.318273,0.088598,0.996067,37.0,11.0,3.0,0.977312,1614454221.0,636018189.0,37.814541,-122.495262,14.98561,-0.886114,-0.463467,71.0,294.0,32.0,0.968161,307.55,14.3575,10.0
1614454222.0,338124707.0,37.836424,-122.462327,3.346466,0.086131,0.996284,37.0,11.0,3.0,0.97513,1614454222.0,636018189.0,37.814508,-122.495339,14.977381,-0.886064,-0.463563,71.0,294.0,32.0,0.965272,307.5444444444444,14.359444444444446,10.0
1614454223.0,338124707.0,37.83644,-122.462325,3.374419,0.08372,0.996489,37.0,11.0,3.0,0.972929,1614454223.0,636018189.0,37.814476,-122.495417,14.968366,-0.886017,-0.463653,71.0,294.0,32.0,0.962385,307.5388888888889,14.36138888888889,10.0
1614454224.0,338124707.0,37.836455,-122.462324,3.402134,0.081364,0.996684,37.0,11.0,3.0,0.970709,1614454224.0,636018189.0,37.814444,-122.495495,14.958566,-0.885973,-0.463736,71.0,294.0,32.0,0.9595,307.53333333333336,14.363333333333332,10.0
1614454225.0,338124707.0,37.836471,-122.462322,3.429607,0.079061,0.99687,37.0,11.0,3.0,0.96847,1614454225.0,636018189.0,37.814412,-122.495572,14.947979,-0.885933,-0.463813,71.0,294.0,32.0,0.956617,307.52777777777777,14.365277777777775,10.0
1614454226.0,338124707.0,37.836487,-122.46232,3.456839,0.076809,0.997046,37.0,11.0,3.0,0.966212,1614454226.0,636018189.0,37.81438,-122.49565,14.936783,-0.885896,-0.463884,71.0,294.0,32.0,0.953736,307.52222222222224,14.36722222222222,10.0
1614454227.0,338124707.0,37.836503,-122.462319,3.483829,0.074607,0.997213,37.0,11.0,3.0,0.963935,1614454227.0,636018189.0,37.814348,-122.495727,14.925684,-0.885859,-0.463954,71.0,294.0,32.0,0.950857,307.51666666666665,14.369166666666668,10.0
1614454228.0,338124707.0,37.836519,-122.462317,3.510576,0.072453,0.997372,37.0,11.0,3.0,0.961641,1614454228.0,636018189.0,37.814316,-122.495805,14.914857,-0.885823,-0.464024,71.0,294.0,32.0,0.947981,307.5111111111111,14.371111111111112,10.0
1614454229.0,338124707.0,37.836535,-122.462316,3.537079,0.070345,0.997523,37.0,11.0,3.0,0.959328,1614454229.0,636018189.0,37.814284,-122.495882,14.904302,-0.885787,-0.464093,71.0,294.0,32.0,0.945106,307.5055555555556,14.373055555555556,10.0
1614454230.0,338124707.0,37.836551,-122.462314,3.563338,0.068283,0.997666,37.0,11.0,3.0,0.956997,1614454230.0,636018189.0,37.814252,-122.49596,14.89402,-0.885751,-0.464161,71.0,294.0,32.0,0.942234,307.5,14.375,10.0
1614454231.0,338124707.0,37.836568,-122.462313,3.589352,0.066264,0.997802,37.0,11.0,3.0,0.954648,1614454231.0,636018189.0,37.81422,-122.496037,14.884011,-0.885715,-0.464229,71.0,294.0,32.0,0.939363,307.49444444444447,14.376944444444444,10.0
1614454232.0,338124707.0,37.836584,-122.462312,3.61512,0.064287,0.997931,37.0,11.0,3.0,0.952282,1614454232.0,636018189.0,37.814188,-122.496114,14.874275,-0.88568,-0.464297,71.0,294.0,32.0,0.936495,307.4888888888889,14.378888888888888,10.0
1614454233.0,338124707.0,37.836601,-122.46231,3.640643,0.062352,0.998054,37.0,11.0,3.0,0.949898,1614454233.0,636018189.0,37.814156,-122.496191,14.864811,-0.885645,-0.464364,71.0,294.0,32.0,0.933629,307.4833333333333,14.380833333333332,10.0
1614454234.0,338124707.0,37.836618,-122.462309,3.665918,0.060456,0.998171,37.0,11.0,3.0,0.947497,1614454234.0,636018189.0,37.814124,-122.496268,14.85562,-0.88561,-0.46443,71.0,294.0,32.0,0.930764,307.47777777777776,14.382777777777775,10.0
1614454235.0,338124707.0,37.836635,-122.462308,3.690946,0.058599,0.998282,37.0,11.0,3.0,0.945079,1614454235.0,636018189.0,37.814092,-122.496345,14.846701,-0.885575,-0.464496,71.0,294.0,32.0,0.927901,307.47222222222223,14.384722222222225,10.0
1614454236.0,338124707.0,37.836652,-122.462306,3.715726,0.056779,0.998387,37.0,11.0,3.0,0.942644,1614454236.0,636018189.0,37.81406,-122.496422,14.838055,-0.885541,-0.464562,71.0,294.0,32.0,0.92504,307.46666666666664,14.386666666666668,10.0
1614454237.0,338124707.0,37.836669,-122.462305,3.740258,0.054996,0.998487,37.0,11.0,3.0,0.940192,1614454237.0,636018189.0,37.814028,-122.496499,14.829682,-0.885506,-0.464627,71.0,294.0,32.0,0.922181,307.4611111111111,14.38861111111111,10.0
1614454238.0,338124707.0,37.836686,-122.462304,3.764541,0.053248,0.998581,37.0,11.0,3.0,0.937724,1614454238.0,636018189.0,37.813996,-122.496576,14.821581,-0.885473,-0.464692,71.0,294.0,32.0,0.919323,307.4555555555556,14.390555555555554,10.0
1614454239.0,338124707.0,37.836704,-122.462303,3.788574,0.051534,0.998671,37.0,11.0,3.0,0.935239,1614454239.0,636018189.0,37.813965,-122.496653,14.813753,-0.885439,-0.464756,71.0,294.0,32.0,0.916467,307.45,14.3925,10.0
1614454240.0,338124707.0,37.836721,-122.462302,3.812358,0.049854,0.998757,37.0,11.0,3.0,0.932738,1614454240.0,636018189.0,37.813933,-122.49673,14.806198,-0.885406,-0.464819,71.0,294.0,32.0,0.913612,307.44444444444446,14.394444444444444,10.0
1614454241.0,338124707.0,37.836739,-122.462301,3.835892,0.048206,0.998837,37.0,11.0,3.0,0.93022,1614454241.0,636018189.0,37.813901,-122.496807,14.798915,-0.885373,-0.464882,71.0,294.0,32.0,0.910759,307.43888888888887,14.39638888888889,10.0
1614454242.0,338124707.0,37.836757,-122.462299,3.859175,0.046589,0.998914,37.0,11.0,3.0,0.927687,1614454242.0,636018189.0,37.813869,-122.496883,14.791905,-0.88534,-0.464945,71.0,294.0,32.0,0.907907,307.43333333333334,14.398333333333332,10.0
1614454243.0,338124707.0,37.836774,-122.462298,3.882207,0.045003,0.998987,37.0,11.0,3.0,0.925138,1614454243.0,636018189.0,37.813837,-122.49696,14.785167,-0.885307,-0.465007,71.0,294.0,32.0,0.905057,307.4277777777778,14.400277777777776,10.0
1614454244.0,338124707.0,37.836792,-122.462297,3.904988,0.043447,0.999056,37.0,11.0,3.0,0.922574,1614454244.0,636018189.0,37.813805,-122.497037,14.778702,-0.885275,-0.465068,71.0,294.0,32.0,0.902208,307.4222222222222,14.40222222222222,10.0
1614454245.0,338124707.0,37.83681,-122.462296,3.927517,0.04192,0.999121,37.0,11.0,3.0,0.919994,1614454245.0,636018189.0,37.813774,-122.497113,14.77251,-0.885243,-0.465129,71.0,294.0,32.0,0.899361,307.4166666666667,14.404166666666669,10.0
1614454246.0,338124707.0,37.836829,-122.462295,3.949794,0.040421,0.999183,37.0,11.0,3.0,0.917399,1614454246.0,636018189.0,37.813742,-122.49719,14.76659,-0.885211,-0.465189,71.0,294.0,32.0,0.896514,307.4111111111111,14.40611111111111,10.0
1614454247.0,338124707.0,37.836847,-122.462294,3.971818,0.038949,0.999241,37.0,11.0,3.0,0.914788,1614454247.0,636018189.0,37.81371,-122.497267,14.760943,-0.88518,-0.465249,71.0,294.0,32.0,0.893669,307.4055555555556,14.408055555555556,10.0
1614454248.0,338124707.0,37.836865,-122.462294,3.993589,0.037504,0.999296,37.0,11.0,3.0,0.912163,1614454248.0,636018189.0,37.813678,-122.497343,14.755569,-0.885149,-0.465308,71.0,294.0,32.0,0.890825,307.4,14.41,10.0
1614454249.0,338124707.0,37.836884,-122.462293,4.015108,0.036085,0.999349,37.0,11.0,3.0,0.909524,1614454249.0,636018189.0,37.813647,-122.49742,14.750467,-0.885118,-0.465367,71.0,294.0,32.0,0.887982,307.39444444444445,14.411944444444444,10.0
1614454250.0,338124707.0,37.836902,-122.462292,4.036373,0.034691,0.999398,37.0,11.0,3.0,0.906869,1614454250.0,636018189.0,37.813615,-122.497496,14.745638,-0.885087,-0.465425,71.0,294.0,32.0,0.88514,307.3888888888889,14.413888888888888,10.0
1614454251.0,338124707.0,37.836921,-122.462291,4.057384,0.033322,0.999445,37.0,11.0,3.0,0.904201,1614454251.0,636018189.0,37.813583,-122.497572,14.741081,-0.885057,-0.465483,71.0,294.0,32.0,0.882299,307.3833333333333,14.415833333333332,10.0
1614454252.0,338124707.0,37.83694,-122.46229,4.078142,0.031976,0.999489,37.0,11.0,3.0,0.901518,1614454252.0,636018189.0,37.813551,-122.497649,14.736797,-0.885027,-0.46554,71.0,294.0,32.0,0.879459,307.3777777777778,14.417777777777776,10.0
1614454253.0,338124707.0,37.836958,-122.462289,4.098645,0.030654,0.99953,37.0,11.0,3.0,0.898821,1614454253.0,636018189.0,37.81352,-122.497725,14.732786,-0.884997,-0.465596,71.0,294.0,32.0,0.876619,307.3722222222222,14.419722222222225,10.0
1614454254.0,338124707.0,37.836977,-122.462289,4.118893,0.029355,0.999569,37.0,11.0,3.0,0.89611,1614454254.0,636018189.0,37.813488,-122.497802,14.729047,-0.884968,-0.465652,71.0,294.0,32.0,0.873781,307.3666666666667,14.421666666666669,10.0
1614454255.0,338124707.0,37.836996,-122.462288,4.138887,0.028078,0.999606,37.0,11.0,3.0,0.893386,1614454255.0,636018189.0,37.813456,-122.497878,14.725581,-0.884939,-0.465707,71.0,294.0,32.0,0.870943,307.3611111111111,14.42361111111111,10.0
1614454256.0,338124707.0,37.837016,-122.462287,4.158625,0.026823,0.99964,37.0,11.0,3.0,0.890648,1614454256.0,636018189.0,37.813424,-122.497954,14.722388,-0.88491,-0.465762,71.0,294.0,32.0,0.868106,307.35555555555555,14.425555555555556,10.0
1614454257.0,338124707.0,37.837035,-122.462287,4.178109,0.025589,0.999673,37.0,11.0,3.0,0.887897,1614454257.0,636018189.0,37.813393,-122.49803,14.719467,-0.884882,-0.465816,71.0,294.0,32.0,0.86527,307.35,14.4275,10.0
1614454258.0,338124707.0,37.837054,-122.462286,4.197336,0.024375,0.999703,37.0,11.0,3.0,0.885133,1614454258.0,636018189.0,37.813361,-122.498107,14.716819,-0.884853,-0.465869,71.0,294.0,32.0,0.862434,307.34444444444443,14.429444444444444,10.0
1614454259.0,338124707.0,37.837074,-122.462285,4.216308,0.023182,0.999731,37.0,11.0,3.0,0.882356,1614454259.0,636018189.0,37.813329,-122.498183,14.714443,-0.884826,-0.465922,71.0,294.0,32.0,0.859599,307.3388888888889,14.43138888888889,10.0
1614454260.0,338124707.0,37.837093,-122.462285,4.235024,0.022008,0.999758,37.0,11.0,3.0,0.879566,1614454260.0,636018189.0,37.813297,-122.498259,14.71234,-0.884798,-0.465975,71.0,294.0,32.0,0.856764,307.3333333333333,14.433333333333334,10.0
1614454261.0,338124707.0,37.837113,-122.462284,4.253484,0.020854,0.999783,37.0,11.0,3.0,0.876763,1614454261.0,636018189.0,37.813266,-122.498336,14.710509,-0.884771,-0.466026,71.0,294.0,32.0,0.85393,307.3277777777778,14.435277777777776,10.0
1614454262.0,338124707.0,37.837132,-122.462284,4.271688,0.019718,0.999806,37.0,11.0,3.0,0.873948,1614454262.0,636018189.0,37.813234,-122.498412,14.708952,-0.884744,-0.466078,71.0,294.0,32.0,0.851096,307.3222222222222,14.43722222222222,10.0
1614454263.0,338124707.0,37.837152,-122.462283,4.289634,0.0186,0.999827,37.0,11.0,3.0,0.871121,1614454263.0,636018189.0,37.813202,-122.498488,14.707666,-0.884717,-0.466128,71.0,294.0,32.0,0.848262,307.31666666666666,14.439166666666669,10.0
1614454264.0,338124707.0,37.837172,-122.462283,4.307324,0.0175,0.999847,37.0,11.0,3.0,0.868281,1614454264.0,636018189.0,37.813171,-122.498564,14.706654,-0.884691,-0.466178,71.0,294.0,32.0,0.845429,307.3111111111112,14.44111111111111,10.0
1614454265.0,338124707.0,37.837192,-122.462282,4.324757,0.016418,0.999865,37.0,11.0,3.0,0.86543,1614454265.0,636018189.0,37.813139,-122.49864,14.705914,-0.884665,-0.466227,71.0,294.0,32.0,0.842596,307.30555555555554,14.443055555555556,10.0
1614454266.0,338124707.0,37.837212,-122.462282,4.341933,0.015352,0.999882,37.0,11.0,3.0,0.862567,1614454266.0,636018189.0,37.813107,-122.498717,14.705446,-0.884639,-0.466276,71.0,294.0,32.0,0.839763,307.3,14.445,10.0
1614454267.0,338124707.0,37.837232,-122.462282,4.358852,0.014303,0.999898,37.0,11.0,3.0,0.859692,1614454267.0,636018189.0,37.813075,-122.498793,14.705251,-0.884614,-0.466324,71.0,294.0,32.0,0.83693,307.2944444444444,14.446944444444444,10.0
1614454268.0,338124707.0,37.837252,-122.462281,4.375513,0.013271,0.999912,37.0,11.0,3.0,0.856806,1614454268.0,636018189.0,37.813044,-122.498869,14.705329,-0.884589,-0.466372,71.0,294.0,32.0,0.834098,307.2888888888889,14.448888888888888,10.0
1614454269.0,338124707.0,37.837272,-122.462281,4.391916,0.012254,0.999925,37.0,11.0,3.0,0.853908,1614454269.0,636018189.0,37.813012,-122.498945,14.705679,-0.884564,-0.466418,71.0,294.0,32.0,0.831265,307.28333333333336,14.450833333333334,10.0
1614454270.0,338124707.0,37.837293,-122.462281,4.408062,0.011253,0.999937,37.0,11.0,3.0,0.851,1614454270.0,636018189.0,37.81298,-122.499021,14.706302,-0.88454,-0.466465,71.0,294.0,32.0,0.828432,307.27777777777777,14.452777777777778,10.0
1614454271.0,338124707.0,37.837313,-122.46228,4.42395,0.010267,0.999947,37.0,11.0,3.0,0.848081,1614454271.0,636018189.0,37.812948,-122.499097,14.707197,-0.884516,-0.46651,71.0,294.0,32.0,0.825599,307.27222222222224,14.454722222222223,10.0
1614454272.0,338124707.0,37.837334,-122.46228,4.439579,0.009296,0.999957,37.0,11.0,3.0,0.845151,1614454272.0,636018189.0,37.812917,-122.499174,14.708365,-0.884492,-0.466555,71.0,294.0,32.0,0.822766,307.26666666666665,14.456666666666669,10.0
1614454273.0,338124707.0,37.837354,-122.46228,4.45495,0.008339,0.999965,37.0,11.0,3.0,0.84221,1614454273.0,636018189.0,37.812885,-122.49925,14.709806,-0.884469,-0.4666,71.0,294.0,32.0,0.819933,307.2611111111111,14.45861111111111,10.0
1614454274.0,338124707.0,37.837375,-122.46228,4.470063,0.007396,0.999973,37.0,11.0,3.0,0.839259,1614454274.0,636018189.0,37.812853,-122.499326,14.711519,-0.884446,-0.466643,71.0,294.0,32.0,0.8171,307.2555555555556,14.460555555555556,10.0
1614454275.0,338124707.0,37.837395,-122.462279,4.484918,0.006468,0.999979,37.0,11.0,3.0,0.836298,1614454275.0,636018189.0,37.812821,-122.499402,14.713505,-0.884423,-0.466686,71.0,294.0,32.0,0.814266,307.25,14.4625,10.0
1614454276.0,338124707.0,37.837416,-122.462279,4.499513,0.005553,0.999985,37.0,11.0,3.0,0.833327,1614454276.0,636018189.0,37.81279,-122.499478,14.715764,-0.8844,-0.466729,71.0,294.0,32.0,0.811432,307.24444444444447,14.464444444444444,10.0
1614454277.0,338124707.0,37.837437,-122.462279,4.51385,0.004651,0.999989,37.0,11.0,3.0,0.830346,1614454277.0,636018189.0,37.812758,-122.499555,14.718294,-0.884378,-0.466771,71.0,294.0,32.0,0.808598,307.2388888888889,14.46638888888889,10.0
1614454278.0,338124707.0,37.837458,-122.462279,4.527928,0.003763,0.999993,37.0,11.0,3.0,0.827356,1614454278.0,636018189.0,37.812726,-122.499631,14.721098,-0.884357,-0.466812,71.0,294.0,32.0,0.805763,307.2333333333333,14.468333333333334,10.0
1614454279.0,338124707.0,37.837479,-122.462279,4.541747,0.002887,0.999996,37.0,11.0,3.0,0.824356,1614454279.0,636018189.0,37.812694,-122.499707,14.724174,-0.884335,-0.466852,71.0,294.0,32.0,0.802927,307.22777777777776,14.470277777777778,10.0
1614454280.0,338124707.0,37.8375,-122.462279,4.555306,0.002023,0.999998,37.0,11.0,3.0,0.821346,1614454280.0,636018189.0,37.812663,-122.499783,14.727523,-0.884314,-0.466892,71.0,294.0,32.0,0.800091,307.22222222222223,14.47222222222222,10.0
1614454281.0,338124707.0,37.837521,-122.462279,4.568607,0.001172,0.999999,37.0,11.0,3.0,0.818328,1614454281.0,636018189.0,37.812631,-122.49986,14.731144,-0.884294,-0.466931,71.0,294.0,32.0,0.797255,307.21666666666664,14.474166666666664,10.0
1614454282.0,338124707.0,37.837542,-122.462279,4.581647,0.000333,1.0,37.0,11.0,3.0,0.8153,1614454282.0,636018189.0,37.812599,-122.499936,14.735038,-0.884273,-0.46697,71.0,294.0,32.0,0.794417,307.2111111111111,14.476111111111113,10.0
1614454283.0,338124707.0,37.837563,-122.462279,4.594429,-0.000494,1.0,37.0,11.0,3.0,0.812264,1614454283.0,636018189.0,37.812567,-122.500012,14.739204,-0.884253,-0.467008,71.0,294.0,32.0,0.791579,307.2055555555556,14.478055555555557,10.0
1614454284.0,338124707.0,37.837584,-122.462279,4.606951,-0.00131,0.999999,37.0,11.0,3.0,0.809219,1614454284.0,636018189.0,37.812535,-122.500089,14.743643,-0.884233,-0.467045,71.0,294.0,32.0,0.78874,307.2,14.48,10.0
1614454285.0,338124707.0,37.837606,-122.462279,4.619213,-0.002115,0.999998,37.0,11.0,3.0,0.806166,1614454285.0,636018189.0,37.812503,-122.500165,14.748355,-0.884214,-0.467082,71.0,294.0,32.0,0.785901,307.19444444444446,14.481944444444444,10.0
1614454286.0,338124707.0,37.837627,-122.462279,4.631215,-0.002909,0.999996,37.0,11.0,3.0,0.803104,1614454286.0,636018189.0,37.812472,-122.500241,14.753339,-0.884195,-0.467118,71.0,294.0,32.0,0.78306,307.18888888888887,14.483888888888888,10.0
1614454287.0,338124707.0,37.837649,-122.462279,4.642957,-0.003691,0.999993,37.0,11.0,3.0,0.800034,1614454287.0,636018189.0,37.81244,-122.500318,14.758596,-0.884176,-0.467153,71.0,294.0,32.0,0.780219,307.18333333333334,14.485833333333332,10.0
1614454288.0,338124707.0,37.83767,-122.462279,4.65444,-0.004464,0.99999,37.0,11.0,3.0,0.796957,1614454288.0,636018189.0,37.812408,-122.500394,14.764125,-0.884158,-0.467188,71.0,294.0,32.0,0.777376,307.1777777777778,14.487777777777778,10.0
1614454289.0,338124707.0,37.837692,-122.462279,4.665662,-0.005225,0.999986,37.0,11.0,3.0,0.793871,1614454289.0,636018189.0,37.812376,-122.50047,14.769927,-0.88414,-0.467222,71.0,294.0,32.0,0.774533,307.1722222222222,14.489722222222223,10.0
1614454290.0,338124707.0,37.837713,-122.462279,4.676624,-0.005977,0.999982,37.0,11.0,3.0,0.790778,1614454290.0,636018189.0,37.812344,-122.500547,14.776001,-0.884122,-0.467255,71.0,294.0,32.0,0.771688,307.1666666666667,14.491666666666667,10.0
1614454291.0,338124707.0,37.837735,-122.462279,4.687325,-0.006718,0.999977,37.0,11.0,3.0,0.787678,1614454291.0,636018189.0,37.812312,-122.500623,14.782348,-0.884105,-0.467288,71.0,294.0,32.0,0.768843,307.1611111111111,14.493611111111113,10.0
1614454292.0,338124707.0,37.837756,-122.46228,4.697767,-0.00745,0.999972,37.0,11.0,3.0,0.78457,1614454292.0,636018189.0,37.81228,-122.5007,14.788917,-0.884089,-0.467319,71.0,294.0,32.0,0.765996,307.1555555555556,14.495555555555557,10.0
1614454293.0,338124707.0,37.837778,-122.46228,4.707948,-0.008172,0.999967,37.0,11.0,3.0,0.781456,1614454293.0,636018189.0,37.812248,-122.500777,14.795503,-0.884075,-0.467345,71.0,294.0,32.0,0.763148,307.15,14.4975,10.0
1614454294.0,338124707.0,37.8378,-122.46228,4.717868,-0.008885,0.999961,37.0,11.0,3.0,0.778334,1614454294.0,636018189.0,37.812216,-122.500853,14.802055,-0.884065,-0.467365,71.0,294.0,32.0,0.760298,307.14444444444445,14.499444444444444,10.0
1614454295.0,338124707.0,37.837822,-122.46228,4.727528,-0.009589,0.999954,37.0,11.0,3.0,0.775206,1614454295.0,636018189.0,37.812184,-122.50093,14.808573,-0.884057,-0.467378,71.0,294.0,32.0,0.757448,307.1388888888889,14.50138888888889,10.0
1614454296.0,338124707.0,37.837844,-122.462281,4.736927,-0.010283,0.999947,37.0,11.0,3.0,0.772071,1614454296.0,636018189.0,37.812152,-122.501006,14.815058,-0.884054,-0.467385,71.0,294.0,32.0,0.754596,307.1333333333333,14.503333333333334,10.0
1614454297.0,338124707.0,37.837866,-122.462281,4.746065,-0.010968,0.99994,37.0,11.0,3.0,0.76893,1614454297.0,636018189.0,37.81212,-122.501083,14.821508,-0.884053,-0.467387,71.0,294.0,32.0,0.751742,307.1277777777778,14.505277777777778,10.0
1614454298.0,338124707.0,37.837888,-122.462281,4.754942,-0.011645,0.999932,37.0,11.0,3.0,0.765783,1614454298.0,636018189.0,37.812088,-122.50116,14.827925,-0.884056,-0.467382,71.0,294.0,32.0,0.748888,307.1222222222222,14.507222222222222,10.0
1614454299.0,338124707.0,37.83791,-122.462281,4.763559,-0.012313,0.999924,37.0,11.0,3.0,0.76263,1614454299.0,636018189.0,37.812056,-122.501237,14.834309,-0.884062,-0.46737,71.0,294.0,32.0,0.746032,307.1166666666667,14.509166666666664,10.0
1614454300.0,338124707.0,37.837932,-122.462282,4.771914,-0.012973,0.999916,37.0,11.0,3.0,0.759471,1614454300.0,636018189.0,37.812024,-122.501313,14.840658,-0.884071,-0.467353,71.0,294.0,32.0,0.743176,307.1111111111111,14.511111111111113,10.0
1614454301.0,338124707.0,37.837954,-122.462282,4.780009,-0.013624,0.999907,37.0,11.0,3.0,0.756306,1614454301.0,636018189.0,37.811992,-122.50139,14.846974,-0.884083,-0.46733,71.0,294.0,32.0,0.740318,307.10555555555555,14.513055555555557,10.0
1614454302.0,338124707.0,37.837976,-122.462283,4.787842,-0.014267,0.999898,37.0,11.0,3.0,0.753136,1614454302.0,636018189.0,37.81196,-122.501467,14.853256,-0.884099,-0.4673,71.0,294.0,32.0,0.737458,307.1,14.515,10.0
1614454303.0,338124707.0,37.837998,-122.462283,4.795414,-0.014902,0.999889,37.0,11.0,3.0,0.74996,1614454303.0,636018189.0,37.811927,-122.501544,14.859504,-0.884118,-0.467264,71.0,294.0,32.0,0.734598,307.09444444444443,14.516944444444444,10.0
1614454304.0,338124707.0,37.83802,-122.462283,4.802725,-0.01553,0.999879,37.0,11.0,3.0,0.74678,1614454304.0,636018189.0,37.811895,-122.501621,14.865719,-0.88414,-0.467223,71.0,294.0,32.0,0.731736,307.0888888888889,14.518888888888888,10.0
1614454305.0,338124707.0,37.838042,-122.462284,4.809775,-0.016149,0.99987,37.0,11.0,3.0,0.743594,1614454305.0,636018189.0,37.811863,-122.501698,14.8719,-0.884165,-0.467175,71.0,294.0,32.0,0.728873,307.0833333333333,14.520833333333332,10.0
1614454306.0,338124707.0,37.838065,-122.462284,4.816563,-0.016761,0.99986,37.0,11.0,3.0,0.740404,1614454306.0,636018189.0,37.811831,-122.501775,14.878047,-0.884194,-0.467121,71.0,294.0,32.0,0.726009,307.0777777777778,14.522777777777778,10.0
1614454307.0,338124707.0,37.838087,-122.462285,4.82309,-0.017366,0.999849,37.0,11.0,3.0,0.737209,1614454307.0,636018189.0,37.811799,-122.501852,14.88416,-0.884225,-0.46706,71.0,294.0,32.0,0.723143,307.0722222222222,14.524722222222223,10.0
1614454308.0,338124707.0,37.838109,-122.462285,4.829355,-0.017963,0.999839,37.0,11.0,3.0,0.73401,1614454308.0,636018189.0,37.811767,-122.501929,14.89024,-0.88426,-0.466994,71.0,294.0,32.0,0.720277,307.06666666666666,14.526666666666667,10.0
1614454309.0,338124707.0,37.838132,-122.462286,4.835359,-0.018553,0.999828,37.0,11.0,3.0,0.730806,1614454309.0,636018189.0,37.811735,-122.502006,14.896286,-0.884299,-0.466922,71.0,294.0,32.0,0.717409,307.0611111111112,14.528611111111111,10.0
1614454310.0,338124707.0,37.838154,-122.462286,4.841101,-0.019136,0.999817,37.0,11.0,3.0,0.727598,1614454310.0,636018189.0,37.811702,-122.502083,14.902299,-0.88434,-0.466844,71.0,294.0,32.0,0.71454,307.05555555555554,14.530555555555557,10.0
1614454311.0,338124707.0,37.838176,-122.462287,4.846582,-0.019712,0.999806,37.0,11.0,3.0,0.724387,1614454311.0,636018189.0,37.81167,-122.502161,14.908278,-0.884384,-0.466759,71.0,294.0,32.0,0.71167,307.05,14.5325,10.0
1614454312.0,338124707.0,37.838199,-122.462287,4.851801,-0.020281,0.999794,37.0,11.0,3.0,0.721171,1614454312.0,636018189.0,37.811638,-122.502238,14.914224,-0.884432,-0.466669,71.0,294.0,32.0,0.708798,307.0444444444444,14.534444444444444,10.0
1614454313.0,338124707.0,37.838221,-122.462288,4.856758,-0.020844,0.999783,37.0,11.0,3.0,0.717952,1614454313.0,636018189.0,37.811606,-122.502315,14.920136,-0.884483,-0.466572,71.0,294.0,32.0,0.705926,307.0388888888889,14.536388888888888,10.0
1614454314.0,338124707.0,37.838244,-122.462288,4.861453,-0.021399,0.999771,37.0,11.0,3.0,0.71473,1614454314.0,636018189.0,37.811574,-122.502392,14.926014,-0.884537,-0.46647,71.0,294.0,32.0,0.703052,307.03333333333336,14.538333333333334,10.0
1614454315.0,338124707.0,37.838266,-122.462289,4.865887,-0.021949,0.999759,37.0,11.0,3.0,0.711505,1614454315.0,636018189.0,37.811541,-122.50247,14.931859,-0.884595,-0.466361,71.0,294.0,32.0,0.700177,307.02777777777777,14.540277777777778,10.0
1614454316.0,338124707.0,37.838289,-122.46229,4.870058,-0.022492,0.999747,37.0,11.0,3.0,0.708276,1614454316.0,636018189.0,37.811509,-122.502547,14.937671,-0.884655,-0.466246,71.0,294.0,32.0,0.697301,307.02222222222224,14.542222222222222,10.0
1614454317.0,338124707.0,37.838311,-122.46229,4.873968,-0.023028,0.999735,37.0,11.0,3.0,0.705045,1614454317.0,636018189.0,37.811477,-122.502624,14.943449,-0.884719,-0.466125,71.0,294.0,32.0,0.694423,307.01666666666665,14.544166666666666,10.0
1614454318.0,338124707.0,37.838334,-122.462291,4.877616,-0.023559,0.999722,37.0,11.0,3.0,0.701811,1614454318.0,636018189.0,37.811445,-122.502702,14.949194,-0.884785,-0.465999,71.0,294.0,32.0,0.691545,307.0111111111111,14.546111111111111,10.0
1614454319.0,338124707.0,37.838356,-122.462292,4.881001,-0.024083,0.99971,37.0,11.0,3.0,0.698574,1614454319.0,636018189.0,37.811413,-122.502779,14.954906,-0.884855,-0.465866,71.0,294.0,32.0,0.688665,307.0055555555556,14.548055555555557,10.0
1614454320.0,338124707.0,37.838379,-122.462292,4.884125,-0.024602,0.999697,37.0,11.0,3.0,0.695336,1614454320.0,636018189.0,37.81138,-122.502857,14.960585,-0.884928,-0.465727,71.0,294.0,32.0,0.685784,307.0,14.55,10.0
1614454321.0,338124707.0,37.838401,-122.462293,4.886986,-0.025114,0.999685,37.0,11.0,3.0,0.692095,1614454321.0,636018189.0,37.811348,-122.502934,14.96623,-0.885005,-0.465582,71.0,294.0,32.0,0.682902,306.99444444444447,14.551944444444445,10.0
1614454322.0,338124707.0,37.838424,-122.462294,4.889585,-0.025621,0.999672,37.0,11.0,3.0,0.688852,1614454322.0,636018189.0,37.811316,-122.503012,14.971842,-0.885084,-0.465432,71.0,294.0,32.0,0.680019,306.9888888888889,14.553888888888888,10.0
1614454323.0,338124707.0,37.838447,-122.462295,4.891922,-0.026122,0.999659,37.0,11.0,3.0,0.685607,1614454323.0,636018189.0,37.811284,-122.503089,14.977421,-0.885166,-0.465275,71.0,294.0,32.0,0.677135,306.9833333333333,14.555833333333332,10.0
1614454324.0,338124707.0,37.838469,-122.462295,4.893997,-0.026617,0.999646,37.0,11.0,3.0,0.68236,1614454324.0,636018189.0,37.811251,-122.503167,14.982967,-0.885252,-0.465112,71.0,294.0,32.0,0.674249,306.97777777777776,14.557777777777778,10.0
1614454325.0,338124707.0,37.838492,-122.462296,4.89581,-0.027107,0.999633,37.0,11.0,3.0,0.679113,1614454325.0,636018189.0,37.811219,-122.503245,14.98848,-0.885341,-0.464943,71.0,294.0,32.0,0.671362,306.97222222222223,14.559722222222222,10.0
1614454326.0,338124707.0,37.838515,-122.462297,4.89736,-0.027591,0.999619,37.0,11.0,3.0,0.675863,1614454326.0,636018189.0,37.811187,-122.503322,14.99396,-0.885432,-0.464768,71.0,294.0,32.0,0.668474,306.96666666666664,14.561666666666667,10.0
1614454327.0,338124707.0,37.838537,-122.462298,4.898648,-0.02807,0.999606,37.0,11.0,3.0,0.672613,1614454327.0,636018189.0,37.811155,-122.5034,14.999408,-0.885527,-0.464587,71.0,294.0,32.0,0.665585,306.9611111111111,14.563611111111111,10.0
1614454328.0,338124707.0,37.83856,-122.462298,4.899673,-0.028544,0.999593,37.0,11.0,3.0,0.669362,1614454328.0,636018189.0,37.811122,-122.503478,15.004822,-0.885625,-0.4644,71.0,294.0,32.0,0.662695,306.9555555555556,14.565555555555555,10.0
1614454329.0,338124707.0,37.838582,-122.462299,4.900436,-0.029013,0.999579,37.0,11.0,3.0,0.66611,1614454329.0,636018189.0,37.81109,-122.503556,15.010204,-0.885726,-0.464208,71.0,294.0,32.0,0.659804,306.95,14.5675,10.0
1614454330.0,338124707.0,37.838605,-122.4623,4.900937,-0.029476,0.999565,37.0,11.0,3.0,0.662858,1614454330.0,636018189.0,37.811058,-122.503634,15.015553,-0.885831,-0.464009,71.0,294.0,32.0,0.656911,306.94444444444446,14.569444444444445,10.0
1614454331.0,338124707.0,37.838628,-122.462301,4.901175,-0.029934,0.999552,37.0,11.0,3.0,0.659605,1614454331.0,636018189.0,37.811026,-122.503711,15.02087,-0.885938,-0.463804,71.0,294.0,32.0,0.654018,306.93888888888887,14.571388888888889,10.0
1614454332.0,338124707.0,37.83865,-122.462302,4.90115,-0.030388,0.999538,37.0,11.0,3.0,0.656352,1614454332.0,636018189.0,37.810993,-122.503789,15.026154,-0.886048,-0.463593,71.0,294.0,32.0,0.651123,306.93333333333334,14.573333333333334,10.0
1614454333.0,338124707.0,37.838673,-122.462303,4.900863,-0.030836,0.999524,37.0,11.0,3.0,0.653098,1614454333.0,636018189.0,37.810961,-122.503867,15.031405,-0.886161,-0.463377,71.0,294.0,32.0,0.648227,306.9277777777778,14.575277777777778,10.0
1614454334.0,338124707.0,37.838696,-122.462304,4.900314,-0.03128,0.999511,37.0,11.0,3.0,0.649845,1614454334.0,636018189.0,37.810929,-122.503945,15.036625,-0.886278,-0.463154,71.0,294.0,32.0,0.64533,306.9222222222222,14.577222222222222,10.0
1614454335.0,338124707.0,37.838718,-122.462304,4.899502,-0.031718,0.999497,37.0,11.0,3.0,0.646593,1614454335.0,636018189.0,37.810897,-122.504023,15.041812,-0.886397,-0.462925,71.0,294.0,32.0,0.642432,306.9166666666667,14.579166666666666,10.0
1614454336.0,338124707.0,37.838741,-122.462305,4.898427,-0.032152,0.999483,37.0,11.0,3.0,0.64334,1614454336.0,636018189.0,37.810865,-122.504102,15.046966,-0.88652,-0.462691,71.0,294.0,32.0,0.639533,306.9111111111111,14.581111111111111,10.0
1614454337.0,338124707.0,37.838764,-122.462306,4.897089,-0.032582,0.999469,37.0,11.0,3.0,0.640089,1614454337.0,636018189.0,37.810832,-122.50418,15.052089,-0.886645,-0.46245,71.0,294.0,32.0,0.636632,306.9055555555556,14.583055555555555,10.0
1614454338.0,338124707.0,37.838786,-122.462307,4.895489,-0.033007,0.999455,37.0,11.0,3.0,0.636838,1614454338.0,636018189.0,37.8108,-122.504258,15.057179,-0.886774,-0.462203,71.0,294.0,32.0,0.633731,306.9,14.585,10.0
1614454339.0,338124707.0,37.838809,-122.462308,4.893626,-0.033427,0.999441,37.0,11.0,3.0,0.633588,1614454339.0,636018189.0,37.810768,-122.504336,15.062238,-0.886906,-0.461951,71.0,294.0,32.0,0.630828,306.89444444444445,14.586944444444445,10.0
1614454340.0,338124707.0,37.838832,-122.462309,4.8915,-0.033843,0.999427,37.0,11.0,3.0,0.630339,1614454340.0,636018189.0,37.810736,-122.504414,15.067265,-0.88704,-0.461692,71.0,294.0,32.0,0.627924,306.8888888888889,14.588888888888889,10.0
1614454341.0,338124707.0,37.838854,-122.46231,4.889111,-0.034255,0.999413,37.0,11.0,3.0,0.627092,1614454341.0,636018189.0,37.810704,-122.504492,15.07226,-0.887178,-0.461428,71.0,294.0,32.0,0.625019,306.8833333333333,14.590833333333332,10.0
1614454342.0,338124707.0,37.838877,-122.462311,4.88646,-0.034662,0.999399,37.0,11.0,3.0,0.623846,1614454342.0,636018189.0,37.810671,-122.504571,15.077223,-0.887318,-0.461157,71.0,294.0,32.0,0.622113,306.8777777777778,14.592777777777778,10.0
1614454343.0,338124707.0,37.838899,-122.462312,4.883545,-0.035065,0.999385,37.0,11.0,3.0,0.620602,1614454343.0,636018189.0,37.810639,-122.504649,15.082154,-0.887462,-0.460881,71.0,294.0,32.0,0.619206,306.8722222222222,14.594722222222222,10.0
1614454344.0,338124707.0,37.838922,-122.462313,4.880368,-0.035464,0.999371,37.0,11.0,3.0,0.61736,1614454344.0,636018189.0,37.810607,-122.504728,15.087054,-0.887608,-0.460599,71.0,294.0,32.0,0.616298,306.8666666666667,14.596666666666668,10.0
1614454345.0,338124707.0,37.838945,-122.462314,4.876928,-0.035859,0.999357,37.0,11.0,3.0,0.61412,1614454345.0,636018189.0,37.810575,-122.504806,15.091923,-0.887758,-0.46031,71.0,294.0,32.0,0.613388,306.8611111111111,14.598611111111111,10.0
1614454346.0,338124707.0,37.838967,-122.462315,4.873225,-0.036249,0.999343,37.0,11.0,3.0,0.610882,1614454346.0,636018189.0,37.810543,-122.504884,15.09676,-0.887911,-0.460016,71.0,294.0,32.0,0.610478,306.85555555555555,14.600555555555555,10.0
1614454347.0,338124707.0,37.83899,-122.462316,4.869259,-0.036636,0.999329,37.0,11.0,3.0,0.607647,1614454347.0,636018189.0,37.810511,-122.504963,15.101567,-0.888066,-0.459716,71.0,294.0,32.0,0.607566,306.85,14.6025,10.0
1614454348.0,338124707.0,37.839012,-122.462317,4.86503,-0.037019,0.999315,37.0,11.0,3.0,0.604414,1614454348.0,636018189.0,37.810479,-122.505041,15.106342,-0.888224,-0.45941,71.0,294.0,32.0,0.604654,306.84444444444443,14.604444444444445,10.0
1614454349.0,338124707.0,37.839035,-122.462318,4.860538,-0.037397,0.9993,37.0,11.0,3.0,0.601184,1614454349.0,636018189.0,37.810446,-122.50512,15.111086,-0.888386,-0.459098,71.0,294.0,32.0,0.60174,306.8388888888889,14.606388888888889,10.0
1614454350.0,338124707.0,37.839057,-122.462319,4.855783,-0.037772,0.999286,37.0,11.0,3.0,0.597956,1614454350.0,636018189.0,37.810414,-122.505199,15.115799,-0.88855,-0.45878,71.0,294.0,32.0,0.598825,306.8333333333333,14.608333333333334,10.0
1614454351.0,338124707.0,37.83908,-122.46232,4.850764,-0.038143,0.999272,37.0,11.0,3.0,0.594732,1614454351.0,636018189.0,37.810382,-122.505277,15.120481,-0.888717,-0.458456,71.0,294.0,32.0,0.595909,306.8277777777778,14.610277777777778,10.0
1614454352.0,338124707.0,37.839102,-122.462321,4.845483,-0.03851,0.999258,37.0,11.0,3.0,0.591511,1614454352.0,636018189.0,37.81035,-122.505356,15.125133,-0.888887,-0.458126,71.0,294.0,32.0,0.592992,306.8222222222222,14.612222222222222,10.0
1614454353.0,338124707.0,37.839124,-122.462323,4.839939,-0.038874,0.999244,37.0,11.0,3.0,0.588294,1614454353.0,636018189.0,37.810318,-122.505435,15.129754,-0.88906,-0.45779,71.0,294.0,32.0,0.590074,306.81666666666666,14.614166666666666,10.0
1614454354.0,338124707.0,37.839147,-122.462324,4.834131,-0.039233,0.99923,37.0,11.0,3.0,0.58508,1614454354.0,636018189.0,37.810286,-122.505513,15.134345,-0.889236,-0.457448,71.0,294.0,32.0,0.587155,306.8111111111112,14.61611111111111,10.0
1614454355.0,338124707.0,37.839169,-122.462325,4.828061,-0.03959,0.999216,37.0,11.0,3.0,0.58187,1614454355.0,636018189.0,37.810254,-122.505592,15.138905,-0.889415,-0.4571,71.0,294.0,32.0,0.584235,306.80555555555554,14.618055555555555,10.0
1614454356.0,338124707.0,37.839192,-122.462326,4.821727,-0.039942,0.999202,37.0,11.0,3.0,0.578664,1614454356.0,636018189.0,37.810222,-122.505671,15.143435,-0.889597,-0.456747,71.0,294.0,32.0,0.581313,306.8,14.62,10.0
1614454357.0,338124707.0,37.839214,-122.462327,4.81513,-0.040291,0.999188,37.0,11.0,3.0,0.575463,1614454357.0,636018189.0,37.81019,-122.50575,15.147907,-0.88978,-0.456389,71.0,294.0,32.0,0.578391,306.7944444444444,14.621944444444445,10.0
1614454358.0,338124707.0,37.839236,-122.462328,4.80827,-0.040637,0.999174,37.0,11.0,3.0,0.572265,1614454358.0,636018189.0,37.810158,-122.505829,15.15221,-0.889961,-0.456036,71.0,294.0,32.0,0.575467,306.7888888888889,14.623888888888889,10.0
1614454359.0,338124707.0,37.839258,-122.462329,4.801147,-0.040979,0.99916,37.0,11.0,3.0,0.569072,1614454359.0,636018189.0,37.810126,-122.505908,15.156316,-0.890138,-0.45569,71.0,294.0,32.0,0.572543,306.78333333333336,14.625833333333333,10.0
1614454360.0,338124707.0,37.83928,-122.46233,4.79376,-0.041317,0.999146,37.0,11.0,3.0,0.565884,1614454360.0,636018189.0,37.810094,-122.505987,15.160224,-0.890312,-0.455352,71.0,294.0,32.0,0.569617,306.77777777777777,14.627777777777776,10.0
1614454361.0,338124707.0,37.839303,-122.462332,4.78611,-0.041652,0.999132,37.0,11.0,3.0,0.5627,1614454361.0,636018189.0,37.810062,-122.506066,15.163935,-0.890481,-0.45502,71.0,294.0,32.0,0.566691,306.77222222222224,14.629722222222222,10.0
1614454362.0,338124707.0,37.839325,-122.462333,4.778197,-0.041984,0.999118,37.0,11.0,3.0,0.559522,1614454362.0,636018189.0,37.81003,-122.506145,15.167448,-0.890648,-0.454694,71.0,294.0,32.0,0.563763,306.76666666666665,14.631666666666668,10.0
1614454363.0,338124707.0,37.839347,-122.462334,4.77002,-0.042313,0.999104,37.0,11.0,3.0,0.556349,1614454363.0,636018189.0,37.809998,-122.506224,15.170764,-0.89081,-0.454376,71.0,294.0,32.0,0.560835,306.7611111111111,14.633611111111112,10.0
1614454364.0,338124707.0,37.839369,-122.462335,4.761581,-0.042638,0.999091,37.0,11.0,3.0,0.553181,1614454364.0,636018189.0,37.809966,-122.506303,15.173882,-0.890969,-0.454065,71.0,294.0,32.0,0.557906,306.7555555555556,14.635555555555555,10.0
1614454365.0,338124707.0,37.839391,-122.462336,4.752877,-0.04296,0.999077,37.0,11.0,3.0,0.550019,1614454365.0,636018189.0,37.809935,-122.506382,15.176801,-0.891124,-0.45376,71.0,294.0,32.0,0.554976,306.75,14.6375,10.0
1614454366.0,338124707.0,37.839413,-122.462338,4.743911,-0.043279,0.999063,37.0,11.0,3.0,0.546862,1614454366.0,636018189.0,37.809903,-122.506462,15.179523,-0.891275,-0.453463,71.0,294.0,32.0,0.552046,306.74444444444447,14.639444444444443,10.0
1614454367.0,338124707.0,37.839435,-122.462339,4.734681,-0.043595,0.999049,37.0,11.0,3.0,0.543712,1614454367.0,636018189.0,37.809871,-122.506541,15.182046,-0.891423,-0.453172,71.0,294.0,32.0,0.549115,306.7388888888889,14.641388888888889,10.0
1614454368.0,338124707.0,37.839457,-122.46234,4.725188,-0.043907,0.999036,37.0,11.0,3.0,0.540567,1614454368.0,636018189.0,37.809839,-122.50662,15.184371,-0.891568,-0.452888,71.0,294.0,32.0,0.546183,306.7333333333333,14.643333333333334,10.0
1614454369.0,338124707.0,37.839479,-122.462341,4.715431,-0.044217,0.999022,37.0,11.0,3.0,0.537429,1614454369.0,636018189.0,37.809807,-122.506699,15.186498,-0.891708,-0.45261,71.0,294.0,32.0,0.54325,306.72777777777776,14.645277777777778,10.0
1614454370.0,338124707.0,37.8395,-122.462342,4.705411,-0.044523,0.999008,37.0,11.0,3.0,0.534297,1614454370.0,636018189.0,37.809775,-122.506779,15.188426,-0.891846,-0.45234,71.0,294.0,32.0,0.540317,306.72222222222223,14.647222222222222,10.0
1614454371.0,338124707.0,37.839522,-122.462344,4.695128,-0.044827,0.998995,37.0,11.0,3.0,0.531172,1614454371.0,636018189.0,37.809744,-122.506858,15.190155,-0.891979,-0.452076,71.0,294.0,32.0,0.537384,306.71666666666664,14.649166666666666,10.0
1614454372.0,338124707.0,37.839544,-122.462345,4.684581,-0.045127,0.998981,37.0,11.0,3.0,0.528054,1614454372.0,636018189.0,37.809712,-122.506937,15.191685,-0.89211,-0.451819,71.0,294.0,32.0,0.53445,306.7111111111111,14.65111111111111,10.0
1614454373.0,338124707.0,37.839565,-122.462346,4.67377,-0.045424,0.998968,37.0,11.0,3.0,0.524942,1614454373.0,636018189.0,37.80968,-122.507017,15.193017,-0.892236,-0.451569,71.0,294.0,32.0,0.531515,306.7055555555556,14.653055555555556,10.0
1614454374.0,338124707.0,37.839587,-122.462347,4.662696,-0.045719,0.998954,37.0,11.0,3.0,0.521838,1614454374.0,636018189.0,37.809648,-122.507096,15.19415,-0.892359,-0.451326,71.0,294.0,32.0,0.52858,306.7,14.655,10.0
1614454375.0,338124707.0,37.839609,-122.462349,4.651359,-0.04601,0.998941,37.0,11.0,3.0,0.518741,1614454375.0,636018189.0,37.809617,-122.507176,15.195083,-0.892479,-0.451089,71.0,294.0,32.0,0.525645,306.69444444444446,14.656944444444443,10.0
1614454376.0,338124707.0,37.83963,-122.46235,4.639758,-0.046299,0.998928,37.0,11.0,3.0,0.515652,1614454376.0,636018189.0,37.809585,-122.507255,15.195818,-0.892595,-0.450859,71.0,294.0,32.0,0.52271,306.68888888888887,14.658888888888889,10.0
1614454377.0,338124707.0,37.839652,-122.462351,4.627893,-0.046585,0.998914,37.0,11.0,3.0,0.51257,1614454377.0,636018189.0,37.809553,-122.507334,15.196353,-0.892708,-0.450636,71.0,294.0,32.0,0.519774,306.68333333333334,14.660833333333333,10.0
1614454378.0,338124707.0,37.839673,-122.462352,4.615765,-0.046868,0.998901,37.0,11.0,3.0,0.509496,1614454378.0,636018189.0,37.809522,-122.507414,15.196689,-0.892817,-0.450419,71.0,294.0,32.0,0.516838,306.6777777777778,14.662777777777777,10.0
1614454379.0,338124707.0,37.839694,-122.462354,4.603374,-0.047148,0.998888,37.0,11.0,3.0,0.50643,1614454379.0,636018189.0,37.80949,-122.507493,15.196825,-0.892923,-0.450209,71.0,294.0,32.0,0.513901,306.6722222222222,14.664722222222222,10.0
1614454380.0,338124707.0,37.839716,-122.462355,4.590719,-0.047426,0.998875,37.0,11.0,3.0,0.503372,1614454380.0,636018189.0,37.809458,-122.507573,15.196762,-0.893025,-0.450006,71.0,294.0,32.0,0.510965,306.6666666666667,14.666666666666668,10.0
1614454381.0,338124707.0,37.839737,-122.462356,4.5778,-0.0477,0.998862,37.0,11.0,3.0,0.500323,1614454381.0,636018189.0,37.809427,-122.507652,15.196499,-0.893124,-0.44981,71.0,294.0,32.0,0.508029,306.6611111111111,14.668611111111112,10.0
1614454382.0,338124707.0,37.839758,-122.462357,4.564617,-0.047972,0.998849,37.0,11.0,3.0,0.497282,1614454382.0,636018189.0,37.809395,-122.507732,15.196037,-0.89322,-0.44962,71.0,294.0,32.0,0.505092,306.6555555555556,14.670555555555556,10.0
1614454383.0,338124707.0,37.839779,-122.462359,4.551172,-0.048242,0.998836,37.0,11.0,3.0,0.49425,1614454383.0,636018189.0,37.809363,-122.507811,15.195375,-0.893312,-0.449437,71.0,294.0,32.0,0.502156,306.65,14.6725,10.0
1614454384.0,338124707.0,37.8398,-122.46236,4.537546,-0.048508,0.998823,37.0,11.0,3.0,0.491227,1614454384.0,636018189.0,37.809332,-122.507891,15.194513,-0.893401,-0.449261,71.0,294.0,32.0,0.499219,306.64444444444445,14.674444444444443,10.0
1614454385.0,338124707.0,37.839821,-122.462361,4.524081,-0.048767,0.99881,37.0,11.0,3.0,0.488213,1614454385.0,636018189.0,37.8093,-122.50797,15.193452,-0.893486,-0.449091,71.0,294.0,32.0,0.496283,306.6388888888889,14.676388888888887,10.0
1614454386.0,338124707.0,37.839842,-122.462363,4.510858,-0.04902,0.998798,37.0,11.0,3.0,0.485207,1614454386.0,636018189.0,37.809269,-122.50805,15.19219,-0.893568,-0.448929,71.0,294.0,32.0,0.493346,306.6333333333333,14.678333333333333,10.0
1614454387.0,338124707.0,37.839863,-122.462364,4.49788,-0.049266,0.998786,37.0,11.0,3.0,0.482211,1614454387.0,636018189.0,37.809237,-122.508129,15.190729,-0.893646,-0.448772,71.0,294.0,32.0,0.49041,306.6277777777778,14.680277777777778,10.0
1614454388.0,338124707.0,37.839884,-122.462365,4.485145,-0.049504,0.998774,37.0,11.0,3.0,0.479223,1614454388.0,636018189.0,37.809205,-122.508209,15.189067,-0.893721,-0.448623,71.0,294.0,32.0,0.487474,306.6222222222222,14.682222222222222,10.0
1614454389.0,338124707.0,37.839904,-122.462366,4.472653,-0.049735,0.998762,37.0,11.0,3.0,0.476243,1614454389.0,636018189.0,37.809174,-122.508288,15.187205,-0.893793,-0.44848,71.0,294.0,32.0,0.484539,306.6166666666667,14.684166666666666,10.0
1614454390.0,338124707.0,37.839925,-122.462368,4.460405,-0.049959,0.998751,37.0,11.0,3.0,0.473272,1614454390.0,636018189.0,37.809142,-122.508368,15.185143,-0.893861,-0.448344,71.0,294.0,32.0,0.481603,306.6111111111111,14.68611111111111,10.0
1614454391.0,338124707.0,37.839946,-122.462369,4.448401,-0.050175,0.99874,37.0,11.0,3.0,0.470309,1614454391.0,636018189.0,37.809111,-122.508447,15.182881,-0.893926,-0.448214,71.0,294.0,32.0,0.478668,306.60555555555555,14.688055555555556,10.0
1614454392.0,338124707.0,37.839966,-122.46237,4.43664,-0.050384,0.99873,37.0,11.0,3.0,0.467354,1614454392.0,636018189.0,37.809079,-122.508527,15.180419,-0.893988,-0.448091,71.0,294.0,32.0,0.475733,306.6,14.69,10.0
1614454393.0,338124707.0,37.839987,-122.462372,4.425123,-0.050585,0.99872,37.0,11.0,3.0,0.464407,1614454393.0,636018189.0,37.809048,-122.508606,15.177756,-0.894046,-0.447975,71.0,294.0,32.0,0.472799,306.59444444444443,14.691944444444443,10.0
1614454394.0,338124707.0,37.840007,-122.462373,4.413849,-0.050778,0.99871,37.0,11.0,3.0,0.461467,1614454394.0,636018189.0,37.809017,-122.508685,15.174893,-0.894101,-0.447865,71.0,294.0,32.0,0.469865,306.5888888888889,14.693888888888887,10.0
1614454395.0,338124707.0,37.840027,-122.462374,4.402818,-0.050964,0.998701,37.0,11.0,3.0,0.458535,1614454395.0,636018189.0,37.808985,-122.508765,15.17183,-0.894152,-0.447763,71.0,294.0,32.0,0.466932,306.5833333333333,14.695833333333333,10.0
1614454396.0,338124707.0,37.840048,-122.462376,4.392031,-0.051141,0.998691,37.0,11.0,3.0,0.45561,1614454396.0,636018189.0,37.808954,-122.508844,15.168566,-0.894201,-0.447666,71.0,294.0,32.0,0.463999,306.5777777777778,14.697777777777777,10.0
1614454397.0,338124707.0,37.840068,-122.462377,4.381488,-0.051311,0.998683,37.0,11.0,3.0,0.452692,1614454397.0,636018189.0,37.808922,-122.508924,15.165101,-0.894245,-0.447577,71.0,294.0,32.0,0.461067,306.5722222222222,14.699722222222222,10.0
1614454398.0,338124707.0,37.840088,-122.462378,4.371187,-0.051472,0.998674,37.0,11.0,3.0,0.449781,1614454398.0,636018189.0,37.808891,-122.509003,15.161437,-0.894287,-0.447494,71.0,294.0,32.0,0.458135,306.56666666666666,14.701666666666666,10.0
1614454399.0,338124707.0,37.840108,-122.46238,4.36113,-0.051625,0.998667,37.0,11.0,3.0,0.446877,1614454399.0,636018189.0,37.808859,-122.509083,15.157571,-0.894325,-0.447418,71.0,294.0,32.0,0.455204,306.5611111111112,14.703611111111112,10.0
1614454400.0,338124707.0,37.840129,-122.462381,4.351317,-0.05177,0.998659,37.0,11.0,3.0,0.44398,1614454400.0,636018189.0,37.808828,-122.509162,15.153505,-0.89436,-0.447348,71.0,294.0,32.0,0.452274,306.55555555555554,14.705555555555556,10.0
1614454401.0,338124707.0,37.840149,-122.462382,4.341746,-0.051906,0.998652,37.0,11.0,3.0,0.441089,1614454401.0,636018189.0,37.808797,-122.509241,15.149239,-0.894391,-0.447286,71.0,294.0,32.0,0.449345,306.55,14.7075,10.0
1614454402.0,338124707.0,37.840169,-122.462384,4.332419,-0.052034,0.998645,37.0,11.0,3.0,0.438204,1614454402.0,636018189.0,37.808765,-122.509321,15.144771,-0.894419,-0.44723,71.0,294.0,32.0,0.446416,306.5444444444444,14.709444444444443,10.0
1614454403.0,338124707.0,37.840189,-122.462385,4.323336,-0.052153,0.998639,37.0,11.0,3.0,0.435326,1614454403.0,636018189.0,37.808734,-122.5094,15.140104,-0.894444,-0.44718,71.0,294.0,32.0,0.443488,306.5388888888889,14.711388888888887,10.0
1614454404.0,338124707.0,37.840209,-122.462386,4.314495,-0.052264,0.998633,37.0,11.0,3.0,0.432454,1614454404.0,636018189.0,37.808703,-122.509479,15.135235,-0.894465,-0.447137,71.0,294.0,32.0,0.440561,306.53333333333336,14.713333333333331,10.0
1614454405.0,338124707.0,37.840229,-122.462388,4.305898,-0.052366,0.998628,37.0,11.0,3.0,0.429587,1614454405.0,636018189.0,37.808671,-122.509559,15.130166,-0.894483,-0.447101,71.0,294.0,32.0,0.437635,306.52777777777777,14.71527777777778,10.0
1614454406.0,338124707.0,37.840249,-122.462389,4.297544,-0.052459,0.998623,37.0,11.0,3.0,0.426727,1614454406.0,636018189.0,37.80864,-122.509638,15.124896,-0.894498,-0.447072,71.0,294.0,32.0,0.43471,306.52222222222224,14.717222222222222,10.0
1614454407.0,338124707.0,37.840268,-122.46239,4.289434,-0.052544,0.998619,37.0,11.0,3.0,0.423871,1614454407.0,636018189.0,37.808609,-122.509717,15.119425,-0.894509,-0.44705,71.0,294.0,32.0,0.431786,306.51666666666665,14.719166666666666,10.0
1614454408.0,338124707.0,37.840288,-122.462391,4.281566,-0.052619,0.998615,37.0,11.0,3.0,0.421022,1614454408.0,636018189.0,37.808578,-122.509796,15.113754,-0.894517,-0.447034,71.0,294.0,32.0,0.428863,306.5111111111111,14.72111111111111,10.0
1614454409.0,338124707.0,37.840308,-122.462393,4.273942,-0.052686,0.998611,37.0,11.0,3.0,0.418177,1614454409.0,636018189.0,37.808546,-122.509875,15.107882,-0.894522,-0.447025,71.0,294.0,32.0,0.425941,306.5055555555556,14.723055555555556,10.0
1614454410.0,338124707.0,37.840328,-122.462394,4.266561,-0.052744,0.998608,37.0,11.0,3.0,0.415337,1614454410.0,636018189.0,37.808515,-122.509955,15.101809,-0.894523,-0.447022,71.0,294.0,32.0,0.42302,306.5,14.725,10.0
1614454411.0,338124707.0,37.840348,-122.462395,4.259424,-0.052792,0.998606,37.0,11.0,3.0,0.412503,1614454411.0,636018189.0,37.808484,-122.510034,15.095536,-0.894521,-0.447027,71.0,294.0,32.0,0.4201,306.49444444444447,14.726944444444444,10.0
1614454412.0,338124707.0,37.840367,-122.462397,4.252529,-0.052832,0.998603,37.0,11.0,3.0,0.409673,1614454412.0,636018189.0,37.808453,-122.510113,15.089062,-0.894515,-0.447038,71.0,294.0,32.0,0.417182,306.4888888888889,14.72888888888889,10.0
1614454413.0,338124707.0,37.840387,-122.462398,4.245878,-0.052862,0.998602,37.0,11.0,3.0,0.406848,1614454413.0,636018189.0,37.808421,-122.510192,15.082387,-0.894506,-0.447056,71.0,294.0,32.0,0.414264,306.4833333333333,14.730833333333331,10.0
1614454414.0,338124707.0,37.840406,-122.462399,4.23947,-0.052883,0.998601,37.0,11.0,3.0,0.404027,1614454414.0,636018189.0,37.80839,-122.510271,15.075511,-0.894494,-0.44708,71.0,294.0,32.0,0.411349,306.47777777777776,14.732777777777777,10.0
1614454415.0,338124707.0,37.840426,-122.462401,4.233305,-0.052895,0.9986,37.0,11.0,3.0,0.40121,1614454415.0,636018189.0,37.808359,-122.51035,15.068435,-0.894478,-0.447112,71.0,294.0,32.0,0.408434,306.47222222222223,14.734722222222222,10.0
1614454416.0,338124707.0,37.840446,-122.462402,4.227383,-0.052898,0.9986,37.0,11.0,3.0,0.398398,1614454416.0,636018189.0,37.808328,-122.510429,15.061158,-0.894459,-0.44715,71.0,294.0,32.0,0.405521,306.46666666666664,14.736666666666666,10.0
1614454417.0,338124707.0,37.840465,-122.462403,4.221704,-0.052891,0.9986,37.0,11.0,3.0,0.395589,1614454417.0,636018189.0,37.808297,-122.510508,15.05368,-0.894437,-0.447195,71.0,294.0,32.0,0.402609,306.4611111111111,14.738611111111112,10.0
1614454418.0,338124707.0,37.840485,-122.462405,4.216269,-0.052875,0.998601,37.0,11.0,3.0,0.392784,1614454418.0,636018189.0,37.808266,-122.510586,15.046002,-0.894411,-0.447247,71.0,294.0,32.0,0.399699,306.4555555555556,14.740555555555556,10.0
1614454419.0,338124707.0,37.840504,-122.462406,4.211077,-0.052849,0.998602,37.0,11.0,3.0,0.389983,1614454419.0,636018189.0,37.808234,-122.510665,15.038123,-0.894381,-0.447305,71.0,294.0,32.0,0.39679,306.45,14.7425,10.0
1614454420.0,338124707.0,37.840524,-122.462407,4.206128,-0.052814,0.998604,37.0,11.0,3.0,0.387185,1614454420.0,636018189.0,37.808203,-122.510744,15.030044,-0.894349,-0.447371,71.0,294.0,32.0,0.393883,306.44444444444446,14.744444444444444,10.0
1614454421.0,338124707.0,37.840543,-122.462409,4.201422,-0.05277,0.998607,37.0,11.0,3.0,0.384391,1614454421.0,636018189.0,37.808172,-122.510823,15.021763,-0.894312,-0.447443,71.0,294.0,32.0,0.390977,306.43888888888887,14.746388888888887,10.0
1614454422.0,338124707.0,37.840562,-122.46241,4.19696,-0.052716,0.99861,37.0,11.0,3.0,0.381599,1614454422.0,636018189.0,37.808141,-122.510901,15.013283,-0.894273,-0.447522,71.0,294.0,32.0,0.388073,306.43333333333334,14.748333333333331,10.0
1614454423.0,338124707.0,37.840582,-122.462411,4.19274,-0.052653,0.998613,37.0,11.0,3.0,0.378811,1614454423.0,636018189.0,37.80811,-122.51098,15.004672,-0.89423,-0.447607,71.0,294.0,32.0,0.385171,306.4277777777778,14.75027777777778,10.0
1614454424.0,338124707.0,37.840601,-122.462412,4.188764,-0.05258,0.998617,37.0,11.0,3.0,0.376025,1614454424.0,636018189.0,37.808079,-122.511059,14.996217,-0.894188,-0.447691,71.0,294.0,32.0,0.38227,306.4222222222222,14.752222222222224,10.0
1614454425.0,338124707.0,37.840621,-122.462414,4.185031,-0.052497,0.998621,37.0,11.0,3.0,0.373242,1614454425.0,636018189.0,37.808048,-122.511137,14.987986,-0.894148,-0.447772,71.0,294.0,32.0,0.379372,306.4166666666667,14.754166666666666,10.0
1614454426.0,338124707.0,37.84064,-122.462415,4.181542,-0.052405,0.998626,37.0,11.0,3.0,0.370462,1614454426.0,636018189.0,37.808017,-122.511216,14.979981,-0.894108,-0.447851,71.0,294.0,32.0,0.376474,306.4111111111111,14.75611111111111,10.0
1614454427.0,338124707.0,37.840659,-122.462416,4.178295,-0.052304,0.998631,37.0,11.0,3.0,0.367684,1614454427.0,636018189.0,37.807986,-122.511294,14.972202,-0.89407,-0.447927,71.0,294.0,32.0,0.373579,306.4055555555556,14.758055555555554,10.0
1614454428.0,338124707.0,37.840678,-122.462418,4.175292,-0.052192,0.998637,37.0,11.0,3.0,0.364908,1614454428.0,636018189.0,37.807955,-122.511372,14.964648,-0.894033,-0.448001,71.0,294.0,32.0,0.370685,306.4,14.76,10.0
1614454429.0,338124707.0,37.840698,-122.462419,4.172533,-0.052072,0.998643,37.0,11.0,3.0,0.362134,1614454429.0,636018189.0,37.807924,-122.511451,14.95732,-0.893997,-0.448073,71.0,294.0,32.0,0.367792,306.39444444444445,14.761944444444444,10.0
1614454430.0,338124707.0,37.840717,-122.46242,4.170016,-0.051941,0.99865,37.0,11.0,3.0,0.359362,1614454430.0,636018189.0,37.807893,-122.511529,14.950217,-0.893963,-0.448142,71.0,294.0,32.0,0.364901,306.3888888888889,14.76388888888889,10.0
1614454431.0,338124707.0,37.840736,-122.462421,4.167743,-0.051801,0.998657,37.0,11.0,3.0,0.356592,1614454431.0,636018189.0,37.807862,-122.511607,14.943339,-0.893929,-0.448208,71.0,294.0,32.0,0.362011,306.3833333333333,14.765833333333331,10.0
1614454432.0,338124707.0,37.840756,-122.462423,4.165713,-0.051652,0.998665,37.0,11.0,3.0,0.353823,1614454432.0,636018189.0,37.807831,-122.511686,14.936687,-0.893897,-0.448272,71.0,294.0,32.0,0.359123,306.3777777777778,14.767777777777775,10.0
1614454433.0,338124707.0,37.840775,-122.462424,4.163926,-0.051493,0.998673,37.0,11.0,3.0,0.351055,1614454433.0,636018189.0,37.8078,-122.511764,14.93026,-0.893866,-0.448334,71.0,294.0,32.0,0.356236,306.3722222222222,14.76972222222222,10.0
1614454434.0,338124707.0,37.840794,-122.462425,4.162383,-0.051325,0.998682,37.0,11.0,3.0,0.348289,1614454434.0,636018189.0,37.807769,-122.511842,14.924059,-0.893836,-0.448393,71.0,294.0,32.0,0.35335,306.3666666666667,14.771666666666668,10.0
1614454435.0,338124707.0,37.840813,-122.462426,4.161083,-0.051147,0.998691,37.0,11.0,3.0,0.345524,1614454435.0,636018189.0,37.807738,-122.51192,14.918083,-0.893808,-0.44845,71.0,294.0,32.0,0.350465,306.3611111111111,14.773611111111112,10.0
1614454436.0,338124707.0,37.840833,-122.462428,4.160027,-0.050959,0.998701,37.0,11.0,3.0,0.342759,1614454436.0,636018189.0,37.807707,-122.511998,14.912333,-0.893781,-0.448504,71.0,294.0,32.0,0.347582,306.35555555555555,14.775555555555556,10.0
1614454437.0,338124707.0,37.840852,-122.462429,4.159214,-0.050762,0.998711,37.0,11.0,3.0,0.339996,1614454437.0,636018189.0,37.807676,-122.512076,14.906807,-0.893755,-0.448556,71.0,294.0,32.0,0.3447,306.35,14.7775,10.0
1614454438.0,338124707.0,37.840871,-122.46243,4.158644,-0.050556,0.998721,37.0,11.0,3.0,0.337233,1614454438.0,636018189.0,37.807645,-122.512154,14.901508,-0.89373,-0.448605,71.0,294.0,32.0,0.341819,306.34444444444443,14.779444444444444,10.0
1614454439.0,338124707.0,37.84089,-122.462431,4.158318,-0.05034,0.998732,37.0,11.0,3.0,0.33447,1614454439.0,636018189.0,37.807614,-122.512232,14.896433,-0.893707,-0.448652,71.0,294.0,32.0,0.338938,306.3388888888889,14.781388888888888,10.0
1614454440.0,338124707.0,37.840909,-122.462433,4.158236,-0.050115,0.998743,37.0,11.0,3.0,0.331708,1614454440.0,636018189.0,37.807583,-122.51231,14.891584,-0.893685,-0.448696,71.0,294.0,32.0,0.336059,306.3333333333333,14.783333333333331,10.0
1614454441.0,338124707.0,37.840929,-122.462434,4.158397,-0.04988,0.998755,37.0,11.0,3.0,0.328946,1614454441.0,636018189.0,37.807552,-122.512388,14.88696,-0.893664,-0.448737,71.0,294.0,32.0,0.333181,306.3277777777778,14.78527777777778,10.0
1614454442.0,338124707.0,37.840948,-122.462435,4.158801,-0.049637,0.998767,37.0,11.0,3.0,0.326183,1614454442.0,636018189.0,37.807521,-122.512466,14.882562,-0.893644,-0.448776,71.0,294.0,32.0,0.330304,306.3222222222222,14.787222222222224,10.0
1614454443.0,338124707.0,37.840967,-122.462436,4.159449,-0.049384,0.99878,37.0,11.0,3.0,0.323421,1614454443.0,636018189.0,37.80749,-122.512544,14.878389,-0.893626,-0.448813,71.0,294.0,32.0,0.327428,306.31666666666666,14.789166666666668,10.0
1614454444.0,338124707.0,37.840986,-122.462437,4.160341,-0.049122,0.998793,37.0,11.0,3.0,0.320658,1614454444.0,636018189.0,37.80746,-122.512622,14.874441,-0.893609,-0.448847,71.0,294.0,32.0,0.324552,306.3111111111112,14.79111111111111,10.0
1614454445.0,338124707.0,37.841005,-122.462439,4.161476,-0.04885,0.998806,37.0,11.0,3.0,0.317894,1614454445.0,636018189.0,37.807429,-122.512699,14.870719,-0.893593,-0.448879,71.0,294.0,32.0,0.321678,306.30555555555554,14.793055555555554,10.0
1614454446.0,338124707.0,37.841025,-122.46244,4.162855,-0.04857,0.99882,37.0,11.0,3.0,0.31513,1614454446.0,636018189.0,37.807398,-122.512777,14.867222,-0.893578,-0.448908,71.0,294.0,32.0,0.318804,306.3,14.795,10.0
1614454447.0,338124707.0,37.841044,-122.462441,4.164478,-0.04828,0.998834,37.0,11.0,3.0,0.312365,1614454447.0,636018189.0,37.807367,-122.512855,14.86395,-0.893565,-0.448934,71.0,294.0,32.0,0.31593,306.2944444444444,14.796944444444446,10.0
1614454448.0,338124707.0,37.841063,-122.462442,4.166345,-0.047982,0.998848,37.0,11.0,3.0,0.309598,1614454448.0,636018189.0,37.807336,-122.512933,14.860904,-0.893553,-0.448958,71.0,294.0,32.0,0.313058,306.2888888888889,14.79888888888889,10.0
1614454449.0,338124707.0,37.841082,-122.462443,4.168455,-0.047675,0.998863,37.0,11.0,3.0,0.306831,1614454449.0,636018189.0,37.807305,-122.513011,14.858083,-0.893542,-0.448979,71.0,294.0,32.0,0.310186,306.28333333333336,14.800833333333332,10.0
1614454450.0,338124707.0,37.841102,-122.462445,4.170809,-0.047359,0.998878,37.0,11.0,3.0,0.304062,1614454450.0,636018189.0,37.807274,-122.513088,14.855487,-0.893533,-0.448998,71.0,294.0,32.0,0.307314,306.27777777777777,14.802777777777775,10.0
1614454451.0,338124707.0,37.841121,-122.462446,4.173407,-0.047034,0.998893,37.0,11.0,3.0,0.301292,1614454451.0,636018189.0,37.807243,-122.513166,14.853117,-0.893524,-0.449015,71.0,294.0,32.0,0.304443,306.27222222222224,14.80472222222222,10.0
1614454452.0,338124707.0,37.84114,-122.462447,4.176248,-0.0467,0.998909,37.0,11.0,3.0,0.29852,1614454452.0,636018189.0,37.807213,-122.513244,14.850972,-0.893518,-0.449028,71.0,294.0,32.0,0.301573,306.26666666666665,14.806666666666668,10.0
1614454453.0,338124707.0,37.84116,-122.462448,4.179334,-0.046358,0.998925,37.0,11.0,3.0,0.295747,1614454453.0,636018189.0,37.807182,-122.513322,14.849052,-0.893512,-0.449039,71.0,294.0,32.0,0.298703,306.2611111111111,14.808611111111112,10.0
1614454454.0,338124707.0,37.841179,-122.462449,4.182664,-0.046007,0.998941,37.0,11.0,3.0,0.292971,1614454454.0,636018189.0,37.807151,-122.513399,14.847357,-0.893508,-0.449048,71.0,294.0,32.0,0.295833,306.2555555555556,14.810555555555556,10.0
1614454455.0,338124707.0,37.841198,-122.46245,4.186237,-0.045648,0.998958,37.0,11.0,3.0,0.290193,1614454455.0,636018189.0,37.80712,-122.513477,14.845888,-0.893505,-0.449054,71.0,294.0,32.0,0.292964,306.25,14.8125,10.0
1614454456.0,338124707.0,37.841218,-122.462451,4.190055,-0.045281,0.998974,37.0,11.0,3.0,0.287413,1614454456.0,636018189.0,37.807089,-122.513555,14.844644,-0.893503,-0.449058,71.0,294.0,32.0,0.290095,306.24444444444447,14.814444444444444,10.0
1614454457.0,338124707.0,37.841237,-122.462452,4.194117,-0.044905,0.998991,37.0,11.0,3.0,0.28463,1614454457.0,636018189.0,37.807058,-122.513632,14.843626,-0.893502,-0.449059,71.0,294.0,32.0,0.287226,306.2388888888889,14.816388888888888,10.0
1614454458.0,338124707.0,37.841256,-122.462454,4.198422,-0.044521,0.999008,37.0,11.0,3.0,0.281845,1614454458.0,636018189.0,37.807028,-122.51371,14.842832,-0.893503,-0.449057,71.0,294.0,32.0,0.284357,306.2333333333333,14.818333333333332,10.0
1614454459.0,338124707.0,37.841276,-122.462455,4.202972,-0.044129,0.999026,37.0,11.0,3.0,0.279057,1614454459.0,636018189.0,37.806997,-122.513788,14.842265,-0.893505,-0.449053,71.0,294.0,32.0,0.281489,306.22777777777776,14.820277777777775,10.0
1614454460.0,338124707.0,37.841295,-122.462456,4.207766,-0.043729,0.999043,37.0,11.0,3.0,0.276266,1614454460.0,636018189.0,37.806966,-122.513865,14.841922,-0.893509,-0.449046,71.0,294.0,32.0,0.27862,306.22222222222223,14.822222222222225,10.0
1614454461.0,338124707.0,37.841315,-122.462457,4.212805,-0.043321,0.999061,37.0,11.0,3.0,0.273472,1614454461.0,636018189.0,37.806935,-122.513943,14.841805,-0.893513,-0.449037,71.0,294.0,32.0,0.275752,306.21666666666664,14.824166666666668,10.0
1614454462.0,338124707.0,37.841334,-122.462458,4.218087,-0.042905,0.999079,37.0,11.0,3.0,0.270674,1614454462.0,636018189.0,37.806904,-122.514021,14.841913,-0.893519,-0.449025,71.0,294.0,32.0,0.272884,306.2111111111111,14.82611111111111,10.0
1614454463.0,338124707.0,37.841354,-122.462459,4.223614,-0.042481,0.999097,37.0,11.0,3.0,0.267874,1614454463.0,636018189.0,37.806873,-122.514098,14.842246,-0.893526,-0.449011,71.0,294.0,32.0,0.270015,306.2055555555556,14.828055555555554,10.0
1614454464.0,338124707.0,37.841373,-122.46246,4.229386,-0.04205,0.999115,37.0,11.0,3.0,0.265069,1614454464.0,636018189.0,37.806843,-122.514176,14.842804,-0.893535,-0.448994,71.0,294.0,32.0,0.267147,306.2,14.83,10.0
1614454465.0,338124707.0,37.841393,-122.462461,4.235401,-0.041612,0.999134,37.0,11.0,3.0,0.262261,1614454465.0,636018189.0,37.806812,-122.514253,14.843588,-0.893545,-0.448974,71.0,294.0,32.0,0.264279,306.19444444444446,14.831944444444444,10.0
1614454466.0,338124707.0,37.841412,-122.462462,4.241662,-0.041166,0.999152,37.0,11.0,3.0,0.259449,1614454466.0,636018189.0,37.806781,-122.514331,14.844598,-0.893556,-0.448952,71.0,294.0,32.0,0.26141,306.18888888888887,14.83388888888889,10.0
1614454467.0,338124707.0,37.841432,-122.462463,4.248166,-0.040712,0.999171,37.0,11.0,3.0,0.256633,1614454467.0,636018189.0,37.80675,-122.514409,14.845832,-0.893568,-0.448928,71.0,294.0,32.0,0.258541,306.18333333333334,14.835833333333332,10.0
1614454468.0,338124707.0,37.841451,-122.462464,4.254916,-0.040252,0.99919,37.0,11.0,3.0,0.253813,1614454468.0,636018189.0,37.806719,-122.514487,14.847292,-0.893582,-0.448901,71.0,294.0,32.0,0.255672,306.1777777777778,14.837777777777776,10.0
1614454469.0,338124707.0,37.841471,-122.462465,4.261909,-0.039784,0.999208,37.0,11.0,3.0,0.250988,1614454469.0,636018189.0,37.806688,-122.514564,14.848977,-0.893597,-0.448871,71.0,294.0,32.0,0.252803,306.1722222222222,14.83972222222222,10.0
1614454470.0,338124707.0,37.841491,-122.462466,4.269148,-0.03931,0.999227,37.0,11.0,3.0,0.248159,1614454470.0,636018189.0,37.806657,-122.514642,14.850888,-0.893613,-0.448839,71.0,294.0,32.0,0.249933,306.1666666666667,14.841666666666669,10.0
1614454471.0,338124707.0,37.841511,-122.462467,4.276631,-0.038828,0.999246,37.0,11.0,3.0,0.245325,1614454471.0,636018189.0,37.806627,-122.51472,14.853024,-0.89363,-0.448804,71.0,294.0,32.0,0.247063,306.1611111111111,14.84361111111111,10.0
1614454472.0,338124707.0,37.84153,-122.462468,4.284359,-0.03834,0.999265,37.0,11.0,3.0,0.242486,1614454472.0,636018189.0,37.806596,-122.514797,14.855385,-0.893649,-0.448767,71.0,294.0,32.0,0.244192,306.1555555555556,14.845555555555556,10.0
1614454473.0,338124707.0,37.84155,-122.462469,4.292332,-0.037846,0.999284,37.0,11.0,3.0,0.239643,1614454473.0,636018189.0,37.806565,-122.514875,14.857972,-0.893669,-0.448727,71.0,294.0,32.0,0.241321,306.15,14.8475,10.0
1614454474.0,338124707.0,37.84157,-122.46247,4.300473,-0.037353,0.999302,37.0,11.0,3.0,0.236794,1614454474.0,636018189.0,37.806534,-122.514953,14.860784,-0.89369,-0.448684,71.0,294.0,32.0,0.23845,306.14444444444445,14.849444444444444,10.0
1614454475.0,338124707.0,37.84159,-122.462471,4.308478,-0.036899,0.999319,37.0,11.0,3.0,0.23394,1614454475.0,636018189.0,37.806503,-122.515031,14.863821,-0.893713,-0.44864,71.0,294.0,32.0,0.235577,306.1388888888889,14.851388888888888,10.0
1614454476.0,338124707.0,37.84161,-122.462472,4.316271,-0.036492,0.999334,37.0,11.0,3.0,0.23108,1614454476.0,636018189.0,37.806472,-122.515108,14.867084,-0.893737,-0.448592,71.0,294.0,32.0,0.232705,306.1333333333333,14.853333333333332,10.0
1614454477.0,338124707.0,37.84163,-122.462473,4.323851,-0.036131,0.999347,37.0,11.0,3.0,0.228216,1614454477.0,636018189.0,37.806442,-122.515186,14.870572,-0.893762,-0.448542,71.0,294.0,32.0,0.229831,306.1277777777778,14.855277777777776,10.0
1614454478.0,338124707.0,37.84165,-122.462474,4.331218,-0.035816,0.999358,37.0,11.0,3.0,0.225347,1614454478.0,636018189.0,37.806411,-122.515264,14.874285,-0.893788,-0.44849,71.0,294.0,32.0,0.226957,306.1222222222222,14.857222222222225,10.0
1614454479.0,338124707.0,37.84167,-122.462475,4.338372,-0.035547,0.999368,37.0,11.0,3.0,0.222473,1614454479.0,636018189.0,37.80638,-122.515342,14.878224,-0.893816,-0.448435,71.0,294.0,32.0,0.224082,306.1166666666667,14.859166666666669,10.0
1614454480.0,338124707.0,37.84169,-122.462476,4.345312,-0.035324,0.999376,37.0,11.0,3.0,0.219594,1614454480.0,636018189.0,37.806349,-122.51542,14.882389,-0.893844,-0.448377,71.0,294.0,32.0,0.221207,306.1111111111111,14.86111111111111,10.0
1614454481.0,338124707.0,37.84171,-122.462476,4.35204,-0.035146,0.999382,37.0,11.0,3.0,0.216711,1614454481.0,636018189.0,37.806318,-122.515498,14.886778,-0.893875,-0.448317,71.0,294.0,32.0,0.21833,306.10555555555555,14.863055555555556,10.0
1614454482.0,338124707.0,37.84173,-122.462477,4.358553,-0.035013,0.999387,37.0,11.0,3.0,0.213824,1614454482.0,636018189.0,37.806287,-122.515576,14.891393,-0.893906,-0.448255,71.0,294.0,32.0,0.215453,306.1,14.865,10.0
1614454483.0,338124707.0,37.84175,-122.462478,4.364853,-0.034925,0.99939,37.0,11.0,3.0,0.210932,1614454483.0,636018189.0,37.806256,-122.515654,14.896234,-0.893939,-0.44819,71.0,294.0,32.0,0.212575,306.09444444444443,14.866944444444444,10.0
1614454484.0,338124707.0,37.84177,-122.462479,4.370939,-0.034882,0.999391,37.0,11.0,3.0,0.208036,1614454484.0,636018189.0,37.806225,-122.515731,14.9013,-0.893972,-0.448122,71.0,294.0,32.0,0.209696,306.0888888888889,14.86888888888889,10.0
1614454485.0,338124707.0,37.841791,-122.46248,4.376812,-0.034883,0.999391,37.0,11.0,3.0,0.205136,1614454485.0,636018189.0,37.806195,-122.515809,14.906591,-0.894007,-0.448052,71.0,294.0,32.0,0.206815,306.0833333333333,14.870833333333334,10.0
1614454486.0,338124707.0,37.841811,-122.462481,4.382471,-0.034929,0.99939,37.0,11.0,3.0,0.202233,1614454486.0,636018189.0,37.806164,-122.515888,14.912108,-0.894044,-0.44798,71.0,294.0,32.0,0.203934,306.0777777777778,14.872777777777776,10.0
1614454487.0,338124707.0,37.841831,-122.462482,4.387916,-0.035019,0.999387,37.0,11.0,3.0,0.199326,1614454487.0,636018189.0,37.806133,-122.515966,14.917851,-0.894081,-0.447905,71.0,294.0,32.0,0.201052,306.0722222222222,14.87472222222222,10.0
1614454488.0,338124707.0,37.841851,-122.462483,4.393148,-0.035153,0.999382,37.0,11.0,3.0,0.196415,1614454488.0,636018189.0,37.806102,-122.516044,14.923819,-0.89412,-0.447827,71.0,294.0,32.0,0.198168,306.06666666666666,14.876666666666669,10.0
1614454489.0,338124707.0,37.841872,-122.462484,4.398166,-0.03533,0.999376,37.0,11.0,3.0,0.193501,1614454489.0,636018189.0,37.806071,-122.516122,14.930012,-0.89416,-0.447747,71.0,294.0,32.0,0.195283,306.0611111111112,14.87861111111111,10.0
1614454490.0,338124707.0,37.841892,-122.462485,4.40297,-0.035551,0.999368,37.0,11.0,3.0,0.190583,1614454490.0,636018189.0,37.80604,-122.5162,14.936431,-0.894201,-0.447665,71.0,294.0,32.0,0.192397,306.05555555555554,14.880555555555556,10.0
1614454491.0,338124707.0,37.841912,-122.462485,4.407562,-0.035816,0.999358,37.0,11.0,3.0,0.187663,1614454491.0,636018189.0,37.806009,-122.516278,14.943075,-0.894244,-0.44758,71.0,294.0,32.0,0.18951,306.05,14.8825,10.0
1614454492.0,338124707.0,37.841933,-122.462486,4.41194,-0.036125,0.999347,37.0,11.0,3.0,0.184739,1614454492.0,636018189.0,37.805978,-122.516356,14.949945,-0.894287,-0.447493,71.0,294.0,32.0,0.186622,306.0444444444444,14.884444444444444,10.0
1614454493.0,338124707.0,37.841953,-122.462487,4.416105,-0.036477,0.999334,37.0,11.0,3.0,0.181813,1614454493.0,636018189.0,37.805947,-122.516435,14.95704,-0.894332,-0.447403,71.0,294.0,32.0,0.183732,306.0388888888889,14.886388888888888,10.0
1614454494.0,338124707.0,37.841974,-122.462488,4.420057,-0.036872,0.99932,37.0,11.0,3.0,0.178884,1614454494.0,636018189.0,37.805916,-122.516513,14.964361,-0.894378,-0.447311,71.0,294.0,32.0,0.18084,306.03333333333336,14.888333333333332,10.0
1614454495.0,338124707.0,37.841994,-122.462489,4.423797,-0.037311,0.999304,37.0,11.0,3.0,0.175952,1614454495.0,636018189.0,37.805885,-122.516591,14.971908,-0.894426,-0.447217,71.0,294.0,32.0,0.177947,306.02777777777777,14.890277777777778,10.0
1614454496.0,338124707.0,37.842014,-122.46249,4.427325,-0.037793,0.999286,37.0,11.0,3.0,0.173018,1614454496.0,636018189.0,37.805854,-122.51667,14.97968,-0.894474,-0.44712,71.0,294.0,32.0,0.175053,306.02222222222224,14.892222222222223,10.0
1614454497.0,338124707.0,37.842035,-122.462491,4.43064,-0.038318,0.999266,37.0,11.0,3.0,0.170081,1614454497.0,636018189.0,37.805823,-122.516748,14.987678,-0.894524,-0.44702,71.0,294.0,32.0,0.172157,306.01666666666665,14.894166666666669,10.0
1614454498.0,338124707.0,37.842055,-122.462492,4.433744,-0.038886,0.999244,37.0,11.0,3.0,0.167142,1614454498.0,636018189.0,37.805792,-122.516827,14.995901,-0.894575,-0.446918,71.0,294.0,32.0,0.16926,306.0111111111111,14.89611111111111,10.0
1614454499.0,338124707.0,37.842076,-122.462493,4.436637,-0.039497,0.99922,37.0,11.0,3.0,0.164202,1614454499.0,636018189.0,37.805761,-122.516905,15.00435,-0.894627,-0.446814,71.0,294.0,32.0,0.166361,306.0055555555556,14.898055555555556,10.0
1614454500.0,338124707.0,37.842096,-122.462494,4.439318,-0.040152,0.999194,37.0,11.0,3.0,0.161259,1614454500.0,636018189.0,37.80573,-122.516984,15.013024,-0.89468,-0.446708,71.0,294.0,32.0,0.16346,306.0,14.9,10.0
1614454501.0,338124707.0,37.842117,-122.462495,4.441789,-0.04085,0.999165,37.0,11.0,3.0,0.158314,1614454501.0,636018189.0,37.805699,-122.517063,15.021925,-0.894734,-0.446599,71.0,294.0,32.0,0.160557,305.99444444444447,14.901944444444444,10.0
1614454502.0,338124707.0,37.842137,-122.462496,4.444049,-0.041591,0.999135,37.0,11.0,3.0,0.155368,1614454502.0,636018189.0,37.805668,-122.517141,15.031051,-0.89479,-0.446488,71.0,294.0,32.0,0.157653,305.9888888888889,14.90388888888889,10.0
1614454503.0,338124707.0,37.842158,-122.462497,4.4461,-0.042375,0.999102,37.0,11.0,3.0,0.15242,1614454503.0,636018189.0,37.805637,-122.51722,15.040402,-0.894847,-0.446374,71.0,294.0,32.0,0.154747,305.9833333333333,14.905833333333334,10.0
1614454504.0,338124707.0,37.842179,-122.462498,4.447942,-0.043203,0.999066,37.0,11.0,3.0,0.149471,1614454504.0,636018189.0,37.805606,-122.517299,15.049979,-0.894904,-0.446258,71.0,294.0,32.0,0.151839,305.97777777777776,14.907777777777778,10.0
1614454505.0,338124707.0,37.842199,-122.4625,4.449574,-0.044074,0.999028,37.0,11.0,3.0,0.14652,1614454505.0,636018189.0,37.805575,-122.517378,15.059782,-0.894963,-0.44614,71.0,294.0,32.0,0.148929,305.97222222222223,14.90972222222222,10.0
1614454506.0,338124707.0,37.84222,-122.462501,4.450998,-0.044988,0.998988,37.0,11.0,3.0,0.143569,1614454506.0,636018189.0,37.805544,-122.517457,15.069811,-0.895024,-0.446019,71.0,294.0,32.0,0.146017,305.96666666666664,14.911666666666664,10.0
1614454507.0,338124707.0,37.84224,-122.462502,4.452215,-0.045946,0.998944,37.0,11.0,3.0,0.140616,1614454507.0,636018189.0,37.805513,-122.517536,15.080065,-0.895085,-0.445896,71.0,294.0,32.0,0.143103,305.9611111111111,14.913611111111113,10.0
1614454508.0,338124707.0,37.842261,-122.462503,4.453224,-0.046947,0.998897,37.0,11.0,3.0,0.137662,1614454508.0,636018189.0,37.805482,-122.517615,15.090546,-0.895147,-0.445771,71.0,294.0,32.0,0.140187,305.9555555555556,14.915555555555557,10.0
1614454509.0,338124707.0,37.842281,-122.462504,4.454026,-0.047993,0.998848,37.0,11.0,3.0,0.134708,1614454509.0,636018189.0,37.805451,-122.517694,15.101252,-0.895211,-0.445643,71.0,294.0,32.0,0.137269,305.95,14.9175,10.0
1614454510.0,338124707.0,37.842302,-122.462506,4.454623,-0.049082,0.998795,37.0,11.0,3.0,0.131753,1614454510.0,636018189.0,37.805419,-122.517773,15.112183,-0.895275,-0.445513,71.0,294.0,32.0,0.134349,305.94444444444446,14.919444444444444,10.0
1614454511.0,338124707.0,37.842323,-122.462507,4.455014,-0.050215,0.998738,37.0,11.0,3.0,0.128797,1614454511.0,636018189.0,37.805388,-122.517852,15.123341,-0.895341,-0.445381,71.0,294.0,32.0,0.131427,305.93888888888887,14.921388888888888,10.0
1614454512.0,338124707.0,37.842343,-122.462508,4.4552,-0.051392,0.998679,37.0,11.0,3.0,0.125841,1614454512.0,636018189.0,37.805357,-122.517931,15.134724,-0.895408,-0.445246,71.0,294.0,32.0,0.128502,305.93333333333334,14.923333333333332,10.0
1614454513.0,338124707.0,37.842364,-122.46251,4.455182,-0.052613,0.998615,37.0,11.0,3.0,0.122885,1614454513.0,636018189.0,37.805326,-122.518011,15.146334,-0.895476,-0.44511,71.0,294.0,32.0,0.125575,305.9277777777778,14.925277777777778,10.0
1614454514.0,338124707.0,37.842384,-122.462511,4.454961,-0.053879,0.998547,37.0,11.0,3.0,0.119929,1614454514.0,636018189.0,37.805295,-122.51809,15.158169,-0.895545,-0.444971,71.0,294.0,32.0,0.122646,305.9222222222222,14.927222222222223,10.0
1614454515.0,338124707.0,37.842405,-122.462512,4.454538,-0.055189,0.998476,37.0,11.0,3.0,0.116972,1614454515.0,636018189.0,37.805264,-122.51817,15.17023,-0.895615,-0.44483,71.0,294.0,32.0,0.119714,305.9166666666667,14.929166666666667,10.0
1614454516.0,338124707.0,37.842426,-122.462514,4.453912,-0.056544,0.9984,37.0,11.0,3.0,0.114016,1614454516.0,636018189.0,37.805232,-122.518249,15.182517,-0.895686,-0.444686,71.0,294.0,32.0,0.11678,305.9111111111111,14.931111111111113,10.0
1614454517.0,338124707.0,37.842446,-122.462515,4.453086,-0.057944,0.99832,37.0,11.0,3.0,0.11106,1614454517.0,636018189.0,37.805201,-122.518329,15.19503,-0.895759,-0.444541,71.0,294.0,32.0,0.113844,305.9055555555556,14.933055555555557,10.0
1614454518.0,338124707.0,37.842467,-122.462517,4.45206,-0.059389,0.998235,37.0,11.0,3.0,0.108104,1614454518.0,636018189.0,37.80517,-122.518409,15.207768,-0.895832,-0.444393,71.0,294.0,32.0,0.110905,305.9,14.935,10.0
1614454519.0,338124707.0,37.842487,-122.462518,4.450834,-0.060879,0.998145,37.0,11.0,3.0,0.105149,1614454519.0,636018189.0,37.805139,-122.518488,15.220733,-0.895906,-0.444243,71.0,294.0,32.0,0.107964,305.89444444444445,14.936944444444444,10.0
1614454520.0,338124707.0,37.842508,-122.46252,4.44941,-0.062415,0.99805,37.0,11.0,3.0,0.102194,1614454520.0,636018189.0,37.805107,-122.518568,15.233924,-0.895982,-0.44409,71.0,294.0,32.0,0.10502,305.8888888888889,14.93888888888889,10.0
1614454521.0,338124707.0,37.842528,-122.462521,4.447788,-0.063997,0.99795,37.0,11.0,3.0,0.09924,1614454521.0,636018189.0,37.805076,-122.518648,15.247341,-0.896058,-0.443936,71.0,294.0,32.0,0.102073,305.8833333333333,14.940833333333334,10.0
1614454522.0,338124707.0,37.842549,-122.462523,4.44597,-0.065625,0.997844,37.0,11.0,3.0,0.096287,1614454522.0,636018189.0,37.805045,-122.518728,15.260983,-0.896136,-0.44378,71.0,294.0,32.0,0.099124,305.8777777777778,14.942777777777778,10.0
1614454523.0,338124707.0,37.842569,-122.462525,4.443957,-0.067299,0.997733,37.0,11.0,3.0,0.093334,1614454523.0,636018189.0,37.805013,-122.518808,15.274852,-0.896215,-0.443621,71.0,294.0,32.0,0.096172,305.8722222222222,14.944722222222222,10.0
1614454524.0,338124707.0,37.84259,-122.462527,4.441749,-0.06902,0.997615,37.0,11.0,3.0,0.090383,1614454524.0,636018189.0,37.804982,-122.518888,15.288947,-0.896294,-0.44346,71.0,294.0,32.0,0.093217,305.8666666666667,14.946666666666664,10.0
1614454525.0,338124707.0,37.84261,-122.462528,4.439348,-0.070787,0.997491,37.0,11.0,3.0,0.087433,1614454525.0,636018189.0,37.804951,-122.518969,15.303268,-0.896375,-0.443297,71.0,294.0,32.0,0.090259,305.8611111111111,14.948611111111113,10.0
1614454526.0,338124707.0,37.842631,-122.46253,4.436755,-0.072602,0.997361,37.0,11.0,3.0,0.084484,1614454526.0,636018189.0,37.804919,-122.519049,15.317815,-0.896456,-0.443132,71.0,294.0,32.0,0.087299,305.85555555555555,14.950555555555557,10.0
1614454527.0,338124707.0,37.842651,-122.462532,4.43397,-0.074464,0.997224,37.0,11.0,3.0,0.081537,1614454527.0,636018189.0,37.804888,-122.519129,15.332588,-0.896539,-0.442965,71.0,294.0,32.0,0.084335,305.85,14.9525,10.0
1614454528.0,338124707.0,37.842672,-122.462534,4.430996,-0.076374,0.997079,37.0,11.0,3.0,0.078591,1614454528.0,636018189.0,37.804856,-122.51921,15.347588,-0.896623,-0.442796,71.0,294.0,32.0,0.081369,305.84444444444443,14.954444444444444,10.0
1614454529.0,338124707.0,37.842692,-122.462536,4.427832,-0.078332,0.996927,37.0,11.0,3.0,0.075646,1614454529.0,636018189.0,37.804825,-122.51929,15.362813,-0.896707,-0.442624,71.0,294.0,32.0,0.0784,305.8388888888889,14.956388888888888,10.0
1614454530.0,338124707.0,37.842713,-122.462538,4.424482,-0.080339,0.996768,37.0,11.0,3.0,0.072704,1614454530.0,636018189.0,37.804794,-122.519371,15.378265,-0.896793,-0.442451,71.0,294.0,32.0,0.075427,305.8333333333333,14.958333333333332,10.0
1614454531.0,338124707.0,37.842733,-122.46254,4.420945,-0.082394,0.9966,37.0,11.0,3.0,0.069763,1614454531.0,636018189.0,37.804762,-122.519452,15.393943,-0.896879,-0.442276,71.0,294.0,32.0,0.072452,305.8277777777778,14.960277777777778,10.0
1614454532.0,338124707.0,37.842753,-122.462542,4.417223,-0.084498,0.996424,37.0,11.0,3.0,0.066824,1614454532.0,636018189.0,37.804731,-122.519533,15.409847,-0.896967,-0.442098,71.0,294.0,32.0,0.069473,305.8222222222222,14.962222222222222,10.0
1614454533.0,338124707.0,37.842774,-122.462544,4.413317,-0.086652,0.996239,37.0,11.0,3.0,0.063887,1614454533.0,636018189.0,37.804699,-122.519614,15.425978,-0.897055,-0.441919,71.0,294.0,32.0,0.066492,305.81666666666666,14.964166666666667,10.0
1614454534.0,338124707.0,37.842794,-122.462547,4.409229,-0.088856,0.996045,37.0,11.0,3.0,0.060953,1614454534.0,636018189.0,37.804668,-122.519695,15.442334,-0.897144,-0.441737,71.0,294.0,32.0,0.063507,305.8111111111112,14.966111111111111,10.0
1614454535.0,338124707.0,37.842814,-122.462549,4.40496,-0.09111,0.995841,37.0,11.0,3.0,0.05802,1614454535.0,636018189.0,37.804636,-122.519776,15.458917,-0.897235,-0.441554,71.0,294.0,32.0,0.060519,305.80555555555554,14.968055555555557,10.0
1614454536.0,338124707.0,37.842835,-122.462551,4.400512,-0.093414,0.995627,37.0,11.0,3.0,0.05509,1614454536.0,636018189.0,37.804604,-122.519857,15.475727,-0.897326,-0.441368,71.0,294.0,32.0,0.057527,305.8,14.97,10.0
1614454537.0,338124707.0,37.842855,-122.462554,4.395886,-0.09577,0.995404,37.0,11.0,3.0,0.052163,1614454537.0,636018189.0,37.804573,-122.519938,15.492763,-0.897418,-0.441181,71.0,294.0,32.0,0.054532,305.7944444444444,14.971944444444444,10.0
1614454538.0,338124707.0,37.842875,-122.462556,4.391084,-0.098177,0.995169,37.0,11.0,3.0,0.049238,1614454538.0,636018189.0,37.804541,-122.52002,15.510025,-0.897511,-0.440992,71.0,294.0,32.0,0.051534,305.7888888888889,14.973888888888888,10.0
1614454539.0,338124707.0,37.842896,-122.462559,4.386107,-0.100636,0.994923,37.0,11.0,3.0,0.046315,1614454539.0,636018189.0,37.804509,-122.520101,15.527513,-0.897605,-0.440801,71.0,294.0,32.0,0.048532,305.78333333333336,14.975833333333334,10.0
1614454540.0,338124707.0,37.842916,-122.462561,4.380957,-0.103147,0.994666,37.0,11.0,3.0,0.043396,1614454540.0,636018189.0,37.804478,-122.520183,15.545228,-0.8977,-0.440607,71.0,294.0,32.0,0.045527,305.77777777777777,14.977777777777778,10.0
1614454541.0,338124707.0,37.842936,-122.462564,4.375636,-0.105711,0.994397,37.0,11.0,3.0,0.040479,1614454541.0,636018189.0,37.804446,-122.520265,15.56317,-0.897796,-0.440412,71.0,294.0,32.0,0.042518,305.77222222222224,14.979722222222222,10.0
1614454542.0,338124707.0,37.842956,-122.462567,4.370145,-0.108328,0.994115,37.0,11.0,3.0,0.037566,1614454542.0,636018189.0,37.804414,-122.520346,15.581337,-0.897892,-0.440215,71.0,294.0,32.0,0.039506,305.76666666666665,14.981666666666666,10.0
1614454543.0,338124707.0,37.842976,-122.462569,4.364486,-0.110998,0.993821,37.0,11.0,3.0,0.034655,1614454543.0,636018189.0,37.804383,-122.520428,15.599732,-0.89799,-0.440016,71.0,294.0,32.0,0.03649,305.7611111111111,14.983611111111111,10.0
1614454544.0,338124707.0,37.842996,-122.462572,4.358661,-0.113723,0.993512,37.0,11.0,3.0,0.031748,1614454544.0,636018189.0,37.804351,-122.52051,15.618353,-0.898088,-0.439816,71.0,294.0,32.0,0.03347,305.7555555555556,14.985555555555557,10.0
1614454545.0,338124707.0,37.843016,-122.462575,4.352672,-0.116502,0.99319,37.0,11.0,3.0,0.028843,1614454545.0,636018189.0,37.804319,-122.520593,15.6372,-0.898187,-0.439613,71.0,294.0,32.0,0.030447,305.75,14.9875,10.0
1614454546.0,338124707.0,37.843036,-122.462578,4.34652,-0.119337,0.992854,37.0,11.0,3.0,0.025943,1614454546.0,636018189.0,37.804287,-122.520675,15.656274,-0.898287,-0.439409,71.0,294.0,32.0,0.02742,305.74444444444447,14.989444444444445,10.0
1614454547.0,338124707.0,37.843056,-122.462581,4.340208,-0.122227,0.992502,37.0,11.0,3.0,0.023045,1614454547.0,636018189.0,37.804256,-122.520757,15.675575,-0.898388,-0.439203,71.0,294.0,32.0,0.024389,305.7388888888889,14.991388888888888,10.0
1614454548.0,338124707.0,37.843076,-122.462584,4.333738,-0.125173,0.992135,37.0,11.0,3.0,0.020151,1614454548.0,636018189.0,37.804224,-122.52084,15.695102,-0.89849,-0.438995,71.0,294.0,32.0,0.021354,305.7333333333333,14.993333333333332,10.0
1614454549.0,338124707.0,37.843096,-122.462588,4.327111,-0.128176,0.991751,37.0,11.0,3.0,0.017261,1614454549.0,636018189.0,37.804192,-122.520922,15.714856,-0.898592,-0.438785,71.0,294.0,32.0,0.018316,305.72777777777776,14.995277777777778,10.0
1614454550.0,338124707.0,37.843116,-122.462591,4.320331,-0.131236,0.991351,37.0,11.0,3.0,0.014374,1614454550.0,636018189.0,37.80416,-122.521005,15.734836,-0.898695,-0.438573,71.0,294.0,32.0,0.015273,305.72222222222223,14.997222222222222,10.0
1614454551.0,338124707.0,37.843136,-122.462594,4.313398,-0.134353,0.990933,37.0,11.0,3.0,0.011492,1614454551.0,636018189.0,37.804128,-122.521088,15.755044,-0.8988,-0.43836,71.0,294.0,32.0,0.012227,305.71666666666664,14.999166666666667,10.0
1614454552.0,338124707.0,37.843155,-122.462597,4.306315,-0.137529,0.990498,37.0,11.0,3.0,0.008613,1614454552.0,636018189.0,37.804096,-122.521171,15.775478,-0.898904,-0.438145,71.0,294.0,32.0,0.009176,305.7111111111111,15.001111111111111,10.0
1614454553.0,338124707.0,37.843175,-122.462601,4.299085,-0.140763,0.990043,37.0,11.0,3.0,0.005738,1614454553.0,636018189.0,37.804064,-122.521254,15.796138,-0.89901,-0.437928,71.0,294.0,32.0,0.006122,305.7055555555556,15.003055555555555,10.0
1614454554.0,338124707.0,37.843195,-122.462605,4.29171,-0.144057,0.989569,37.0,11.0,3.0,0.002867,1614454554.0,636018189.0,37.804032,-122.521337,15.817026,-0.899116,-0.43771,71.0,294.0,32.0,0.003063,305.7,15.005,10.0
1614454555.0,338124707.0,37.843214,-122.462608,4.29171,-0.144057,0.989569,37.0,11.0,3.0,0.0,1614454555.0,636018189.0,37.804,-122.52142,15.817026,-0.899116,-0.43771,71.0,294.0,32.0,0.0,305.69444444444446,15.006944444444445,10.0
